{
    "animation": [
        {
            "name": "Root",
            "time": [0.0, 0.0333, 0.0667, 0.1, 0.1333, 0.1667, 0.2, 0.2333, 0.2667, 0.3, 0.3333, 0.3667, 0.4, 0.4333, 0.4667, 0.5, 0.5333],
            "transform": [
                [6.2, 0.0, 0.0, 0.0, 0.0, 6.2, 0.0, -0.420508, 0.0, 0.0, 6.2, 0.612668, 0.0, 0.0, 0.0, 1.0],
                [6.2, 0.0, 0.0, 0.0, 0.0, 6.2, 0.0, -0.420508, 0.0, 0.0, 6.2, 0.617892, 0.0, 0.0, 0.0, 1.0],
                [6.2, 0.0, 0.0, 0.0, 0.0, 6.2, 0.0, -0.420508, 0.0, 0.0, 6.2, 0.631895, 0.0, 0.0, 0.0, 1.0],
                [6.2, 0.0, 0.0, 0.0, 0.0, 6.2, 0.0, -0.420508, 0.0, 0.0, 6.2, 0.652167, 0.0, 0.0, 0.0, 1.0],
                [6.2, 0.0, 0.0, 0.0, 0.0, 6.2, 0.0, -0.420508, 0.0, 0.0, 6.2, 0.676201, 0.0, 0.0, 0.0, 1.0],
                [6.2, 0.0, 0.0, 0.0, 0.0, 6.2, 0.0, -0.420508, 0.0, 0.0, 6.2, 0.70149, 0.0, 0.0, 0.0, 1.0],
                [6.2, 0.0, 0.0, 0.0, 0.0, 6.2, 0.0, -0.420508, 0.0, 0.0, 6.2, 0.725524, 0.0, 0.0, 0.0, 1.0],
                [6.2, 0.0, 0.0, 0.0, 0.0, 6.2, 0.0, -0.420508, 0.0, 0.0, 6.2, 0.745796, 0.0, 0.0, 0.0, 1.0],
                [6.2, 0.0, 0.0, 0.0, 0.0, 6.2, 0.0, -0.420508, 0.0, 0.0, 6.2, 0.759799, 0.0, 0.0, 0.0, 1.0],
                [6.2, 0.0, 0.0, 0.0, 0.0, 6.2, 0.0, -0.420508, 0.0, 0.0, 6.2, 0.765024, 0.0, 0.0, 0.0, 1.0],
                [6.2, 0.0, 0.0, 0.0, 0.0, 6.2, 0.0, -0.420508, 0.0, 0.0, 6.2, 0.756584, 0.0, 0.0, 0.0, 1.0],
                [6.2, 0.0, 0.0, 0.0, 0.0, 6.2, 0.0, -0.420508, 0.0, 0.0, 6.2, 0.734819, 0.0, 0.0, 0.0, 1.0],
                [6.2, 0.0, 0.0, 0.0, 0.0, 6.2, 0.0, -0.420508, 0.0, 0.0, 6.2, 0.705058, 0.0, 0.0, 0.0, 1.0],
                [6.2, 0.0, 0.0, 0.0, 0.0, 6.2, 0.0, -0.420508, 0.0, 0.0, 6.2, 0.672633, 0.0, 0.0, 0.0, 1.0],
                [6.2, 0.0, 0.0, 0.0, 0.0, 6.2, 0.0, -0.420508, 0.0, 0.0, 6.2, 0.642872, 0.0, 0.0, 0.0, 1.0],
                [6.2, 0.0, 0.0, 0.0, 0.0, 6.2, 0.0, -0.420508, 0.0, 0.0, 6.2, 0.621107, 0.0, 0.0, 0.0, 1.0],
                [6.2, 0.0, 0.0, 0.0, 0.0, 6.2, 0.0, -0.420508, 0.0, 0.0, 6.2, 0.612668, 0.0, 0.0, 0.0, 1.0]
            ]
        },
        {
            "name": "Torso",
            "time": [0.0, 0.0333, 0.0667, 0.1, 0.1333, 0.1667, 0.2, 0.2333, 0.2667, 0.3, 0.3333, 0.3667, 0.4, 0.4333, 0.4667, 0.5, 0.5333],
            "transform": [
                [0.99383, 0.068595, 0.087156, 0.0, -0.061016, 0.994353, -0.086824, 0.0288, -0.092619, 0.08097, 0.992404, -0.0, 0.0, 0.0, 0.0, 1.0],
                [0.99383, 0.068595, 0.087156, 0.0, -0.062203, 0.995313, -0.074044, 0.0288, -0.091826, 0.068166, 0.993439, -0.0, 0.0, 0.0, 0.0, 1.0],
                [0.99383, 0.068595, 0.087156, 0.0, -0.06534, 0.997074, -0.039669, 0.0288, -0.089622, 0.03373, 0.995404, -0.0, 0.0, 0.0, 0.0, 1.0],
                [0.99383, 0.068595, 0.087156, 0.0, -0.069753, 0.997511, 0.010315, 0.0288, -0.086231, -0.01633, 0.996141, 0.0, 0.0, 0.0, 0.0, 1.0],
                [0.99383, 0.068595, 0.087156, 0.0, -0.074769, 0.994764, 0.069673, 0.0288, -0.08192, -0.07576, 0.993755, -0.0, 0.0, 0.0, 0.0, 1.0],
                [0.99383, 0.068595, 0.087156, 0.0, -0.079764, 0.988047, 0.131914, 0.0288, -0.077065, -0.138052, 0.987422, -0.0, 0.0, 0.0, 0.0, 1.0],
                [0.99383, 0.068595, 0.087156, 0.0, -0.084216, 0.978061, 0.190536, 0.0288, -0.072174, -0.196701, 0.977803, 0.0, 0.0, 0.0, 0.0, 1.0],
                [0.99383, 0.068595, 0.087156, 0.0, -0.08773, 0.966962, 0.239347, 0.0288, -0.067858, -0.245517, 0.967014, -0.0, 0.0, 0.0, 0.0, 1.0],
                [0.99383, 0.068595, 0.087156, 0.0, -0.090023, 0.9579, 0.272622, 0.0288, -0.064786, -0.278786, 0.958166, -0.0, 0.0, 0.0, 0.0, 1.0],
                [0.99383, 0.068595, 0.087156, 0.0, -0.090849, 0.954233, 0.284932, 0.0288, -0.063622, -0.291092, 0.954577, -0.0, 0.0, 0.0, 0.0, 1.0],
                [0.99383, 0.068595, 0.087156, 0.0, -0.090775, 0.95457, 0.283822, 0.0288, -0.063728, -0.289983, 0.954908, 0.0, 0.0, 0.0, 0.0, 1.0],
                [0.99383, 0.068595, 0.087156, 0.0, -0.090253, 0.956899, 0.276042, 0.0288, -0.064464, -0.282205, 0.957186, -0.0, 0.0, 0.0, 0.0, 1.0],
                [0.99383, 0.068594, 0.087156, 0.0, -0.088806, 0.962906, 0.254806, 0.0288, -0.066444, -0.260974, 0.963056, 0.0, 0.0, 0.0, 0.0, 1.0],
                [0.99383, 0.068594, 0.087156, 0.0, -0.085855, 0.973272, 0.213001, 0.0288, -0.070216, -0.21917, 0.973157, -0.0, 0.0, 0.0, 0.0, 1.0],
                [0.99383, 0.068595, 0.087156, 0.0, -0.078137, 0.990714, 0.111266, 0.0288, -0.078714, -0.11739, 0.989961, -0.0, 0.0, 0.0, 0.0, 1.0],
                [0.99383, 0.068595, 0.087156, 0.0, -0.06697, 0.997525, -0.021428, 0.0288, -0.08841, 0.015458, 0.995964, -0.0, 0.0, 0.0, 0.0, 1.0],
                [0.99383, 0.068595, 0.087156, 0.0, -0.061016, 0.994353, -0.086824, 0.0288, -0.092619, 0.08097, 0.992404, -0.0, 0.0, 0.0, 0.0, 1.0]
            ]
        },
        {
            "name": "Chest",
            "time": [0.0, 0.0333, 0.0667, 0.1, 0.1333, 0.1667, 0.2, 0.2333, 0.2667, 0.3, 0.3333, 0.3667, 0.4, 0.4333, 0.4667, 0.5, 0.5333],
            "transform": [
                [0.988707, -0.129237, -0.075865, -0.0, 0.129288, 0.991598, -0.004259, 0.0672, 0.075778, -0.005597, 0.997109, -0.0, 0.0, 0.0, 0.0, 1.0],
                [0.989211, -0.126187, -0.074418, 0.0, 0.124163, 0.99177, -0.03125, 0.0672, 0.077749, 0.021673, 0.996737, -0.0, 0.0, 0.0, 0.0, 1.0],
                [0.990362, -0.118738, -0.0713, -0.0, 0.111704, 0.989128, -0.09565, 0.0672, 0.081882, 0.086764, 0.992858, 0.0, 0.0, 0.0, 0.0, 1.0],
                [0.991634, -0.109578, -0.06822, 0.0, 0.096491, 0.980342, -0.172103, 0.0672, 0.085738, 0.164081, 0.982714, 0.0, 0.0, 0.0, 0.0, 1.0],
                [0.992607, -0.101737, -0.066197, 0.0, 0.083553, 0.968318, -0.235329, 0.0672, 0.088041, 0.228058, 0.969659, 0.0, 0.0, 0.0, 0.0, 1.0],
                [0.992987, -0.098416, -0.065502, 0.0, 0.078098, 0.962035, -0.261513, 0.0672, 0.088752, 0.254564, 0.962975, -0.0, 0.0, 0.0, 0.0, 1.0],
                [0.992914, -0.09888, -0.065917, 0.0, 0.079325, 0.964493, -0.251916, 0.0672, 0.088486, 0.244902, 0.965502, -0.0, 0.0, 0.0, 0.0, 1.0],
                [0.992707, -0.100208, -0.067017, -0.0, 0.082679, 0.970506, -0.226458, 0.0672, 0.087733, 0.219266, 0.971713, -0.0, 0.0, 0.0, 0.0, 1.0],
                [0.992386, -0.1023, -0.068598, -0.0, 0.087658, 0.977838, -0.190127, 0.0672, 0.086527, 0.182666, 0.97936, -0.0, 0.0, 0.0, 0.0, 1.0],
                [0.991966, -0.105064, -0.070456, 0.0, 0.093759, 0.984522, -0.148074, 0.0672, 0.084923, 0.140278, 0.986463, 0.0, 0.0, 0.0, 0.0, 1.0],
                [0.991465, -0.10844, -0.072368, 0.0, 0.10049, 0.989309, -0.105687, 0.0672, 0.083055, 0.097512, 0.991763, -0.0, 0.0, 0.0, 0.0, 1.0],
                [0.990898, -0.112406, -0.07407, 0.0, 0.107394, 0.991854, -0.068499, 0.0672, 0.081166, 0.059921, 0.994898, -0.0, 0.0, 0.0, 0.0, 1.0],
                [0.990294, -0.116876, -0.075221, -0.0, 0.114049, 0.992634, -0.04086, 0.0672, 0.079442, 0.031885, 0.99633, 0.0, 0.0, 0.0, 0.0, 1.0],
                [0.989708, -0.121382, -0.075797, -0.0, 0.120019, 0.992521, -0.022308, 0.0672, 0.077938, 0.012981, 0.996874, 0.0, 0.0, 0.0, 0.0, 1.0],
                [0.9892, -0.125343, -0.075972, 0.0, 0.124856, 0.992112, -0.011154, 0.0672, 0.076771, 0.001548, 0.997048, -0.0, 0.0, 0.0, 0.0, 1.0],
                [0.988842, -0.128163, -0.075928, -0.0, 0.128101, 0.991745, -0.005702, 0.0672, 0.076032, -0.004088, 0.997097, 0.0, 0.0, 0.0, 0.0, 1.0],
                [0.988707, -0.129237, -0.075865, -0.0, 0.129288, 0.991598, -0.004259, 0.0672, 0.075778, -0.005597, 0.997109, -0.0, 0.0, 0.0, 0.0, 1.0]
            ]
        },
        {
            "name": "Shoulder_FR",
            "time": [0.0, 0.0333, 0.0667, 0.1, 0.1333, 0.1667, 0.2, 0.2333, 0.2667, 0.3, 0.3333, 0.3667, 0.4, 0.4333, 0.4667, 0.5, 0.5333],
            "transform": [
                [0.359856, 0.324445, 0.87478, 0.0, -0.924807, 0.0, 0.380435, 0.048, 0.12343, -0.945904, 0.300049, -0.0, 0.0, 0.0, 0.0, 1.0],
                [0.359856, 0.324445, 0.874779, 0.0, -0.924807, 0.0, 0.380435, 0.048, 0.12343, -0.945904, 0.300049, -0.0, 0.0, 0.0, 0.0, 1.0],
                [0.359856, 0.324445, 0.87478, -0.0, -0.924808, 0.0, 0.380435, 0.048, 0.12343, -0.945905, 0.300049, -0.0, 0.0, 0.0, 0.0, 1.0],
                [0.359856, 0.324445, 0.87478, 0.0, -0.924808, 0.0, 0.380435, 0.048, 0.12343, -0.945904, 0.300049, -0.0, 0.0, 0.0, 0.0, 1.0],
                [0.359856, 0.324445, 0.87478, -0.0, -0.924807, 1e-06, 0.380436, 0.048, 0.12343, -0.945905, 0.300049, 0.0, 0.0, 0.0, 0.0, 1.0],
                [0.359856, 0.324445, 0.87478, 0.0, -0.924807, 0.0, 0.380435, 0.048, 0.12343, -0.945904, 0.300049, -0.0, 0.0, 0.0, 0.0, 1.0],
                [0.359856, 0.324445, 0.874779, -0.0, -0.924808, 0.0, 0.380436, 0.048, 0.12343, -0.945904, 0.300049, -0.0, 0.0, 0.0, 0.0, 1.0],
                [0.359856, 0.324445, 0.87478, -0.0, -0.924808, 0.0, 0.380436, 0.048, 0.12343, -0.945905, 0.300049, -0.0, 0.0, 0.0, 0.0, 1.0],
                [0.359856, 0.324445, 0.874779, -0.0, -0.924807, 0.0, 0.380435, 0.048, 0.12343, -0.945904, 0.300049, -0.0, 0.0, 0.0, 0.0, 1.0],
                [0.359856, 0.324445, 0.87478, 0.0, -0.924808, 0.0, 0.380436, 0.048, 0.12343, -0.945904, 0.300049, -0.0, 0.0, 0.0, 0.0, 1.0],
                [0.359856, 0.324445, 0.87478, -0.0, -0.924808, 0.0, 0.380436, 0.048, 0.12343, -0.945905, 0.300049, -0.0, 0.0, 0.0, 0.0, 1.0],
                [0.359856, 0.324445, 0.87478, 0.0, -0.924807, 1e-06, 0.380435, 0.048, 0.12343, -0.945905, 0.300049, 0.0, 0.0, 0.0, 0.0, 1.0],
                [0.359856, 0.324445, 0.87478, -0.0, -0.924808, 0.0, 0.380436, 0.048, 0.12343, -0.945905, 0.300049, -0.0, 0.0, 0.0, 0.0, 1.0],
                [0.359856, 0.324445, 0.87478, 0.0, -0.924808, 0.0, 0.380435, 0.048, 0.12343, -0.945904, 0.300049, -0.0, 0.0, 0.0, 0.0, 1.0],
                [0.359856, 0.324445, 0.87478, -0.0, -0.924808, 0.0, 0.380436, 0.048, 0.12343, -0.945905, 0.300049, 0.0, 0.0, 0.0, 0.0, 1.0],
                [0.359856, 0.324445, 0.874779, 0.0, -0.924807, 0.0, 0.380435, 0.048, 0.12343, -0.945904, 0.300049, -0.0, 0.0, 0.0, 0.0, 1.0],
                [0.359856, 0.324445, 0.87478, 0.0, -0.924807, 0.0, 0.380435, 0.048, 0.12343, -0.945904, 0.300049, -0.0, 0.0, 0.0, 0.0, 1.0]
            ]
        },
        {
            "name": "Thigh_FR",
            "time": [0.0, 0.0333, 0.0667, 0.1, 0.1333, 0.1667, 0.2, 0.2333, 0.2667, 0.3, 0.3333, 0.3667, 0.4, 0.4333, 0.4667, 0.5, 0.5333],
            "transform": [
                [0.823743, 0.428101, 0.371721, -0.0, -0.556102, 0.737793, 0.382639, 0.030447, -0.110445, -0.52191, 0.84582, 0.0, 0.0, 0.0, 0.0, 1.0],
                [0.878758, 0.308477, 0.364179, 0.0, -0.443649, 0.809283, 0.385015, 0.030447, -0.175956, -0.499903, 0.848019, 0.0, 0.0, 0.0, 0.0, 1.0],
                [0.918716, 0.17123, 0.355866, 0.0, -0.311475, 0.86815, 0.386392, 0.030447, -0.242783, -0.465828, 0.850917, -0.0, 0.0, 0.0, 0.0, 1.0],
                [0.937684, 0.018556, 0.346992, -0.0, -0.160974, 0.908159, 0.386438, 0.030447, -0.307954, -0.418214, 0.854553, -0.0, 0.0, 0.0, 0.0, 1.0],
                [0.837386, -0.44188, 0.321756, 0.0, 0.318573, 0.87286, 0.369629, 0.030447, -0.44418, -0.207019, 0.871692, -0.0, 0.0, 0.0, 0.0, 1.0],
                [0.532142, -0.787937, 0.309807, 0.0, 0.710992, 0.614558, 0.341774, 0.030447, -0.459691, 0.038398, 0.887249, -0.0, 0.0, 0.0, 0.0, 1.0],
                [0.158613, -0.936727, 0.312065, 0.0, 0.913442, 0.259196, 0.313754, 0.030447, -0.374788, 0.235288, 0.896757, 0.0, 0.0, 0.0, 0.0, 1.0],
                [0.333975, -0.884349, 0.32617, 0.0, 0.840263, 0.436126, 0.322105, 0.030447, -0.427105, 0.166494, 0.888742, 0.0, 0.0, 0.0, 0.0, 1.0],
                [0.500334, -0.795265, 0.342372, 0.0, 0.729874, 0.600115, 0.327332, 0.030447, -0.465778, 0.086113, 0.880701, -0.0, 0.0, 0.0, 0.0, 1.0],
                [0.646488, -0.672767, 0.359775, -0.0, 0.586894, 0.739853, 0.328898, 0.030447, -0.487452, -0.001479, 0.873149, -0.0, 0.0, 0.0, 0.0, 1.0],
                [0.763272, -0.524469, 0.377291, 0.0, 0.420217, 0.846572, 0.3267, 0.030447, -0.490748, -0.090817, 0.866556, 0.0, 0.0, 0.0, 0.0, 1.0],
                [0.858246, -0.352651, 0.372894, -0.0, 0.22839, 0.913071, 0.337846, 0.030447, -0.459621, -0.20479, 0.864182, 0.0, 0.0, 0.0, 0.0, 1.0],
                [0.915575, -0.155773, 0.370751, 0.0, 0.017705, 0.936651, 0.349816, 0.030447, -0.401757, -0.313719, 0.860332, 0.0, 0.0, 0.0, 0.0, 1.0],
                [0.927031, 0.052796, 0.371251, -0.0, -0.196763, 0.911282, 0.361731, 0.030447, -0.319216, -0.408384, 0.855175, -0.0, 0.0, 0.0, 0.0, 1.0],
                [0.890982, 0.256866, 0.374395, 0.0, -0.398234, 0.838176, 0.372653, 0.030447, -0.218087, -0.481124, 0.849092, -0.0, 0.0, 0.0, 0.0, 1.0],
                [0.812971, 0.441404, 0.379791, -0.0, -0.572377, 0.725668, 0.381824, 0.030447, -0.107064, -0.527795, 0.842597, -0.0, 0.0, 0.0, 0.0, 1.0],
                [0.703752, 0.595934, 0.386776, -0.0, -0.71043, 0.586607, 0.388821, 0.030447, 0.004826, -0.548411, 0.836195, 0.0, 0.0, 0.0, 0.0, 1.0]
            ]
        },
        {
            "name": "Leg_FR",
            "time": [0.0, 0.0333, 0.0667, 0.1, 0.1333, 0.1667, 0.2, 0.2333, 0.2667, 0.3, 0.3333, 0.3667, 0.4, 0.4333, 0.4667, 0.5, 0.5333],
            "transform": [
                [0.708224, 0.704017, 0.052716, -0.0, -0.699608, 0.70988, -0.081357, 0.0384, -0.094699, 0.020739, 0.99529, -0.0, 0.0, 0.0, 0.0, 1.0],
                [0.798592, 0.59969, 0.051209, 0.0, -0.596249, 0.799866, -0.068565, 0.0384, -0.082078, 0.024222, 0.996332, -0.0, 0.0, 0.0, 0.0, 1.0],
                [0.874762, 0.482182, 0.047887, -0.0, -0.479631, 0.875687, -0.055914, 0.0384, -0.068895, 0.025943, 0.997287, -0.0, 0.0, 0.0, 0.0, 1.0],
                [0.934037, 0.354603, 0.042797, -0.0, -0.352833, 0.934661, -0.043787, 0.0384, -0.055527, 0.025798, 0.998124, -0.0, 0.0, 0.0, 0.0, 1.0],
                [0.97467, 0.220719, 0.036087, -0.0, -0.2196, 0.975047, -0.03254, 0.0384, -0.042369, 0.023792, 0.998819, 0.0, 0.0, 0.0, 0.0, 1.0],
                [0.996023, 0.084588, 0.028, 0.0, -0.083972, 0.996215, -0.022475, 0.0384, -0.029795, 0.020035, 0.999355, -0.0, 0.0, 0.0, 0.0, 1.0],
                [0.988701, 0.146485, 0.031828, -0.0, -0.145659, 0.988969, -0.026888, 0.0384, -0.035416, 0.021948, 0.999132, -0.0, 0.0, 0.0, 0.0, 1.0],
                [0.977408, 0.208375, 0.035405, 0.0, -0.207307, 0.977766, -0.031573, 0.0384, -0.041197, 0.02352, 0.998874, 0.0, 0.0, 0.0, 0.0, 1.0],
                [0.962116, 0.269879, 0.038701, -0.0, -0.26854, 0.962577, -0.036508, 0.0384, -0.047105, 0.024732, 0.998584, 0.0, 0.0, 0.0, 0.0, 1.0],
                [0.942846, 0.330612, 0.041691, 0.0, -0.328971, 0.94342, -0.041667, 0.0384, -0.053108, 0.02557, 0.998261, 0.0, 0.0, 0.0, 0.0, 1.0],
                [0.919666, 0.390189, 0.044354, -0.0, -0.388219, 0.920367, -0.047021, 0.0384, -0.059169, 0.026025, 0.997909, 0.0, 0.0, 0.0, 0.0, 1.0],
                [0.892696, 0.448237, 0.04667, -0.0, -0.445911, 0.893534, -0.052539, 0.0384, -0.065251, 0.026091, 0.997528, 0.0, 0.0, 0.0, 0.0, 1.0],
                [0.862101, 0.504397, 0.048626, -0.0, -0.501692, 0.863087, -0.058186, 0.0384, -0.071317, 0.025768, 0.997121, -0.0, 0.0, 0.0, 0.0, 1.0],
                [0.828092, 0.558339, 0.050211, -0.0, -0.555233, 0.829235, -0.063928, 0.0384, -0.07733, 0.02506, 0.996691, 0.0, 0.0, 0.0, 0.0, 1.0],
                [0.790917, 0.609759, 0.05142, 0.0, -0.606233, 0.792224, -0.069728, 0.0384, -0.083253, 0.023976, 0.99624, -0.0, 0.0, 0.0, 0.0, 1.0],
                [0.750858, 0.658393, 0.052254, -0.0, -0.654432, 0.752337, -0.075549, 0.0384, -0.089054, 0.02253, 0.995772, 0.0, 0.0, 0.0, 0.0, 1.0],
                [0.708224, 0.704017, 0.052716, 0.0, -0.699608, 0.70988, -0.081357, 0.0384, -0.094699, 0.020739, 0.99529, -0.0, 0.0, 0.0, 0.0, 1.0]
            ]
        },
        {
            "name": "Shoulder_FL",
            "time": [0.0, 0.0333, 0.0667, 0.1, 0.1333, 0.1667, 0.2, 0.2333, 0.2667, 0.3, 0.3333, 0.3667, 0.4, 0.4333, 0.4667, 0.5, 0.5333],
            "transform": [
                [0.537518, -0.324445, -0.778338, 0.0, 0.82285, 0.0, 0.568258, 0.048, -0.184368, -0.945904, 0.26697, -0.0, 0.0, 0.0, 0.0, 1.0],
                [0.550028, -0.321921, -0.770608, 0.0, 0.8275, 0.085502, 0.554917, 0.048, -0.112751, -0.942898, 0.313418, -0.0, 0.0, 0.0, 0.0, 1.0],
                [0.56251, -0.318116, -0.763141, -0.0, 0.825801, 0.171035, 0.537401, 0.048, -0.040432, -0.932496, 0.35891, -0.0, 0.0, 0.0, 0.0, 1.0],
                [0.574821, -0.313052, -0.756029, 0.0, 0.817662, 0.255612, 0.51584, 0.048, 0.031765, -0.914692, 0.402902, -0.0, 0.0, 0.0, 0.0, 1.0],
                [0.586817, -0.30678, -0.749355, -0.0, 0.803141, 0.338252, 0.490459, 0.048, 0.103008, -0.889647, 0.444879, 0.0, 0.0, 0.0, 0.0, 1.0],
                [0.598362, -0.299378, -0.743193, 0.0, 0.78244, 0.418018, 0.461572, 0.048, 0.172484, -0.857691, 0.484371, -0.0, 0.0, 0.0, 0.0, 1.0],
                [0.609333, -0.290949, -0.737606, -0.0, 0.7559, 0.494054, 0.429566, 0.048, 0.239435, -0.819304, 0.520971, -0.0, 0.0, 0.0, 0.0, 1.0],
                [0.602826, -0.296123, -0.740887, -0.0, 0.772501, 0.448925, 0.44912, 0.048, 0.199607, -0.843077, 0.499378, -0.0, 0.0, 0.0, 0.0, 1.0],
                [0.596095, -0.300944, -0.744381, -0.0, 0.78706, 0.402337, 0.467612, 0.048, 0.158768, -0.864614, 0.476692, -0.0, 0.0, 0.0, 0.0, 1.0],
                [0.589166, -0.305386, -0.748079, 0.0, 0.799486, 0.354464, 0.484951, 0.048, 0.11707, -0.883795, 0.45299, -0.0, 0.0, 0.0, 0.0, 1.0],
                [0.582065, -0.309429, -0.751967, -0.0, 0.809706, 0.30549, 0.501052, 0.048, 0.074678, -0.900516, 0.428362, -0.0, 0.0, 0.0, 0.0, 1.0],
                [0.574821, -0.313052, -0.756029, 0.0, 0.817662, 0.255612, 0.51584, 0.048, 0.031765, -0.914692, 0.402902, 0.0, 0.0, 0.0, 0.0, 1.0],
                [0.567463, -0.31624, -0.760248, -0.0, 0.823318, 0.205036, 0.529251, 0.048, -0.011492, -0.926257, 0.376716, -0.0, 0.0, 0.0, 0.0, 1.0],
                [0.560023, -0.318979, -0.764609, 0.0, 0.826655, 0.153974, 0.541233, 0.048, -0.054913, -0.935171, 0.349915, -0.0, 0.0, 0.0, 0.0, 1.0],
                [0.552531, -0.321263, -0.76909, -0.0, 0.827673, 0.102638, 0.551745, 0.048, -0.098318, -0.941412, 0.322611, 0.0, 0.0, 0.0, 0.0, 1.0],
                [0.545019, -0.323085, -0.773673, 0.0, 0.826392, 0.051243, 0.560759, 0.048, -0.141527, -0.944982, 0.294923, -0.0, 0.0, 0.0, 0.0, 1.0],
                [0.537518, -0.324445, -0.778338, 0.0, 0.82285, 0.0, 0.568258, 0.048, -0.184368, -0.945904, 0.26697, -0.0, 0.0, 0.0, 0.0, 1.0]
            ]
        },
        {
            "name": "Thigh_FL",
            "time": [0.0, 0.0333, 0.0667, 0.1, 0.1333, 0.1667, 0.2, 0.2333, 0.2667, 0.3, 0.3333, 0.3667, 0.4, 0.4333, 0.4667, 0.5, 0.5333],
            "transform": [
                [0.998694, -0.050974, 0.003478, 0.0, 0.047518, 0.951675, 0.303407, 0.030447, -0.018776, -0.302846, 0.952855, 0.0, 0.0, 0.0, 0.0, 1.0],
                [0.993538, -0.112866, 0.011961, 0.0, 0.101645, 0.931716, 0.348674, 0.030447, -0.050498, -0.345205, 0.937168, 0.0, 0.0, 0.0, 0.0, 1.0],
                [0.984263, -0.175837, 0.017521, -0.0, 0.1548, 0.90581, 0.394393, 0.030447, -0.08522, -0.385474, 0.918775, 0.0, 0.0, 0.0, 0.0, 1.0],
                [0.970742, -0.239295, 0.019941, -0.0, 0.206382, 0.873902, 0.440116, 0.030447, -0.122744, -0.423124, 0.89772, -0.0, 0.0, 0.0, 0.0, 1.0],
                [0.999321, 0.030215, 0.021065, -0.0, -0.035076, 0.955173, 0.293964, 0.030447, -0.011238, -0.294503, 0.955585, -0.0, 0.0, 0.0, 0.0, 1.0],
                [0.95243, 0.303943, -0.022267, 0.0, -0.298016, 0.944153, 0.140577, 0.030447, 0.063751, -0.127254, 0.989819, 0.0, 0.0, 0.0, 0.0, 1.0],
                [0.834617, 0.54073, -0.105001, 0.0, -0.54348, 0.839417, 0.002857, 0.030447, 0.089685, 0.054681, 0.994468, -0.0, 0.0, 0.0, 0.0, 1.0],
                [0.669845, 0.711761, -0.211433, -0.0, -0.739356, 0.665573, -0.10181, 0.030447, 0.06826, 0.224521, 0.972075, -0.0, 0.0, 0.0, 0.0, 1.0],
                [0.628621, 0.740066, -0.239034, 0.0, -0.776209, 0.616135, -0.133706, 0.030447, 0.048325, 0.269591, 0.961762, 0.0, 0.0, 0.0, 0.0, 1.0],
                [0.585887, 0.764763, -0.268094, -0.0, -0.809982, 0.56315, -0.16368, 0.030447, 0.025801, 0.313049, 0.949386, -0.0, 0.0, 0.0, 0.0, 1.0],
                [0.541979, 0.785636, -0.298388, -0.0, -0.840392, 0.507027, -0.191482, 0.030447, 0.000856, 0.354542, 0.93504, -0.0, 0.0, 0.0, 0.0, 1.0],
                [0.497251, 0.802533, -0.329668, 0.0, -0.867208, 0.448226, -0.216898, 0.030447, -0.026302, 0.393744, 0.918844, -0.0, 0.0, 0.0, 0.0, 1.0],
                [0.664441, 0.712087, -0.226828, 0.0, -0.746408, 0.647468, -0.153818, 0.030447, 0.037332, 0.271509, 0.961711, -0.0, 0.0, 0.0, 0.0, 1.0],
                [0.812733, 0.567284, -0.132872, 0.0, -0.57799, 0.81375, -0.061142, 0.030447, 0.07344, 0.126491, 0.989246, 0.0, 0.0, 0.0, 0.0, 1.0],
                [0.92393, 0.377987, -0.058994, 0.0, -0.375119, 0.925388, 0.054254, 0.030447, 0.0751, -0.027997, 0.996783, -0.0, 0.0, 0.0, 0.0, 1.0],
                [0.98636, 0.164094, -0.012951, -0.0, -0.159117, 0.970667, 0.18024, 0.030447, 0.042147, -0.175721, 0.983537, 0.0, 0.0, 0.0, 0.0, 1.0],
                [0.998694, -0.050974, 0.003478, 0.0, 0.047518, 0.951675, 0.303407, 0.030447, -0.018776, -0.302846, 0.952855, 0.0, 0.0, 0.0, 0.0, 1.0]
            ]
        },
        {
            "name": "Leg_FL",
            "time": [0.0, 0.0333, 0.0667, 0.1, 0.1333, 0.1667, 0.2, 0.2333, 0.2667, 0.3, 0.3333, 0.3667, 0.4, 0.4333, 0.4667, 0.5, 0.5333],
            "transform": [
                [0.516338, -0.796133, -0.315544, -0.0, 0.778409, 0.28269, 0.560506, 0.0384, -0.357036, -0.535032, 0.76568, 0.0, 0.0, 0.0, 0.0, 1.0],
                [0.59533, -0.756881, -0.269653, 0.0, 0.747329, 0.398352, 0.531804, 0.0384, -0.295095, -0.518119, 0.80279, -0.0, 0.0, 0.0, 0.0, 1.0],
                [0.672482, -0.70478, -0.22595, 0.0, 0.70246, 0.51166, 0.494727, 0.0384, -0.233064, -0.491416, 0.839162, 0.0, 0.0, 0.0, 0.0, 1.0],
                [0.745546, -0.640027, -0.185814, -0.0, 0.643716, 0.619348, 0.449485, 0.0384, -0.172599, -0.454723, 0.873748, -0.0, 0.0, 0.0, 0.0, 1.0],
                [0.812257, -0.563529, -0.150578, -0.0, 0.571759, 0.718104, 0.39676, 0.0384, -0.115455, -0.408365, 0.905488, -0.0, 0.0, 0.0, 0.0, 1.0],
                [0.870532, -0.476902, -0.121407, -0.0, 0.488021, 0.804862, 0.337689, 0.0384, -0.063329, -0.353218, 0.933395, 0.0, 0.0, 0.0, 0.0, 1.0],
                [0.918672, -0.382371, -0.099173, 0.0, 0.394625, 0.877101, 0.273797, 0.0384, -0.017707, -0.290666, 0.956661, -0.0, 0.0, 0.0, 0.0, 1.0],
                [0.955524, -0.282585, -0.08438, -0.0, 0.294216, 0.933083, 0.206867, 0.0384, 0.020276, -0.222492, 0.974724, 0.0, 0.0, 0.0, 0.0, 1.0],
                [0.98057, -0.180373, -0.077118, 0.0, 0.189708, 0.971983, 0.138778, 0.0384, 0.049926, -0.150712, 0.987316, 0.0, 0.0, 0.0, 0.0, 1.0],
                [0.993929, -0.078498, -0.077091, -0.0, 0.084029, 0.993906, 0.071341, 0.0384, 0.071021, -0.077385, 0.994468, -0.0, 0.0, 0.0, 0.0, 1.0],
                [0.974624, -0.209659, -0.078435, -0.0, 0.219813, 0.962622, 0.158242, 0.0384, 0.042326, -0.171467, 0.98428, 0.0, 0.0, 0.0, 0.0, 1.0],
                [0.935893, -0.340085, -0.091907, -0.0, 0.352285, 0.903154, 0.245375, 0.0384, -0.000442, -0.262023, 0.965062, 0.0, 0.0, 0.0, 0.0, 1.0],
                [0.878063, -0.463823, -0.11779, -0.0, 0.475213, 0.81612, 0.328817, 0.0384, -0.056382, -0.344697, 0.937019, 0.0, 0.0, 0.0, 0.0, 1.0],
                [0.803198, -0.575122, -0.155265, -0.0, 0.582802, 0.704663, 0.404712, 0.0384, -0.123349, -0.415552, 0.901167, 0.0, 0.0, 0.0, 0.0, 1.0],
                [0.71488, -0.669286, -0.20249, -0.0, 0.670567, 0.574099, 0.469841, 0.0384, -0.198209, -0.471664, 0.859213, -0.0, 0.0, 0.0, 0.0, 1.0],
                [0.617657, -0.74331, -0.256884, -0.0, 0.735933, 0.431105, 0.522064, 0.0384, -0.277312, -0.511506, 0.813302, 0.0, 0.0, 0.0, 0.0, 1.0],
                [0.516338, -0.796133, -0.315544, -0.0, 0.778409, 0.28269, 0.560506, 0.0384, -0.357036, -0.535032, 0.76568, 0.0, 0.0, 0.0, 0.0, 1.0]
            ]
        },
        {
            "name": "Head",
            "time": [0.0, 0.0333, 0.0667, 0.1, 0.1333, 0.1667, 0.2, 0.2333, 0.2667, 0.3, 0.3333, 0.3667, 0.4, 0.4333, 0.4667, 0.5, 0.5333],
            "transform": [
                [0.999971, -0.007585, 0.000576, 0.0, 0.007607, 0.996195, -0.086823, 0.048, 8.4e-05, 0.086825, 0.996223, -0.0, 0.0, 0.0, 0.0, 1.0],
                [0.999971, -0.007585, 0.000576, 0.0, 0.007607, 0.996195, -0.086823, 0.048, 8.4e-05, 0.086825, 0.996224, -0.0, 0.0, 0.0, 0.0, 1.0],
                [0.999971, -0.007585, 0.000576, -0.0, 0.007607, 0.996195, -0.086823, 0.048, 8.4e-05, 0.086825, 0.996224, -0.0, 0.0, 0.0, 0.0, 1.0],
                [0.999971, -0.007585, 0.000576, 0.0, 0.007607, 0.996195, -0.086823, 0.048, 8.4e-05, 0.086825, 0.996224, -0.0, 0.0, 0.0, 0.0, 1.0],
                [0.999971, -0.007585, 0.000576, -0.0, 0.007607, 0.996195, -0.086823, 0.048, 8.4e-05, 0.086825, 0.996224, 0.0, 0.0, 0.0, 0.0, 1.0],
                [0.999971, -0.007585, 0.000576, 0.0, 0.007607, 0.996195, -0.086823, 0.048, 8.4e-05, 0.086825, 0.996223, -0.0, 0.0, 0.0, 0.0, 1.0],
                [0.999971, -0.007585, 0.000576, -0.0, 0.007607, 0.996195, -0.086823, 0.048, 8.4e-05, 0.086825, 0.996224, -0.0, 0.0, 0.0, 0.0, 1.0],
                [0.999971, -0.007585, 0.000576, -0.0, 0.007607, 0.996195, -0.086823, 0.048, 8.4e-05, 0.086825, 0.996224, -0.0, 0.0, 0.0, 0.0, 1.0],
                [0.999971, -0.007585, 0.000576, -0.0, 0.007607, 0.996195, -0.086823, 0.048, 8.4e-05, 0.086825, 0.996224, -0.0, 0.0, 0.0, 0.0, 1.0],
                [0.999971, -0.007585, 0.000576, 0.0, 0.007607, 0.996195, -0.086823, 0.048, 8.4e-05, 0.086825, 0.996224, -0.0, 0.0, 0.0, 0.0, 1.0],
                [0.999971, -0.007585, 0.000576, -0.0, 0.007607, 0.996195, -0.086823, 0.048, 8.4e-05, 0.086825, 0.996224, -0.0, 0.0, 0.0, 0.0, 1.0],
                [0.999971, -0.007585, 0.000576, 0.0, 0.007607, 0.996195, -0.086823, 0.048, 8.4e-05, 0.086825, 0.996224, 0.0, 0.0, 0.0, 0.0, 1.0],
                [0.999971, -0.007585, 0.000576, -0.0, 0.007607, 0.996195, -0.086823, 0.048, 8.4e-05, 0.086825, 0.996224, -0.0, 0.0, 0.0, 0.0, 1.0],
                [0.999971, -0.007585, 0.000576, 0.0, 0.007607, 0.996195, -0.086823, 0.048, 8.4e-05, 0.086825, 0.996223, -0.0, 0.0, 0.0, 0.0, 1.0],
                [0.999971, -0.007585, 0.000576, -0.0, 0.007607, 0.996195, -0.086823, 0.048, 8.4e-05, 0.086825, 0.996224, 0.0, 0.0, 0.0, 0.0, 1.0],
                [0.999971, -0.007585, 0.000576, 0.0, 0.007607, 0.996195, -0.086823, 0.048, 8.4e-05, 0.086825, 0.996224, -0.0, 0.0, 0.0, 0.0, 1.0],
                [0.999971, -0.007585, 0.000576, 0.0, 0.007607, 0.996195, -0.086823, 0.048, 8.4e-05, 0.086825, 0.996223, -0.0, 0.0, 0.0, 0.0, 1.0]
            ]
        },
        {
            "name": "Snout",
            "time": [0.0, 0.0333, 0.0667, 0.1, 0.1333, 0.1667, 0.2, 0.2333, 0.2667, 0.3, 0.3333, 0.3667, 0.4, 0.4333, 0.4667, 0.5, 0.5333],
            "transform": [
                [1.0, 0.0, 0.0, 0.0, 0.0, 1.0, -0.0, 0.0234, -0.0, 0.0, 1.0, 0.0, 0.0, 0.0, 0.0, 1.0],
                [1.0, -0.0, 0.0, -0.0, 0.0, 1.0, -0.0, 0.0234, 0.0, 0.0, 1.0, 0.0, 0.0, 0.0, 0.0, 1.0],
                [1.0, -0.0, 0.0, 0.0, -0.0, 1.0, -0.0, 0.0234, -0.0, -0.0, 1.0, 0.0, 0.0, 0.0, 0.0, 1.0],
                [1.0, 0.0, 0.0, 0.0, -0.0, 1.0, 0.0, 0.0234, -0.0, 0.0, 1.0, -0.0, 0.0, 0.0, 0.0, 1.0],
                [1.0, 0.0, 0.0, 0.0, 0.0, 1.0, 0.0, 0.0234, 0.0, 0.0, 1.0, 0.0, 0.0, 0.0, 0.0, 1.0],
                [1.0, -0.0, 0.0, -0.0, -0.0, 1.0, 0.0, 0.0234, -0.0, -0.0, 1.0, -0.0, 0.0, 0.0, 0.0, 1.0],
                [1.0, 0.0, -0.0, -0.0, 0.0, 1.0, -0.0, 0.0234, 0.0, 0.0, 1.0, 0.0, 0.0, 0.0, 0.0, 1.0],
                [1.0, 0.0, -0.0, 0.0, 0.0, 1.0, 0.0, 0.0234, 0.0, 0.0, 1.0, 0.0, 0.0, 0.0, 0.0, 1.0],
                [1.0, 0.0, -0.0, -0.0, 0.0, 1.0, 0.0, 0.0234, -0.0, -0.0, 1.0, 0.0, 0.0, 0.0, 0.0, 1.0],
                [1.0, 0.0, -0.0, 0.0, -0.0, 1.0, -0.0, 0.0234, 0.0, -0.0, 1.0, -0.0, 0.0, 0.0, 0.0, 1.0],
                [1.0, 0.0, 0.0, 0.0, -0.0, 1.0, -0.0, 0.0234, 0.0, 0.0, 1.0, -0.0, 0.0, 0.0, 0.0, 1.0],
                [1.0, -0.0, 0.0, -0.0, -0.0, 1.0, -0.0, 0.0234, 0.0, -0.0, 1.0, 0.0, 0.0, 0.0, 0.0, 1.0],
                [1.0, 0.0, -0.0, 0.0, 0.0, 1.0, -0.0, 0.0234, 0.0, -0.0, 1.0, -0.0, 0.0, 0.0, 0.0, 1.0],
                [1.0, -0.0, -0.0, 0.0, 0.0, 1.0, -0.0, 0.0234, 0.0, 0.0, 1.0, 0.0, 0.0, 0.0, 0.0, 1.0],
                [1.0, 0.0, -0.0, 0.0, -0.0, 1.0, -0.0, 0.0234, 0.0, 0.0, 1.0, -0.0, 0.0, 0.0, 0.0, 1.0],
                [1.0, 0.0, 0.0, 0.0, 0.0, 1.0, -0.0, 0.0234, 0.0, 0.0, 1.0, 0.0, 0.0, 0.0, 0.0, 1.0],
                [1.0, 0.0, 0.0, 0.0, 0.0, 1.0, -0.0, 0.0234, -0.0, 0.0, 1.0, 0.0, 0.0, 0.0, 0.0, 1.0]
            ]
        },
        {
            "name": "Jaw",
            "time": [0.0, 0.0333, 0.0667, 0.1, 0.1333, 0.1667, 0.2, 0.2333, 0.2667, 0.3, 0.3333, 0.3667, 0.4, 0.4333, 0.4667, 0.5, 0.5333],
            "transform": [
                [1.0, 0.0, 0.0, 0.0, -0.0, 0.913288, 0.407314, 0.0234, -0.0, -0.407314, 0.913288, 0.0, 0.0, 0.0, 0.0, 1.0],
                [1.0, -0.0, 0.0, -0.0, -0.0, 0.913288, 0.407314, 0.0234, -0.0, -0.407314, 0.913288, 0.0, 0.0, 0.0, 0.0, 1.0],
                [1.0, 0.0, 0.0, 0.0, -0.0, 0.913288, 0.407314, 0.0234, -0.0, -0.407314, 0.913288, 0.0, 0.0, 0.0, 0.0, 1.0],
                [1.0, -0.0, 0.0, 0.0, -0.0, 0.913288, 0.407314, 0.0234, -0.0, -0.407314, 0.913288, -0.0, 0.0, 0.0, 0.0, 1.0],
                [1.0, 0.0, 0.0, 0.0, -0.0, 0.913288, 0.407314, 0.0234, -0.0, -0.407314, 0.913288, 0.0, 0.0, 0.0, 0.0, 1.0],
                [1.0, -0.0, 0.0, -0.0, -0.0, 0.913288, 0.407314, 0.0234, -0.0, -0.407314, 0.913288, -0.0, 0.0, 0.0, 0.0, 1.0],
                [1.0, -0.0, 0.0, -0.0, -0.0, 0.913288, 0.407314, 0.0234, -0.0, -0.407314, 0.913288, 0.0, 0.0, 0.0, 0.0, 1.0],
                [1.0, 0.0, 0.0, 0.0, -0.0, 0.913288, 0.407314, 0.0234, -0.0, -0.407314, 0.913288, 0.0, 0.0, 0.0, 0.0, 1.0],
                [1.0, 0.0, 0.0, -0.0, -0.0, 0.913288, 0.407314, 0.0234, -0.0, -0.407314, 0.913288, 0.0, 0.0, 0.0, 0.0, 1.0],
                [1.0, 0.0, 0.0, 0.0, -0.0, 0.913288, 0.407314, 0.0234, -0.0, -0.407314, 0.913288, -0.0, 0.0, 0.0, 0.0, 1.0],
                [1.0, -0.0, 0.0, 0.0, -0.0, 0.913288, 0.407314, 0.0234, -0.0, -0.407314, 0.913288, -0.0, 0.0, 0.0, 0.0, 1.0],
                [1.0, -0.0, 0.0, -0.0, -0.0, 0.913288, 0.407314, 0.0234, -0.0, -0.407314, 0.913288, 0.0, 0.0, 0.0, 0.0, 1.0],
                [1.0, 0.0, 0.0, 0.0, -0.0, 0.913288, 0.407314, 0.0234, -0.0, -0.407314, 0.913288, -0.0, 0.0, 0.0, 0.0, 1.0],
                [1.0, -0.0, 0.0, 0.0, -0.0, 0.913288, 0.407314, 0.0234, -0.0, -0.407314, 0.913288, 0.0, 0.0, 0.0, 0.0, 1.0],
                [1.0, 0.0, 0.0, 0.0, -0.0, 0.913288, 0.407314, 0.0234, -0.0, -0.407314, 0.913288, -0.0, 0.0, 0.0, 0.0, 1.0],
                [1.0, -0.0, 0.0, 0.0, -0.0, 0.913288, 0.407314, 0.0234, -0.0, -0.407314, 0.913288, 0.0, 0.0, 0.0, 0.0, 1.0],
                [1.0, 0.0, 0.0, 0.0, -0.0, 0.913288, 0.407314, 0.0234, -0.0, -0.407314, 0.913288, 0.0, 0.0, 0.0, 0.0, 1.0]
            ]
        },
        {
            "name": "Ear_L",
            "time": [0.0, 0.0333, 0.0667, 0.1, 0.1333, 0.1667, 0.2, 0.2333, 0.2667, 0.3, 0.3333, 0.3667, 0.4, 0.4333, 0.4667, 0.5, 0.5333],
            "transform": [
                [0.893078, -0.054898, 0.446539, -0.01554, 0.447214, -0.0, -0.894427, 0.014053, 0.049102, 0.998492, 0.024551, 0.024077, 0.0, 0.0, 0.0, 1.0],
                [0.893078, -0.054898, 0.446539, -0.01554, 0.447214, -0.0, -0.894427, 0.014053, 0.049102, 0.998492, 0.024551, 0.024077, 0.0, 0.0, 0.0, 1.0],
                [0.893078, -0.054898, 0.446539, -0.01554, 0.447214, -0.0, -0.894427, 0.014053, 0.049102, 0.998492, 0.024551, 0.024077, 0.0, 0.0, 0.0, 1.0],
                [0.893078, -0.054898, 0.446539, -0.01554, 0.447214, -0.0, -0.894427, 0.014053, 0.049102, 0.998492, 0.024551, 0.024077, 0.0, 0.0, 0.0, 1.0],
                [0.893078, -0.054898, 0.446539, -0.01554, 0.447214, -0.0, -0.894427, 0.014053, 0.049102, 0.998492, 0.024551, 0.024077, 0.0, 0.0, 0.0, 1.0],
                [0.893078, -0.054898, 0.446539, -0.01554, 0.447214, -0.0, -0.894427, 0.014053, 0.049102, 0.998492, 0.024551, 0.024077, 0.0, 0.0, 0.0, 1.0],
                [0.893078, -0.054898, 0.446539, -0.01554, 0.447214, -0.0, -0.894427, 0.014053, 0.049102, 0.998492, 0.024551, 0.024077, 0.0, 0.0, 0.0, 1.0],
                [0.893078, -0.054898, 0.446539, -0.01554, 0.447214, -0.0, -0.894427, 0.014053, 0.049102, 0.998492, 0.024551, 0.024077, 0.0, 0.0, 0.0, 1.0],
                [0.893078, -0.054898, 0.446539, -0.01554, 0.447214, -0.0, -0.894427, 0.014053, 0.049102, 0.998492, 0.024551, 0.024077, 0.0, 0.0, 0.0, 1.0],
                [0.893078, -0.054898, 0.446539, -0.01554, 0.447214, -0.0, -0.894427, 0.014053, 0.049102, 0.998492, 0.024551, 0.024077, 0.0, 0.0, 0.0, 1.0],
                [0.893078, -0.054898, 0.446539, -0.01554, 0.447214, -0.0, -0.894427, 0.014053, 0.049102, 0.998492, 0.024551, 0.024077, 0.0, 0.0, 0.0, 1.0],
                [0.893078, -0.054898, 0.446539, -0.01554, 0.447214, -0.0, -0.894427, 0.014053, 0.049102, 0.998492, 0.024551, 0.024077, 0.0, 0.0, 0.0, 1.0],
                [0.893078, -0.054898, 0.446539, -0.01554, 0.447214, -0.0, -0.894427, 0.014053, 0.049102, 0.998492, 0.024551, 0.024077, 0.0, 0.0, 0.0, 1.0],
                [0.893078, -0.054898, 0.446539, -0.01554, 0.447214, -0.0, -0.894427, 0.014053, 0.049102, 0.998492, 0.024551, 0.024077, 0.0, 0.0, 0.0, 1.0],
                [0.893078, -0.054898, 0.446539, -0.01554, 0.447214, -0.0, -0.894427, 0.014053, 0.049102, 0.998492, 0.024551, 0.024077, 0.0, 0.0, 0.0, 1.0],
                [0.893078, -0.054898, 0.446539, -0.01554, 0.447214, -0.0, -0.894427, 0.014053, 0.049102, 0.998492, 0.024551, 0.024077, 0.0, 0.0, 0.0, 1.0],
                [0.893078, -0.054898, 0.446539, -0.01554, 0.447214, -0.0, -0.894427, 0.014053, 0.049102, 0.998492, 0.024551, 0.024077, 0.0, 0.0, 0.0, 1.0]
            ]
        },
        {
            "name": "Ear_R",
            "time": [0.0, 0.0333, 0.0667, 0.1, 0.1333, 0.1667, 0.2, 0.2333, 0.2667, 0.3, 0.3333, 0.3667, 0.4, 0.4333, 0.4667, 0.5, 0.5333],
            "transform": [
                [0.893959, -0.032336, -0.44698, 0.016051, -0.447214, 0.0, -0.894427, 0.012723, 0.028922, 0.999477, -0.014461, 0.024084, 0.0, 0.0, 0.0, 1.0],
                [0.893959, -0.032336, -0.44698, 0.016051, -0.447214, 0.0, -0.894427, 0.012723, 0.028922, 0.999477, -0.014461, 0.024084, 0.0, 0.0, 0.0, 1.0],
                [0.893959, -0.032336, -0.44698, 0.016051, -0.447214, 0.0, -0.894427, 0.012723, 0.028922, 0.999477, -0.014461, 0.024084, 0.0, 0.0, 0.0, 1.0],
                [0.893959, -0.032336, -0.44698, 0.016051, -0.447214, 0.0, -0.894427, 0.012723, 0.028922, 0.999477, -0.014461, 0.024084, 0.0, 0.0, 0.0, 1.0],
                [0.893959, -0.032336, -0.44698, 0.016051, -0.447214, 0.0, -0.894427, 0.012723, 0.028922, 0.999477, -0.014461, 0.024084, 0.0, 0.0, 0.0, 1.0],
                [0.893959, -0.032336, -0.44698, 0.016051, -0.447214, 0.0, -0.894427, 0.012723, 0.028922, 0.999477, -0.014461, 0.024084, 0.0, 0.0, 0.0, 1.0],
                [0.893959, -0.032336, -0.44698, 0.016051, -0.447214, 0.0, -0.894427, 0.012723, 0.028922, 0.999477, -0.014461, 0.024084, 0.0, 0.0, 0.0, 1.0],
                [0.893959, -0.032336, -0.44698, 0.016051, -0.447214, 0.0, -0.894427, 0.012723, 0.028922, 0.999477, -0.014461, 0.024084, 0.0, 0.0, 0.0, 1.0],
                [0.893959, -0.032336, -0.44698, 0.016051, -0.447214, 0.0, -0.894427, 0.012723, 0.028922, 0.999477, -0.014461, 0.024084, 0.0, 0.0, 0.0, 1.0],
                [0.893959, -0.032336, -0.44698, 0.016051, -0.447214, 0.0, -0.894427, 0.012723, 0.028922, 0.999477, -0.014461, 0.024084, 0.0, 0.0, 0.0, 1.0],
                [0.893959, -0.032336, -0.44698, 0.016051, -0.447214, 0.0, -0.894427, 0.012723, 0.028922, 0.999477, -0.014461, 0.024084, 0.0, 0.0, 0.0, 1.0],
                [0.893959, -0.032336, -0.44698, 0.016051, -0.447214, 0.0, -0.894427, 0.012723, 0.028922, 0.999477, -0.014461, 0.024084, 0.0, 0.0, 0.0, 1.0],
                [0.893959, -0.032336, -0.44698, 0.016051, -0.447214, 0.0, -0.894427, 0.012723, 0.028922, 0.999477, -0.014461, 0.024084, 0.0, 0.0, 0.0, 1.0],
                [0.893959, -0.032336, -0.44698, 0.016051, -0.447214, 0.0, -0.894427, 0.012723, 0.028922, 0.999477, -0.014461, 0.024084, 0.0, 0.0, 0.0, 1.0],
                [0.893959, -0.032336, -0.44698, 0.016051, -0.447214, 0.0, -0.894427, 0.012723, 0.028922, 0.999477, -0.014461, 0.024084, 0.0, 0.0, 0.0, 1.0],
                [0.893959, -0.032336, -0.44698, 0.016051, -0.447214, 0.0, -0.894427, 0.012723, 0.028922, 0.999477, -0.014461, 0.024084, 0.0, 0.0, 0.0, 1.0],
                [0.893959, -0.032336, -0.44698, 0.016051, -0.447214, 0.0, -0.894427, 0.012723, 0.028922, 0.999477, -0.014461, 0.024084, 0.0, 0.0, 0.0, 1.0]
            ]
        },
        {
            "name": "Chest.001",
            "time": [0.0, 0.0333, 0.0667, 0.1, 0.1333, 0.1667, 0.2, 0.2333, 0.2667, 0.3, 0.3333, 0.3667, 0.4, 0.4333, 0.4667, 0.5, 0.5333],
            "transform": [
                [0.8, 0.447213, -0.4, 0.0, -0.447214, -0.0, -0.894427, 0.048, -0.4, 0.894427, 0.2, -0.0, 0.0, 0.0, 0.0, 1.0],
                [0.8, 0.447213, -0.4, 0.0, -0.447214, 0.0, -0.894427, 0.048, -0.4, 0.894427, 0.2, -0.0, 0.0, 0.0, 0.0, 1.0],
                [0.8, 0.447213, -0.4, -0.0, -0.447214, -0.0, -0.894427, 0.048, -0.4, 0.894427, 0.2, -0.0, 0.0, 0.0, 0.0, 1.0],
                [0.8, 0.447213, -0.4, 0.0, -0.447214, -0.0, -0.894427, 0.048, -0.4, 0.894427, 0.2, -0.0, 0.0, 0.0, 0.0, 1.0],
                [0.8, 0.447213, -0.4, -0.0, -0.447214, 0.0, -0.894427, 0.048, -0.4, 0.894427, 0.2, 0.0, 0.0, 0.0, 0.0, 1.0],
                [0.8, 0.447213, -0.4, 0.0, -0.447214, 0.0, -0.894427, 0.048, -0.4, 0.894427, 0.2, -0.0, 0.0, 0.0, 0.0, 1.0],
                [0.8, 0.447213, -0.4, -0.0, -0.447214, 0.0, -0.894427, 0.048, -0.4, 0.894427, 0.2, -0.0, 0.0, 0.0, 0.0, 1.0],
                [0.8, 0.447213, -0.4, -0.0, -0.447214, 0.0, -0.894427, 0.048, -0.4, 0.894427, 0.2, -0.0, 0.0, 0.0, 0.0, 1.0],
                [0.8, 0.447213, -0.4, -0.0, -0.447214, 0.0, -0.894427, 0.048, -0.4, 0.894427, 0.2, -0.0, 0.0, 0.0, 0.0, 1.0],
                [0.8, 0.447213, -0.4, 0.0, -0.447214, -0.0, -0.894427, 0.048, -0.4, 0.894427, 0.2, -0.0, 0.0, 0.0, 0.0, 1.0],
                [0.8, 0.447213, -0.4, -0.0, -0.447214, 0.0, -0.894427, 0.048, -0.4, 0.894427, 0.2, -0.0, 0.0, 0.0, 0.0, 1.0],
                [0.8, 0.447213, -0.4, 0.0, -0.447214, -0.0, -0.894427, 0.048, -0.4, 0.894427, 0.2, 0.0, 0.0, 0.0, 0.0, 1.0],
                [0.8, 0.447213, -0.4, -0.0, -0.447214, 0.0, -0.894427, 0.048, -0.4, 0.894427, 0.2, -0.0, 0.0, 0.0, 0.0, 1.0],
                [0.8, 0.447213, -0.4, 0.0, -0.447214, 0.0, -0.894427, 0.048, -0.4, 0.894427, 0.2, -0.0, 0.0, 0.0, 0.0, 1.0],
                [0.8, 0.447213, -0.4, -0.0, -0.447214, 0.0, -0.894427, 0.048, -0.4, 0.894427, 0.2, 0.0, 0.0, 0.0, 0.0, 1.0],
                [0.8, 0.447213, -0.4, 0.0, -0.447214, -0.0, -0.894427, 0.048, -0.4, 0.894427, 0.2, -0.0, 0.0, 0.0, 0.0, 1.0],
                [0.8, 0.447213, -0.4, 0.0, -0.447214, -0.0, -0.894427, 0.048, -0.4, 0.894427, 0.2, -0.0, 0.0, 0.0, 0.0, 1.0]
            ]
        },
        {
            "name": "Shoulder_RR",
            "time": [0.0, 0.0333, 0.0667, 0.1, 0.1333, 0.1667, 0.2, 0.2333, 0.2667, 0.3, 0.3333, 0.3667, 0.4, 0.4333, 0.4667, 0.5, 0.5333],
            "transform": [
                [0.77183, 0.235704, -0.590527, 0.0, 0.297303, 0.687184, 0.662865, 0.0, 0.56204, -0.687184, 0.460313, -0.0, 0.0, 0.0, 0.0, 1.0],
                [0.77183, 0.235704, -0.590527, 0.0, 0.297303, 0.687184, 0.662865, 0.0, 0.56204, -0.687184, 0.460313, -0.0, 0.0, 0.0, 0.0, 1.0],
