{
    "animation": [
        {
            "name": "Root",
            "time": [0.0, 0.0333, 0.0667, 0.1, 0.1333, 0.1667, 0.2, 0.2333, 0.2667, 0.3, 0.3333, 0.3667, 0.4, 0.4333, 0.4667, 0.5],
            "transform": [
                [6.2, 0.0, 0.0, 0.0, 0.0, 6.2, 0.0, -0.420508, 0.0, 0.0, 6.2, 0.612668, 0.0, 0.0, 0.0, 1.0],
                [6.2, 0.0, 0.0, 0.0, 0.0, 6.2, 0.0, -0.420508, 0.0, 0.0, 6.2, 0.612668, 0.0, 0.0, 0.0, 1.0],
                [6.2, 0.0, 0.0, 0.0, 0.0, 6.2, 0.0, -0.420508, 0.0, 0.0, 6.2, 0.612668, 0.0, 0.0, 0.0, 1.0],
                [6.2, 0.0, 0.0, 0.0, 0.0, 6.2, 0.0, -0.420508, 0.0, 0.0, 6.2, 0.612668, 0.0, 0.0, 0.0, 1.0],
                [6.2, 0.0, 0.0, 0.0, 0.0, 6.2, 0.0, -0.420508, 0.0, 0.0, 6.2, 0.606632, 0.0, 0.0, 0.0, 1.0],
                [6.2, 0.0, 0.0, 0.0, 0.0, 6.2, 0.0, -0.420508, 0.0, 0.0, 6.2, 0.593355, 0.0, 0.0, 0.0, 1.0],
                [6.2, 0.0, 0.0, 0.0, 0.0, 6.2, 0.0, -0.420508, 0.0, 0.0, 6.2, 0.580077, 0.0, 0.0, 0.0, 1.0],
                [6.2, 0.0, 0.0, 0.0, 0.0, 6.2, 0.0, -0.420508, 0.0, 0.0, 6.2, 0.574042, 0.0, 0.0, 0.0, 1.0],
                [6.2, 0.0, 0.0, 0.0, 0.0, 6.2, 0.0, -0.420508, 0.0, 0.0, 6.2, 0.575702, 0.0, 0.0, 0.0, 1.0],
                [6.2, 0.0, 0.0, 0.0, 0.0, 6.2, 0.0, -0.420508, 0.0, 0.0, 6.2, 0.580077, 0.0, 0.0, 0.0, 1.0],
                [6.2, 0.0, 0.0, 0.0, 0.0, 6.2, 0.0, -0.420508, 0.0, 0.0, 6.2, 0.586263, 0.0, 0.0, 0.0, 1.0],
                [6.2, 0.0, 0.0, 0.0, 0.0, 6.2, 0.0, -0.420508, 0.0, 0.0, 6.2, 0.593355, 0.0, 0.0, 0.0, 1.0],
                [6.2, 0.0, 0.0, 0.0, 0.0, 6.2, 0.0, -0.420508, 0.0, 0.0, 6.2, 0.600446, 0.0, 0.0, 0.0, 1.0],
                [6.2, 0.0, 0.0, 0.0, 0.0, 6.2, 0.0, -0.420508, 0.0, 0.0, 6.2, 0.606632, 0.0, 0.0, 0.0, 1.0],
                [6.2, 0.0, 0.0, 0.0, 0.0, 6.2, 0.0, -0.420508, 0.0, 0.0, 6.2, 0.611008, 0.0, 0.0, 0.0, 1.0],
                [6.2, 0.0, 0.0, 0.0, 0.0, 6.2, 0.0, -0.420508, 0.0, 0.0, 6.2, 0.612668, 0.0, 0.0, 0.0, 1.0]
            ]
        },
        {
            "name": "Torso",
            "time": [0.0, 0.0333, 0.0667, 0.1, 0.1333, 0.1667, 0.2, 0.2333, 0.2667, 0.3, 0.3333, 0.3667, 0.4, 0.4333, 0.4667, 0.5],
            "transform": [
                [0.99383, 0.068595, 0.087156, 0.0, -0.076173, 0.993307, 0.086824, 0.0288, -0.080617, -0.092927, 0.992404, -0.0, 0.0, 0.0, 0.0, 1.0],
                [0.996308, 0.060779, 0.060635, 0.0, -0.064648, 0.995851, 0.064036, 0.0288, -0.056491, -0.067719, 0.996104, -0.0, 0.0, 0.0, 0.0, 1.0],
                [0.998046, 0.052276, 0.034221, 0.0, -0.053661, 0.997722, 0.040875, 0.0288, -0.032007, -0.042631, 0.998578, -0.0, 0.0, 0.0, 0.0, 1.0],
                [0.999039, 0.043101, 0.007969, 0.0, -0.043234, 0.998914, 0.017386, 0.0288, -0.007211, -0.017714, 0.999817, -0.0, 0.0, 0.0, 0.0, 1.0],
                [0.999283, 0.03327, -0.018071, 0.0, -0.03339, 0.999422, -0.006384, 0.0288, 0.017848, 0.006982, 0.999816, -0.0, 0.0, 0.0, 0.0, 1.0],
                [0.998778, 0.022804, -0.043844, 0.0, -0.024149, 0.999246, -0.030387, 0.0288, 0.043118, 0.031408, 0.998576, -0.0, 0.0, 0.0, 0.0, 1.0],
                [0.997527, 0.011725, -0.069301, 0.0, -0.015527, 0.998389, -0.054574, 0.0288, 0.068549, 0.055515, 0.996102, -0.0, 0.0, 0.0, 0.0, 1.0],
                [0.995535, 5.8e-05, -0.094391, 0.0, -0.007538, 0.996854, -0.078898, 0.0288, 0.09409, 0.079257, 0.992404, -0.0, 0.0, 0.0, 0.0, 1.0],
                [0.995897, 0.00193, -0.090473, 0.0, -0.008752, 0.99714, -0.075066, 0.0288, 0.090069, 0.07555, 0.993066, -0.0, 0.0, 0.0, 0.0, 1.0],
                [0.996822, 0.007145, -0.079344, 0.0, -0.012267, 0.997858, -0.064252, 0.0288, 0.078715, 0.065021, 0.994774, -0.0, 0.0, 0.0, 0.0, 1.0],
                [0.997969, 0.015022, -0.061903, 0.0, -0.017979, 0.99871, -0.047496, 0.0288, 0.06111, 0.048512, 0.996951, 0.0, 0.0, 0.0, 0.0, 1.0],
                [0.99893, 0.024814, -0.039034, 0.0, -0.025835, 0.999331, -0.025871, 0.0288, 0.038366, 0.026851, 0.998903, -0.0, 0.0, 0.0, 0.0, 1.0],
                [0.999292, 0.035759, -0.01166, 0.0, -0.035767, 0.99936, -0.000487, 0.0288, 0.011635, 0.000904, 0.999932, -0.0, 0.0, 0.0, 0.0, 1.0],
                [0.998704, 0.047125, 0.019226, 0.0, -0.047644, 0.998485, 0.027516, 0.0288, -0.0179, -0.028396, 0.999436, -0.0, 0.0, 0.0, 0.0, 1.0],
                [0.996918, 0.058252, 0.052547, 0.0, -0.061232, 0.996495, 0.056994, 0.0288, -0.049043, -0.060036, 0.996991, -0.0, 0.0, 0.0, 0.0, 1.0],
                [0.99383, 0.068595, 0.087156, 0.0, -0.076173, 0.993307, 0.086824, 0.0288, -0.080617, -0.092927, 0.992404, -0.0, 0.0, 0.0, 0.0, 1.0]
            ]
        },
        {
            "name": "Chest",
            "time": [0.0, 0.0333, 0.0667, 0.1, 0.1333, 0.1667, 0.2, 0.2333, 0.2667, 0.3, 0.3333, 0.3667, 0.4, 0.4333, 0.4667, 0.5],
            "transform": [
                [0.994042, -0.073356, -0.080617, 0.0, 0.065779, 0.993498, -0.092927, 0.0672, 0.086909, 0.087071, 0.992404, -0.0, 0.0, 0.0, 0.0, 1.0],
                [0.997474, -0.047998, -0.052359, 0.0, 0.044988, 0.997348, -0.05721, 0.0672, 0.054967, 0.05471, 0.996988, -0.0, 0.0, 0.0, 0.0, 1.0],
                [0.999458, -0.02348, -0.023072, -0.0, 0.022975, 0.999496, -0.021927, 0.0672, 0.023575, 0.021385, 0.999493, -0.0, 0.0, 0.0, 0.0, 1.0],
                [0.999974, 9.1e-05, 0.007137, -0.0, -0.000182, 0.999918, 0.012777, 0.0672, -0.007135, -0.012778, 0.999893, -0.0, 0.0, 0.0, 0.0, 1.0],
                [0.999016, 0.022619, 0.03815, 0.0, -0.024396, 0.998608, 0.04676, 0.0672, -0.037039, -0.047645, 0.998177, 0.0, 0.0, 0.0, 0.0, 1.0],
                [0.996587, 0.044014, 0.069843, 0.0, -0.049568, 0.995571, 0.079889, 0.0672, -0.066018, -0.083078, 0.994354, 0.0, 0.0, 0.0, 0.0, 1.0],
                [0.992702, 0.064196, 0.102088, -0.0, -0.075596, 0.990825, 0.112034, 0.0672, -0.093959, -0.118934, 0.988446, 0.0, 0.0, 0.0, 0.0, 1.0],
                [0.987389, 0.083094, 0.134752, 0.0, -0.102368, 0.984403, 0.143076, 0.0672, -0.120761, -0.155066, 0.980495, 0.0, 0.0, 0.0, 0.0, 1.0],
                [0.990752, 0.083281, 0.107121, 0.0, -0.095555, 0.98875, 0.11508, 0.0672, -0.096332, -0.124252, 0.987563, -0.0, 0.0, 0.0, 0.0, 1.0],
                [0.993976, 0.07592, 0.079042, -0.0, -0.082744, 0.992768, 0.086975, 0.0672, -0.071867, -0.092992, 0.99307, -0.0, 0.0, 0.0, 0.0, 1.0],
                [0.996783, 0.061908, 0.050894, -0.0, -0.064858, 0.996177, 0.058519, 0.0672, -0.047077, -0.061631, 0.996988, 0.0, 0.0, 0.0, 0.0, 1.0],
                [0.998845, 0.042187, 0.023016, 0.0, -0.042859, 0.998645, 0.029529, 0.0672, -0.021739, -0.030482, 0.999299, 0.0, 0.0, 0.0, 0.0, 1.0],
                [0.999833, 0.017748, -0.004296, -0.0, -0.017749, 0.999843, -0.000104, 0.0672, 0.004293, 0.00018, 0.999991, -0.0, 0.0, 0.0, 0.0, 1.0],
                [0.999472, -0.010373, -0.030792, 0.0, 0.009436, 0.999493, -0.03042, 0.0672, 0.031092, 0.030114, 0.999063, -0.0, 0.0, 0.0, 0.0, 1.0],
                [0.997569, -0.041104, -0.056277, -0.0, 0.037634, 0.997404, -0.061391, 0.0672, 0.058654, 0.059124, 0.996526, -0.0, 0.0, 0.0, 0.0, 1.0],
                [0.994042, -0.073356, -0.080617, 0.0, 0.065779, 0.993498, -0.092927, 0.0672, 0.086909, 0.087071, 0.992404, -0.0, 0.0, 0.0, 0.0, 1.0]
            ]
        },
        {
            "name": "Shoulder_FR",
            "time": [0.0, 0.0333, 0.0667, 0.1, 0.1333, 0.1667, 0.2, 0.2333, 0.2667, 0.3, 0.3333, 0.3667, 0.4, 0.4333, 0.4667, 0.5],
            "transform": [
                [0.359856, 0.324445, 0.87478, -0.0, -0.924808, 0.0, 0.380436, 0.048, 0.12343, -0.945905, 0.300049, -0.0, 0.0, 0.0, 0.0, 1.0],
                [0.359856, 0.324445, 0.874779, -0.0, -0.924808, 0.0, 0.380436, 0.048, 0.12343, -0.945905, 0.300049, 0.0, 0.0, 0.0, 0.0, 1.0],
                [0.359856, 0.324445, 0.87478, -0.0, -0.924807, 0.0, 0.380435, 0.048, 0.12343, -0.945905, 0.300049, -0.0, 0.0, 0.0, 0.0, 1.0],
                [0.359856, 0.324445, 0.87478, -0.0, -0.924808, 0.0, 0.380436, 0.048, 0.12343, -0.945905, 0.300049, -0.0, 0.0, 0.0, 0.0, 1.0],
                [0.359856, 0.324445, 0.874779, -0.0, -0.924808, 0.0, 0.380436, 0.048, 0.12343, -0.945905, 0.300049, -0.0, 0.0, 0.0, 0.0, 1.0],
                [0.359856, 0.324445, 0.874779, -0.0, -0.924807, 0.0, 0.380436, 0.048, 0.12343, -0.945904, 0.300049, -0.0, 0.0, 0.0, 0.0, 1.0],
                [0.359856, 0.324445, 0.87478, -0.0, -0.924808, 1e-06, 0.380436, 0.048, 0.12343, -0.945905, 0.300049, -0.0, 0.0, 0.0, 0.0, 1.0],
                [0.359856, 0.324445, 0.87478, 0.0, -0.924807, 1e-06, 0.380436, 0.048, 0.12343, -0.945905, 0.300049, 0.0, 0.0, 0.0, 0.0, 1.0],
                [0.359856, 0.324445, 0.87478, -0.0, -0.924807, 0.0, 0.380435, 0.048, 0.12343, -0.945905, 0.300049, -0.0, 0.0, 0.0, 0.0, 1.0],
                [0.359856, 0.324445, 0.874779, 0.0, -0.924808, 0.0, 0.380436, 0.048, 0.12343, -0.945905, 0.300049, -0.0, 0.0, 0.0, 0.0, 1.0],
                [0.359856, 0.324445, 0.87478, -0.0, -0.924807, 0.0, 0.380436, 0.048, 0.12343, -0.945905, 0.300049, 0.0, 0.0, 0.0, 0.0, 1.0],
                [0.359856, 0.324445, 0.87478, 0.0, -0.924807, 0.0, 0.380435, 0.048, 0.12343, -0.945904, 0.300049, 0.0, 0.0, 0.0, 0.0, 1.0],
                [0.359856, 0.324445, 0.874779, 0.0, -0.924807, 0.0, 0.380436, 0.048, 0.12343, -0.945904, 0.300049, -0.0, 0.0, 0.0, 0.0, 1.0],
                [0.359856, 0.324445, 0.87478, 0.0, -0.924808, 0.0, 0.380436, 0.048, 0.12343, -0.945905, 0.300049, -0.0, 0.0, 0.0, 0.0, 1.0],
                [0.359856, 0.324445, 0.87478, -0.0, -0.924808, 0.0, 0.380436, 0.048, 0.12343, -0.945905, 0.300049, 0.0, 0.0, 0.0, 0.0, 1.0],
                [0.359856, 0.324445, 0.87478, -0.0, -0.924808, 0.0, 0.380436, 0.048, 0.12343, -0.945905, 0.300049, -0.0, 0.0, 0.0, 0.0, 1.0]
            ]
        },
        {
            "name": "Thigh_FR",
            "time": [0.0, 0.0333, 0.0667, 0.1, 0.1333, 0.1667, 0.2, 0.2333, 0.2667, 0.3, 0.3333, 0.3667, 0.4, 0.4333, 0.4667, 0.5],
            "transform": [
                [0.897859, 0.062634, 0.435805, 0.0, -0.214864, 0.926292, 0.309543, 0.030447, -0.384295, -0.371565, 0.845137, -0.0, 0.0, 0.0, 0.0, 1.0],
                [0.892252, 0.119445, 0.435452, -0.0, -0.271007, 0.913027, 0.304856, 0.030447, -0.361166, -0.390019, 0.847021, -0.0, 0.0, 0.0, 0.0, 1.0],
                [0.897125, 0.072639, 0.435764, 0.0, -0.224788, 0.924209, 0.308721, 0.030447, -0.380312, -0.374916, 0.845459, 0.0, 0.0, 0.0, 0.0, 1.0],
                [0.898846, -0.047633, 0.435669, -0.0, -0.104572, 0.942055, 0.318744, 0.030447, -0.425607, -0.33206, 0.841781, 0.0, 0.0, 0.0, 0.0, 1.0],
                [0.877611, -0.204435, 0.433595, 0.0, 0.055312, 0.941648, 0.332024, 0.030447, -0.476171, -0.267405, 0.837708, 0.0, 0.0, 0.0, 0.0, 1.0],
                [0.830371, -0.355137, 0.429373, -0.0, 0.212579, 0.914201, 0.345032, 0.030447, -0.515067, -0.195229, 0.834621, -0.0, 0.0, 0.0, 0.0, 1.0],
                [0.777987, -0.462897, 0.424808, 0.0, 0.327532, 0.875814, 0.354504, 0.030447, -0.536152, -0.136661, 0.832986, -0.0, 0.0, 0.0, 0.0, 1.0],
                [0.753601, -0.503397, 0.422703, -0.0, 0.371366, 0.856649, 0.358106, 0.030447, -0.542377, -0.112892, 0.832516, 0.0, 0.0, 0.0, 0.0, 1.0],
                [0.760571, -0.492287, 0.423304, -0.0, 0.359304, 0.862189, 0.357115, 0.030447, -0.540771, -0.119517, 0.832636, -0.0, 0.0, 0.0, 0.0, 1.0],
                [0.779492, -0.460239, 0.424939, 0.0, 0.324668, 0.876975, 0.354267, 0.030447, -0.535708, -0.138184, 0.83302, -0.0, 0.0, 0.0, 0.0, 1.0],
                [0.806492, -0.408655, 0.427284, 0.0, 0.269383, 0.897292, 0.349714, 0.030447, -0.526311, -0.166939, 0.833744, 0.0, 0.0, 0.0, 0.0, 1.0],
                [0.836838, -0.338898, 0.429943, 0.0, 0.195449, 0.918547, 0.343614, 0.030447, -0.511373, -0.203518, 0.834912, 0.0, 0.0, 0.0, 0.0, 1.0],
                [0.865409, -0.253026, 0.432486, 0.0, 0.105615, 0.935855, 0.336186, 0.030447, -0.489808, -0.245261, 0.836621, 0.0, 0.0, 0.0, 0.0, 1.0],
                [0.887356, -0.154292, 0.434504, 0.0, 0.00379, 0.944759, 0.327744, 0.030447, -0.46107, -0.289179, 0.838922, -0.0, 0.0, 0.0, 0.0, 1.0],
                [0.898865, -0.047245, 0.435672, -0.0, -0.104959, 0.942025, 0.318704, 0.030447, -0.425471, -0.3322, 0.841794, 0.0, 0.0, 0.0, 0.0, 1.0],
                [0.897859, 0.062634, 0.435805, 0.0, -0.214864, 0.926292, 0.309543, 0.030447, -0.384295, -0.371565, 0.845137, -0.0, 0.0, 0.0, 0.0, 1.0]
            ]
        },
        {
            "name": "Leg_FR",
            "time": [0.0, 0.0333, 0.0667, 0.1, 0.1333, 0.1667, 0.2, 0.2333, 0.2667, 0.3, 0.3333, 0.3667, 0.4, 0.4333, 0.4667, 0.5],
            "transform": [
                [0.984848, -0.173419, -0.000915, 0.0, 0.173419, 0.984792, 0.010482, 0.0384, -0.000916, -0.010482, 0.999945, -0.0, 0.0, 0.0, 0.0, 1.0],
                [0.997035, 0.076927, 0.001669, 0.0, -0.076896, 0.996937, -0.014291, 0.0384, -0.002763, 0.014121, 0.999897, -0.0, 0.0, 0.0, 0.0, 1.0],
                [0.942141, 0.335208, -0.002361, 0.0, -0.335027, 0.94135, -0.040212, 0.0384, -0.011257, 0.038677, 0.999188, -0.0, 0.0, 0.0, 0.0, 1.0],
                [0.818825, 0.573889, -0.013288, 0.0, -0.573445, 0.816697, -0.064556, 0.0384, -0.026196, 0.06048, 0.997826, -0.0, 0.0, 0.0, 0.0, 1.0],
                [0.64017, 0.767649, -0.029953, -0.0, -0.766855, 0.636201, -0.08474, 0.0384, -0.045995, 0.077218, 0.995953, -0.0, 0.0, 0.0, 0.0, 1.0],
                [0.42936, 0.901741, -0.050137, 0.0, -0.900554, 0.423281, -0.099177, 0.0384, -0.06821, 0.087733, 0.993806, -0.0, 0.0, 0.0, 0.0, 1.0],
                [0.530383, 0.847187, -0.03112, 0.0, -0.84337, 0.523551, -0.12092, 0.0384, -0.086149, 0.09038, 0.992174, -0.0, 0.0, 0.0, 0.0, 1.0],
                [0.738352, 0.674155, 0.01873, -0.0, -0.665374, 0.732705, -0.142905, 0.0384, -0.110063, 0.093052, 0.989559, 0.0, 0.0, 0.0, 0.0, 1.0],
                [0.907608, 0.413061, 0.075018, 0.0, -0.399744, 0.904895, -0.146183, 0.0384, -0.128266, 0.102689, 0.986409, 0.0, 0.0, 0.0, 0.0, 1.0],
                [0.977337, 0.182514, 0.107242, 0.0, -0.167345, 0.976386, -0.136619, 0.0384, -0.129645, 0.115577, 0.984802, 0.0, 0.0, 0.0, 0.0, 1.0],
                [0.99298, 0.035655, 0.11278, -0.0, -0.021636, 0.992149, -0.123174, 0.0384, -0.116287, 0.119869, 0.985956, 0.0, 0.0, 0.0, 0.0, 1.0],
                [0.992337, -0.064705, 0.105266, 0.0, 0.075589, 0.991813, -0.102925, 0.0384, -0.097744, 0.110093, 0.989103, -0.0, 0.0, 0.0, 0.0, 1.0],
                [0.988135, -0.126387, 0.087265, -0.0, 0.133293, 0.987968, -0.07844, 0.0384, -0.076301, 0.089141, 0.993092, -0.0, 0.0, 0.0, 0.0, 1.0],
                [0.985374, -0.158835, 0.061722, -0.0, 0.162038, 0.985473, -0.05087, 0.0384, -0.052745, 0.060127, 0.996796, 0.0, 0.0, 0.0, 0.0, 1.0],
                [0.984694, -0.171426, 0.031479, -0.0, 0.172122, 0.984854, -0.020917, 0.0384, -0.027416, 0.026015, 0.999286, 0.0, 0.0, 0.0, 0.0, 1.0],
                [0.984848, -0.173419, -0.000915, 0.0, 0.173419, 0.984792, 0.010482, 0.0384, -0.000916, -0.010482, 0.999945, -0.0, 0.0, 0.0, 0.0, 1.0]
            ]
        },
        {
            "name": "Shoulder_FL",
            "time": [0.0, 0.0333, 0.0667, 0.1, 0.1333, 0.1667, 0.2, 0.2333, 0.2667, 0.3, 0.3333, 0.3667, 0.4, 0.4333, 0.4667, 0.5],
            "transform": [
                [0.537518, -0.324445, -0.778338, -0.0, 0.82285, 0.0, 0.568259, 0.048, -0.184368, -0.945905, 0.26697, -0.0, 0.0, 0.0, 0.0, 1.0],
                [0.537518, -0.324445, -0.778338, -0.0, 0.82285, 0.0, 0.568258, 0.048, -0.184368, -0.945905, 0.26697, 0.0, 0.0, 0.0, 0.0, 1.0],
                [0.537518, -0.324445, -0.778338, -0.0, 0.82285, 0.0, 0.568258, 0.048, -0.184368, -0.945904, 0.26697, -0.0, 0.0, 0.0, 0.0, 1.0],
                [0.537518, -0.324445, -0.778338, -0.0, 0.82285, 0.0, 0.568259, 0.048, -0.184368, -0.945905, 0.26697, -0.0, 0.0, 0.0, 0.0, 1.0],
                [0.537518, -0.324445, -0.778338, -0.0, 0.82285, 0.0, 0.568259, 0.048, -0.184368, -0.945905, 0.26697, -0.0, 0.0, 0.0, 0.0, 1.0],
                [0.537518, -0.324445, -0.778338, -0.0, 0.82285, 0.0, 0.568258, 0.048, -0.184368, -0.945904, 0.26697, -0.0, 0.0, 0.0, 0.0, 1.0],
                [0.537518, -0.324445, -0.778338, -0.0, 0.82285, 0.0, 0.568258, 0.048, -0.184368, -0.945904, 0.26697, -0.0, 0.0, 0.0, 0.0, 1.0],
                [0.537518, -0.324445, -0.778338, 0.0, 0.82285, 0.0, 0.568258, 0.048, -0.184368, -0.945904, 0.26697, 0.0, 0.0, 0.0, 0.0, 1.0],
                [0.537518, -0.324445, -0.778338, -0.0, 0.82285, 0.0, 0.568258, 0.048, -0.184368, -0.945904, 0.26697, -0.0, 0.0, 0.0, 0.0, 1.0],
                [0.537518, -0.324445, -0.778338, 0.0, 0.82285, 0.0, 0.568259, 0.048, -0.184368, -0.945904, 0.26697, -0.0, 0.0, 0.0, 0.0, 1.0],
                [0.537518, -0.324445, -0.778338, -0.0, 0.82285, 0.0, 0.568258, 0.048, -0.184368, -0.945905, 0.26697, 0.0, 0.0, 0.0, 0.0, 1.0],
                [0.537518, -0.324445, -0.778338, 0.0, 0.82285, 0.0, 0.568258, 0.048, -0.184368, -0.945904, 0.26697, 0.0, 0.0, 0.0, 0.0, 1.0],
                [0.537518, -0.324445, -0.778338, 0.0, 0.82285, 0.0, 0.568258, 0.048, -0.184368, -0.945904, 0.26697, -0.0, 0.0, 0.0, 0.0, 1.0],
                [0.537518, -0.324445, -0.778338, 0.0, 0.82285, 0.0, 0.568258, 0.048, -0.184368, -0.945905, 0.26697, -0.0, 0.0, 0.0, 0.0, 1.0],
                [0.537518, -0.324445, -0.778338, -0.0, 0.82285, 0.0, 0.568259, 0.048, -0.184368, -0.945905, 0.26697, 0.0, 0.0, 0.0, 0.0, 1.0],
                [0.537518, -0.324445, -0.778338, -0.0, 0.82285, 0.0, 0.568259, 0.048, -0.184368, -0.945905, 0.26697, -0.0, 0.0, 0.0, 0.0, 1.0]
            ]
        },
        {
            "name": "Thigh_FL",
            "time": [0.0, 0.0333, 0.0667, 0.1, 0.1333, 0.1667, 0.2, 0.2333, 0.2667, 0.3, 0.3333, 0.3667, 0.4, 0.4333, 0.4667, 0.5],
            "transform": [
                [0.851599, 0.521262, -0.055366, 0.0, -0.520664, 0.85337, 0.025875, 0.030447, 0.060736, 0.006792, 0.998131, -0.0, 0.0, 0.0, 0.0, 1.0],
                [0.817773, 0.570019, -0.07953, 0.0, -0.572509, 0.819826, -0.0109, 0.030447, 0.058987, 0.054446, 0.996773, -0.0, 0.0, 0.0, 0.0, 1.0],
                [0.821388, 0.565156, -0.076949, -0.0, -0.567279, 0.823494, -0.007192, 0.030447, 0.059303, 0.049559, 0.997009, -0.0, 0.0, 0.0, 0.0, 1.0],
                [0.833502, 0.548278, -0.068297, 0.0, -0.549232, 0.835651, 0.005607, 0.030447, 0.060146, 0.032837, 0.997649, 0.0, 0.0, 0.0, 0.0, 1.0],
                [0.855397, 0.515289, -0.052653, -0.0, -0.514398, 0.857016, 0.030317, 0.030447, 0.060746, 0.001151, 0.998152, 0.0, 0.0, 0.0, 0.0, 1.0],
                [0.887078, 0.460644, -0.029999, -0.0, -0.457829, 0.886244, 0.070461, 0.030447, 0.059044, -0.04877, 0.997063, 0.0, 0.0, 0.0, 0.0, 1.0],
                [0.926296, 0.376791, -0.001916, -0.0, -0.373341, 0.918477, 0.130445, 0.030447, 0.05091, -0.120116, 0.991454, 0.0, 0.0, 0.0, 0.0, 1.0],
                [0.966743, 0.254306, 0.027134, -0.0, -0.254084, 0.942945, 0.215168, 0.030447, 0.029132, -0.214906, 0.9762, 0.0, 0.0, 0.0, 0.0, 1.0],
                [0.994341, 0.095205, 0.047139, -0.0, -0.105334, 0.94123, 0.320923, 0.030447, -0.013815, -0.324072, 0.945932, 0.0, 0.0, 0.0, 0.0, 1.0],
                [0.997627, -0.047518, 0.049819, 0.0, 0.022806, 0.910857, 0.412091, 0.030447, -0.06496, -0.409977, 0.90978, 0.0, 0.0, 0.0, 0.0, 1.0],
                [0.992919, -0.109259, 0.046622, -0.0, 0.076727, 0.88949, 0.450468, 0.030447, -0.090687, -0.443701, 0.891575, -0.0, 0.0, 0.0, 0.0, 1.0],
                [0.996074, -0.07387, 0.048779, -0.0, 0.045933, 0.902356, 0.428537, 0.030447, -0.075671, -0.424614, 0.902207, -0.0, 0.0, 0.0, 0.0, 1.0],
                [0.998371, 0.027184, 0.050166, 0.0, -0.043654, 0.93007, 0.36478, 0.030447, -0.036742, -0.366375, 0.929741, -0.0, 0.0, 0.0, 0.0, 1.0],
                [0.983243, 0.178072, 0.039046, 0.0, -0.182001, 0.946526, 0.266391, 0.030447, 0.010479, -0.269034, 0.963074, -0.0, 0.0, 0.0, 0.0, 1.0],
                [0.935407, 0.353542, 0.004616, 0.0, -0.350351, 0.925048, 0.146769, 0.030447, 0.047619, -0.138907, 0.98916, -0.0, 0.0, 0.0, 0.0, 1.0],
                [0.851599, 0.521262, -0.055366, 0.0, -0.520664, 0.85337, 0.025875, 0.030447, 0.060736, 0.006792, 0.998131, -0.0, 0.0, 0.0, 0.0, 1.0]
            ]
        },
        {
            "name": "Leg_FL",
            "time": [0.0, 0.0333, 0.0667, 0.1, 0.1333, 0.1667, 0.2, 0.2333, 0.2667, 0.3, 0.3333, 0.3667, 0.4, 0.4333, 0.4667, 0.5],
            "transform": [
                [0.682575, -0.694557, -0.227334, 0.0, 0.694557, 0.519763, 0.49743, 0.0384, -0.227334, -0.49743, 0.837187, -0.0, 0.0, 0.0, 0.0, 1.0],
                [0.66949, -0.704113, -0.236659, 0.0, 0.704113, 0.500033, 0.504174, 0.0384, -0.236658, -0.504175, 0.830543, 0.0, 0.0, 0.0, 0.0, 1.0],
                [0.832795, -0.54038, -0.120171, 0.0, 0.54038, 0.746428, 0.388373, 0.0384, -0.12017, -0.388374, 0.913633, 0.0, 0.0, 0.0, 0.0, 1.0],
                [0.948138, -0.315623, -0.037632, 0.0, 0.315623, 0.920833, 0.229016, 0.0384, -0.03763, -0.229017, 0.972695, 0.0, 0.0, 0.0, 0.0, 1.0],
                [0.997942, -0.064098, -0.001619, 0.0, 0.064098, 0.99667, 0.050393, 0.0384, -0.001617, -0.050393, 0.998728, 0.0, 0.0, 0.0, 0.0, 1.0],
                [0.992311, 0.123665, -0.005165, 0.0, -0.123665, 0.988843, -0.083045, 0.0384, -0.005163, 0.083045, 0.996532, 0.0, 0.0, 0.0, 0.0, 1.0],
                [0.979454, 0.201173, -0.014119, 0.0, -0.201173, 0.969753, -0.138232, 0.0384, -0.014117, 0.138232, 0.990299, -0.0, 0.0, 0.0, 0.0, 1.0],
                [0.975874, 0.217702, -0.016626, 0.0, -0.217702, 0.964418, -0.150014, 0.0384, -0.016624, 0.150014, 0.988544, 0.0, 0.0, 0.0, 0.0, 1.0],
                [0.980241, 0.19734, -0.013568, -0.0, -0.19734, 0.970926, -0.135498, 0.0384, -0.013566, 0.135498, 0.990685, -0.0, 0.0, 0.0, 0.0, 1.0],
                [0.990789, 0.135273, -0.00622, 0.0, -0.135273, 0.986591, -0.091321, 0.0384, -0.006217, 0.091321, 0.995802, -0.0, 0.0, 0.0, 0.0, 1.0],
                [0.999435, 0.033618, -0.000321, 0.0, -0.033618, 0.999254, -0.019017, 0.0384, -0.000319, 0.019017, 0.999819, -0.0, 0.0, 0.0, 0.0, 1.0],
                [0.994669, -0.103039, -0.004042, -0.0, 0.103039, 0.991605, 0.078114, 0.0384, -0.00404, -0.078114, 0.996936, 0.0, 0.0, 0.0, 0.0, 1.0],
                [0.964235, -0.263763, -0.026069, -0.0, 0.263763, 0.945235, 0.192252, 0.0384, -0.026067, -0.192252, 0.980999, -0.0, 0.0, 0.0, 0.0, 1.0],
                [0.899956, -0.429966, -0.072167, -0.0, 0.429966, 0.847899, 0.310156, 0.0384, -0.072166, -0.310157, 0.947943, 0.0, 0.0, 0.0, 0.0, 1.0],
                [0.802585, -0.579452, -0.141747, -0.0, 0.579452, 0.700809, 0.416054, 0.0384, -0.141746, -0.416055, 0.898224, -0.0, 0.0, 0.0, 0.0, 1.0],
                [0.682575, -0.694557, -0.227334, 0.0, 0.694557, 0.519763, 0.49743, 0.0384, -0.227334, -0.49743, 0.837187, -0.0, 0.0, 0.0, 0.0, 1.0]
            ]
        },
        {
            "name": "Head",
            "time": [0.0, 0.0333, 0.0667, 0.1, 0.1333, 0.1667, 0.2, 0.2333, 0.2667, 0.3, 0.3333, 0.3667, 0.4, 0.4333, 0.4667, 0.5],
            "transform": [
                [1.0, -0.0, -0.0, -0.0, -0.0, 1.0, -0.0, 0.048, -0.0, 0.0, 1.0, -0.0, 0.0, 0.0, 0.0, 1.0],
                [1.0, 0.0, 0.0, -0.0, 0.0, 1.0, 0.0, 0.048, -0.0, -0.0, 1.0, 0.0, 0.0, 0.0, 0.0, 1.0],
                [1.0, -0.0, 0.0, -0.0, -0.0, 1.0, -0.0, 0.048, 0.0, 0.0, 1.0, -0.0, 0.0, 0.0, 0.0, 1.0],
                [1.0, -0.0, 0.0, -0.0, -0.0, 1.0, 0.0, 0.048, 0.0, 0.0, 1.0, -0.0, 0.0, 0.0, 0.0, 1.0],
                [1.0, -0.0, -0.0, -0.0, -0.0, 1.0, 0.0, 0.048, 0.0, -0.0, 1.0, -0.0, 0.0, 0.0, 0.0, 1.0],
                [1.0, 0.0, -0.0, -0.0, 0.0, 1.0, -0.0, 0.048, -0.0, -0.0, 1.0, -0.0, 0.0, 0.0, 0.0, 1.0],
                [1.0, -0.0, -0.0, -0.0, 0.0, 1.0, -0.0, 0.048, 0.0, 0.0, 1.0, -0.0, 0.0, 0.0, 0.0, 1.0],
                [1.0, -0.0, -0.0, 0.0, 0.0, 1.0, -0.0, 0.048, -0.0, -0.0, 1.0, 0.0, 0.0, 0.0, 0.0, 1.0],
                [1.0, 0.0, -0.0, -0.0, 0.0, 1.0, -0.0, 0.048, 0.0, -0.0, 1.0, -0.0, 0.0, 0.0, 0.0, 1.0],
                [1.0, -0.0, 0.0, 0.0, -0.0, 1.0, 0.0, 0.048, -0.0, 0.0, 1.0, -0.0, 0.0, 0.0, 0.0, 1.0],
                [1.0, 0.0, 0.0, -0.0, 0.0, 1.0, -0.0, 0.048, -0.0, 0.0, 1.0, 0.0, 0.0, 0.0, 0.0, 1.0],
                [1.0, -0.0, -0.0, 0.0, 0.0, 1.0, -0.0, 0.048, 0.0, -0.0, 1.0, 0.0, 0.0, 0.0, 0.0, 1.0],
                [1.0, -0.0, 0.0, 0.0, 0.0, 1.0, 0.0, 0.048, -0.0, -0.0, 1.0, -0.0, 0.0, 0.0, 0.0, 1.0],
                [1.0, -0.0, 0.0, 0.0, -0.0, 1.0, -0.0, 0.048, 0.0, 0.0, 1.0, -0.0, 0.0, 0.0, 0.0, 1.0],
                [1.0, -0.0, 0.0, -0.0, -0.0, 1.0, -0.0, 0.048, -0.0, 0.0, 1.0, 0.0, 0.0, 0.0, 0.0, 1.0],
                [1.0, -0.0, -0.0, -0.0, -0.0, 1.0, -0.0, 0.048, -0.0, 0.0, 1.0, -0.0, 0.0, 0.0, 0.0, 1.0]
            ]
        },
        {
            "name": "Snout",
            "time": [0.0, 0.0333, 0.0667, 0.1, 0.1333, 0.1667, 0.2, 0.2333, 0.2667, 0.3, 0.3333, 0.3667, 0.4, 0.4333, 0.4667, 0.5],
            "transform": [
                [1.0, -0.0, -0.0, -0.0, -0.0, 1.0, -0.0, 0.0234, -0.0, 0.0, 1.0, -0.0, 0.0, 0.0, 0.0, 1.0],
                [1.0, 0.0, 0.0, 0.0, 0.0, 1.0, 0.0, 0.0234, -0.0, -0.0, 1.0, 0.0, 0.0, 0.0, 0.0, 1.0],
                [1.0, -0.0, 0.0, -0.0, -0.0, 1.0, -0.0, 0.0234, 0.0, 0.0, 1.0, 0.0, 0.0, 0.0, 0.0, 1.0],
                [1.0, -0.0, 0.0, 0.0, -0.0, 1.0, 0.0, 0.0234, 0.0, 0.0, 1.0, -0.0, 0.0, 0.0, 0.0, 1.0],
                [1.0, -0.0, -0.0, -0.0, -0.0, 1.0, 0.0, 0.0234, 0.0, -0.0, 1.0, 0.0, 0.0, 0.0, 0.0, 1.0],
                [1.0, 0.0, -0.0, -0.0, 0.0, 1.0, -0.0, 0.0234, -0.0, -0.0, 1.0, -0.0, 0.0, 0.0, 0.0, 1.0],
                [1.0, -0.0, -0.0, -0.0, 0.0, 1.0, -0.0, 0.0234, 0.0, 0.0, 1.0, 0.0, 0.0, 0.0, 0.0, 1.0],
                [1.0, -0.0, -0.0, 0.0, 0.0, 1.0, -0.0, 0.0234, -0.0, -0.0, 1.0, 0.0, 0.0, 0.0, 0.0, 1.0],
                [1.0, 0.0, -0.0, 0.0, 0.0, 1.0, -0.0, 0.0234, 0.0, -0.0, 1.0, -0.0, 0.0, 0.0, 0.0, 1.0],
                [1.0, -0.0, 0.0, 0.0, -0.0, 1.0, 0.0, 0.0234, -0.0, 0.0, 1.0, -0.0, 0.0, 0.0, 0.0, 1.0],
                [1.0, 0.0, 0.0, -0.0, 0.0, 1.0, -0.0, 0.0234, -0.0, 0.0, 1.0, -0.0, 0.0, 0.0, 0.0, 1.0],
                [1.0, -0.0, -0.0, 0.0, 0.0, 1.0, -0.0, 0.0234, 0.0, -0.0, 1.0, -0.0, 0.0, 0.0, 0.0, 1.0],
                [1.0, -0.0, 0.0, -0.0, 0.0, 1.0, 0.0, 0.0234, -0.0, -0.0, 1.0, -0.0, 0.0, 0.0, 0.0, 1.0],
                [1.0, -0.0, 0.0, 0.0, -0.0, 1.0, -0.0, 0.0234, 0.0, 0.0, 1.0, 0.0, 0.0, 0.0, 0.0, 1.0],
                [1.0, -0.0, 0.0, 0.0, -0.0, 1.0, -0.0, 0.0234, -0.0, 0.0, 1.0, 0.0, 0.0, 0.0, 0.0, 1.0],
                [1.0, -0.0, -0.0, -0.0, -0.0, 1.0, -0.0, 0.0234, -0.0, 0.0, 1.0, -0.0, 0.0, 0.0, 0.0, 1.0]
            ]
        },
        {
            "name": "Jaw",
            "time": [0.0, 0.0333, 0.0667, 0.1, 0.1333, 0.1667, 0.2, 0.2333, 0.2667, 0.3, 0.3333, 0.3667, 0.4, 0.4333, 0.4667, 0.5],
            "transform": [
                [1.0, -0.0, 0.0, -0.0, -0.0, 0.913288, 0.407314, 0.0234, -0.0, -0.407314, 0.913288, -0.0, 0.0, 0.0, 0.0, 1.0],
                [1.0, 0.0, 0.0, 0.0, -0.0, 0.913288, 0.407314, 0.0234, -0.0, -0.407314, 0.913288, 0.0, 0.0, 0.0, 0.0, 1.0],
                [1.0, 0.0, 0.0, -0.0, -0.0, 0.913288, 0.407314, 0.0234, -0.0, -0.407314, 0.913288, 0.0, 0.0, 0.0, 0.0, 1.0],
                [1.0, -0.0, 0.0, 0.0, -0.0, 0.913288, 0.407314, 0.0234, -0.0, -0.407314, 0.913288, -0.0, 0.0, 0.0, 0.0, 1.0],
                [1.0, -0.0, 0.0, -0.0, -0.0, 0.913288, 0.407314, 0.0234, -0.0, -0.407314, 0.913288, 0.0, 0.0, 0.0, 0.0, 1.0],
                [1.0, 0.0, 0.0, -0.0, -0.0, 0.913288, 0.407314, 0.0234, -0.0, -0.407314, 0.913288, -0.0, 0.0, 0.0, 0.0, 1.0],
                [1.0, -0.0, 0.0, -0.0, -0.0, 0.913288, 0.407314, 0.0234, -0.0, -0.407314, 0.913288, 0.0, 0.0, 0.0, 0.0, 1.0],
                [1.0, -0.0, 0.0, 0.0, -0.0, 0.913288, 0.407314, 0.0234, -0.0, -0.407314, 0.913288, 0.0, 0.0, 0.0, 0.0, 1.0],
                [1.0, 0.0, 0.0, 0.0, -0.0, 0.913288, 0.407314, 0.0234, -0.0, -0.407314, 0.913288, -0.0, 0.0, 0.0, 0.0, 1.0],
                [1.0, -0.0, 0.0, 0.0, -0.0, 0.913288, 0.407314, 0.0234, -0.0, -0.407314, 0.913288, -0.0, 0.0, 0.0, 0.0, 1.0],
                [1.0, -0.0, 0.0, -0.0, -0.0, 0.913288, 0.407314, 0.0234, -0.0, -0.407314, 0.913288, -0.0, 0.0, 0.0, 0.0, 1.0],
                [1.0, 0.0, 0.0, 0.0, -0.0, 0.913288, 0.407314, 0.0234, -0.0, -0.407314, 0.913288, -0.0, 0.0, 0.0, 0.0, 1.0],
                [1.0, 0.0, 0.0, -0.0, -0.0, 0.913288, 0.407314, 0.0234, -0.0, -0.407314, 0.913288, -0.0, 0.0, 0.0, 0.0, 1.0],
                [1.0, -0.0, 0.0, 0.0, -0.0, 0.913288, 0.407314, 0.0234, -0.0, -0.407314, 0.913288, 0.0, 0.0, 0.0, 0.0, 1.0],
                [1.0, -0.0, 0.0, 0.0, -0.0, 0.913288, 0.407314, 0.0234, -0.0, -0.407314, 0.913288, 0.0, 0.0, 0.0, 0.0, 1.0],
                [1.0, -0.0, 0.0, -0.0, -0.0, 0.913288, 0.407314, 0.0234, -0.0, -0.407314, 0.913288, -0.0, 0.0, 0.0, 0.0, 1.0]
            ]
        },
        {
            "name": "Ear_L",
            "time": [0.0, 0.0333, 0.0667, 0.1, 0.1333, 0.1667, 0.2, 0.2333, 0.2667, 0.3, 0.3333, 0.3667, 0.4, 0.4333, 0.4667, 0.5],
            "transform": [
                [0.893078, -0.054898, 0.446539, -0.01554, 0.447214, -0.0, -0.894427, 0.014053, 0.049102, 0.998492, 0.024551, 0.024077, 0.0, 0.0, 0.0, 1.0],
                [0.893078, -0.054898, 0.446539, -0.01554, 0.447214, -0.0, -0.894427, 0.014053, 0.049102, 0.998492, 0.024551, 0.024077, 0.0, 0.0, 0.0, 1.0],
                [0.893078, -0.054898, 0.446539, -0.01554, 0.447214, -0.0, -0.894427, 0.014053, 0.049102, 0.998492, 0.024551, 0.024077, 0.0, 0.0, 0.0, 1.0],
                [0.893079, -0.054898, 0.446539, -0.01554, 0.447214, -0.0, -0.894427, 0.014053, 0.049102, 0.998492, 0.024551, 0.024077, 0.0, 0.0, 0.0, 1.0],
                [0.893078, -0.054898, 0.446539, -0.01554, 0.447214, -0.0, -0.894427, 0.014053, 0.049102, 0.998492, 0.024551, 0.024077, 0.0, 0.0, 0.0, 1.0],
                [0.893078, -0.054898, 0.446539, -0.01554, 0.447214, -0.0, -0.894427, 0.014053, 0.049102, 0.998492, 0.024551, 0.024077, 0.0, 0.0, 0.0, 1.0],
                [0.893078, -0.054898, 0.446539, -0.01554, 0.447214, -0.0, -0.894427, 0.014053, 0.049102, 0.998492, 0.024551, 0.024077, 0.0, 0.0, 0.0, 1.0],
                [0.893078, -0.054898, 0.446539, -0.01554, 0.447214, -0.0, -0.894427, 0.014053, 0.049102, 0.998492, 0.024551, 0.024077, 0.0, 0.0, 0.0, 1.0],
                [0.893079, -0.054898, 0.446539, -0.01554, 0.447214, -0.0, -0.894427, 0.014053, 0.049102, 0.998492, 0.024551, 0.024077, 0.0, 0.0, 0.0, 1.0],
                [0.893078, -0.054898, 0.446539, -0.01554, 0.447214, -0.0, -0.894427, 0.014053, 0.049102, 0.998492, 0.024551, 0.024077, 0.0, 0.0, 0.0, 1.0],
                [0.893079, -0.054898, 0.446539, -0.01554, 0.447214, -0.0, -0.894427, 0.014053, 0.049102, 0.998492, 0.024551, 0.024077, 0.0, 0.0, 0.0, 1.0],
                [0.893078, -0.054898, 0.446539, -0.01554, 0.447214, -0.0, -0.894427, 0.014053, 0.049102, 0.998492, 0.024551, 0.024077, 0.0, 0.0, 0.0, 1.0],
                [0.893078, -0.054898, 0.446539, -0.01554, 0.447214, -0.0, -0.894427, 0.014053, 0.049102, 0.998492, 0.024551, 0.024077, 0.0, 0.0, 0.0, 1.0],
                [0.893079, -0.054898, 0.446539, -0.01554, 0.447214, -0.0, -0.894427, 0.014053, 0.049102, 0.998492, 0.024551, 0.024077, 0.0, 0.0, 0.0, 1.0],
                [0.893078, -0.054898, 0.446539, -0.01554, 0.447214, -0.0, -0.894427, 0.014053, 0.049102, 0.998492, 0.024551, 0.024077, 0.0, 0.0, 0.0, 1.0],
                [0.893078, -0.054898, 0.446539, -0.01554, 0.447214, -0.0, -0.894427, 0.014053, 0.049102, 0.998492, 0.024551, 0.024077, 0.0, 0.0, 0.0, 1.0]
            ]
        },
        {
            "name": "Ear_R",
            "time": [0.0, 0.0333, 0.0667, 0.1, 0.1333, 0.1667, 0.2, 0.2333, 0.2667, 0.3, 0.3333, 0.3667, 0.4, 0.4333, 0.4667, 0.5],
            "transform": [
                [0.893959, -0.032336, -0.44698, 0.016051, -0.447214, 0.0, -0.894427, 0.012723, 0.028922, 0.999477, -0.014461, 0.024084, 0.0, 0.0, 0.0, 1.0],
                [0.893959, -0.032336, -0.44698, 0.016051, -0.447214, 0.0, -0.894427, 0.012723, 0.028922, 0.999477, -0.014461, 0.024084, 0.0, 0.0, 0.0, 1.0],
                [0.89396, -0.032336, -0.44698, 0.016051, -0.447214, 0.0, -0.894427, 0.012723, 0.028922, 0.999477, -0.014461, 0.024084, 0.0, 0.0, 0.0, 1.0],
                [0.893959, -0.032336, -0.44698, 0.016051, -0.447214, 0.0, -0.894427, 0.012723, 0.028922, 0.999477, -0.014461, 0.024084, 0.0, 0.0, 0.0, 1.0],
                [0.893959, -0.032336, -0.44698, 0.016051, -0.447214, 0.0, -0.894427, 0.012723, 0.028922, 0.999477, -0.014461, 0.024084, 0.0, 0.0, 0.0, 1.0],
                [0.89396, -0.032336, -0.44698, 0.016051, -0.447214, 0.0, -0.894427, 0.012723, 0.028922, 0.999477, -0.014461, 0.024084, 0.0, 0.0, 0.0, 1.0],
                [0.893959, -0.032336, -0.44698, 0.016051, -0.447214, 0.0, -0.894427, 0.012723, 0.028922, 0.999477, -0.014461, 0.024084, 0.0, 0.0, 0.0, 1.0],
                [0.893959, -0.032336, -0.44698, 0.016051, -0.447214, 0.0, -0.894427, 0.012723, 0.028922, 0.999477, -0.014461, 0.024084, 0.0, 0.0, 0.0, 1.0],
                [0.893959, -0.032336, -0.44698, 0.016051, -0.447214, 0.0, -0.894427, 0.012723, 0.028922, 0.999477, -0.014461, 0.024084, 0.0, 0.0, 0.0, 1.0],
                [0.893959, -0.032336, -0.44698, 0.016051, -0.447214, 0.0, -0.894427, 0.012723, 0.028922, 0.999477, -0.014461, 0.024084, 0.0, 0.0, 0.0, 1.0],
                [0.893959, -0.032336, -0.44698, 0.016051, -0.447214, 0.0, -0.894427, 0.012723, 0.028922, 0.999477, -0.014461, 0.024084, 0.0, 0.0, 0.0, 1.0],
                [0.893959, -0.032336, -0.44698, 0.016051, -0.447214, 0.0, -0.894427, 0.012723, 0.028922, 0.999477, -0.014461, 0.024084, 0.0, 0.0, 0.0, 1.0],
                [0.893959, -0.032336, -0.44698, 0.016051, -0.447214, 0.0, -0.894427, 0.012723, 0.028922, 0.999477, -0.014461, 0.024084, 0.0, 0.0, 0.0, 1.0],
                [0.893959, -0.032336, -0.44698, 0.016051, -0.447214, 0.0, -0.894427, 0.012723, 0.028922, 0.999477, -0.014461, 0.024084, 0.0, 0.0, 0.0, 1.0],
                [0.893959, -0.032336, -0.44698, 0.016051, -0.447214, 0.0, -0.894427, 0.012723, 0.028922, 0.999477, -0.014461, 0.024084, 0.0, 0.0, 0.0, 1.0],
                [0.893959, -0.032336, -0.44698, 0.016051, -0.447214, 0.0, -0.894427, 0.012723, 0.028922, 0.999477, -0.014461, 0.024084, 0.0, 0.0, 0.0, 1.0]
            ]
        },
        {
            "name": "Chest.001",
            "time": [0.0, 0.0333, 0.0667, 0.1, 0.1333, 0.1667, 0.2, 0.2333, 0.2667, 0.3, 0.3333, 0.3667, 0.4, 0.4333, 0.4667, 0.5],
            "transform": [
                [0.8, 0.447213, -0.4, -0.0, -0.447214, 0.0, -0.894427, 0.048, -0.4, 0.894427, 0.2, -0.0, 0.0, 0.0, 0.0, 1.0],
                [0.8, 0.447213, -0.4, -0.0, -0.447214, 0.0, -0.894427, 0.048, -0.4, 0.894427, 0.2, 0.0, 0.0, 0.0, 0.0, 1.0],
                [0.8, 0.447213, -0.4, -0.0, -0.447214, -0.0, -0.894427, 0.048, -0.4, 0.894427, 0.2, -0.0, 0.0, 0.0, 0.0, 1.0],
                [0.8, 0.447213, -0.4, -0.0, -0.447214, -0.0, -0.894427, 0.048, -0.4, 0.894427, 0.2, -0.0, 0.0, 0.0, 0.0, 1.0],
                [0.8, 0.447213, -0.4, -0.0, -0.447214, -0.0, -0.894427, 0.048, -0.4, 0.894427, 0.2, -0.0, 0.0, 0.0, 0.0, 1.0],
                [0.8, 0.447213, -0.4, -0.0, -0.447214, 0.0, -0.894427, 0.048, -0.4, 0.894427, 0.2, -0.0, 0.0, 0.0, 0.0, 1.0],
                [0.8, 0.447213, -0.4, -0.0, -0.447214, -0.0, -0.894427, 0.048, -0.4, 0.894427, 0.2, -0.0, 0.0, 0.0, 0.0, 1.0],
                [0.8, 0.447213, -0.4, 0.0, -0.447214, -0.0, -0.894427, 0.048, -0.4, 0.894427, 0.2, 0.0, 0.0, 0.0, 0.0, 1.0],
                [0.8, 0.447213, -0.4, -0.0, -0.447214, -0.0, -0.894427, 0.048, -0.4, 0.894427, 0.2, -0.0, 0.0, 0.0, 0.0, 1.0],
                [0.8, 0.447213, -0.4, 0.0, -0.447214, 0.0, -0.894427, 0.048, -0.4, 0.894427, 0.2, -0.0, 0.0, 0.0, 0.0, 1.0],
                [0.8, 0.447213, -0.4, -0.0, -0.447214, -0.0, -0.894427, 0.048, -0.4, 0.894427, 0.2, 0.0, 0.0, 0.0, 0.0, 1.0],
                [0.8, 0.447213, -0.4, 0.0, -0.447214, 0.0, -0.894427, 0.048, -0.4, 0.894427, 0.2, 0.0, 0.0, 0.0, 0.0, 1.0],
                [0.8, 0.447213, -0.4, 0.0, -0.447214, 0.0, -0.894427, 0.048, -0.4, 0.894427, 0.2, -0.0, 0.0, 0.0, 0.0, 1.0],
                [0.8, 0.447213, -0.4, 0.0, -0.447214, -0.0, -0.894427, 0.048, -0.4, 0.894427, 0.2, -0.0, 0.0, 0.0, 0.0, 1.0],
                [0.8, 0.447213, -0.4, -0.0, -0.447214, -0.0, -0.894427, 0.048, -0.4, 0.894427, 0.2, 0.0, 0.0, 0.0, 0.0, 1.0],
                [0.8, 0.447213, -0.4, -0.0, -0.447214, 0.0, -0.894427, 0.048, -0.4, 0.894427, 0.2, -0.0, 0.0, 0.0, 0.0, 1.0]
            ]
        },
        {
            "name": "Shoulder_RR",
            "time": [0.0, 0.0333, 0.0667, 0.1, 0.1333, 0.1667, 0.2, 0.2333, 0.2667, 0.3, 0.3333, 0.3667, 0.4, 0.4333, 0.4667, 0.5],
            "transform": [
                [0.77183, 0.235704, -0.590527, 0.0, 0.297303, 0.687184, 0.662865, 0.0, 0.56204, -0.687184, 0.460313, -0.0, 0.0, 0.0, 0.0, 1.0],
                [0.77183, 0.235704, -0.590527, 0.0, 0.297303, 0.687184, 0.662865, 0.0, 0.56204, -0.687184, 0.460313, -0.0, 0.0, 0.0, 0.0, 1.0],
                [0.77183, 0.235704, -0.590527, 0.0, 0.297303, 0.687184, 0.662865, 0.0, 0.56204, -0.687184, 0.460313, -0.0, 0.0, 0.0, 0.0, 1.0],
                [0.77183, 0.235704, -0.590527, 0.0, 0.297303, 0.687184, 0.662865, 0.0, 0.56204, -0.687184, 0.460313, -0.0, 0.0, 0.0, 0.0, 1.0],
                [0.77183, 0.235704, -0.590527, 0.0, 0.297303, 0.687184, 0.662865, 0.0, 0.56204, -0.687184, 0.460313, -0.0, 0.0, 0.0, 0.0, 1.0],
                [0.77183, 0.235704, -0.590527, 0.0, 0.297303, 0.687184, 0.662865, 0.0, 0.56204, -0.687184, 0.460313, -0.0, 0.0, 0.0, 0.0, 1.0],
                [0.77183, 0.235704, -0.590527, 0.0, 0.297303, 0.687184, 0.662865, 0.0, 0.56204, -0.687184, 0.460313, -0.0, 0.0, 0.0, 0.0, 1.0],
                [0.77183, 0.235704, -0.590527, 0.0, 0.297303, 0.687184, 0.662865, 0.0, 0.56204, -0.687184, 0.460313, -0.0, 0.0, 0.0, 0.0, 1.0],
                [0.77183, 0.235704, -0.590527, 0.0, 0.297303, 0.687184, 0.662865, 0.0, 0.56204, -0.687184, 0.460313, -0.0, 0.0, 0.0, 0.0, 1.0],
                [0.77183, 0.235704, -0.590527, 0.0, 0.297303, 0.687184, 0.662865, 0.0, 0.56204, -0.687184, 0.460313, -0.0, 0.0, 0.0, 0.0, 1.0],
                [0.77183, 0.235704, -0.590527, 0.0, 0.297303, 0.687184, 0.662865, 0.0, 0.56204, -0.687184, 0.460313, 0.0, 0.0, 0.0, 0.0, 1.0],
                [0.77183, 0.235704, -0.590527, 0.0, 0.297303, 0.687184, 0.662865, 0.0, 0.56204, -0.687184, 0.460313, -0.0, 0.0, 0.0, 0.0, 1.0],
                [0.77183, 0.235704, -0.590527, 0.0, 0.297303, 0.687184, 0.662865, 0.0, 0.56204, -0.687184, 0.460313, -0.0, 0.0, 0.0, 0.0, 1.0],
                [0.77183, 0.235704, -0.590527, 0.0, 0.297303, 0.687184, 0.662865, 0.0, 0.56204, -0.687184, 0.460313, -0.0, 0.0, 0.0, 0.0, 1.0],
                [0.77183, 0.235704, -0.590527, 0.0, 0.297303, 0.687184, 0.662865, 0.0, 0.56204, -0.687184, 0.460313, -0.0, 0.0, 0.0, 0.0, 1.0],
                [0.77183, 0.235704, -0.590527, 0.0, 0.297303, 0.687184, 0.662865, 0.0, 0.56204, -0.687184, 0.460313, -0.0, 0.0, 0.0, 0.0, 1.0]
            ]
        },
        {
            "name": "Thigh_RR",
            "time": [0.0, 0.0333, 0.0667, 0.1, 0.1333, 0.1667, 0.2, 0.2333, 0.2667, 0.3, 0.3333, 0.3667, 0.4, 0.4333, 0.4667, 0.5],
            "transform": [
                [0.942338, -0.332002, -0.042117, -0.0, 0.333793, 0.941485, 0.046786, 0.04191, 0.024119, -0.058147, 0.998017, 0.0, 0.0, 0.0, 0.0, 1.0],
                [0.95678, -0.289871, -0.023397, -0.0, 0.289702, 0.957061, -0.010363, 0.04191, 0.025397, 0.003137, 0.999673, 0.0, 0.0, 0.0, 0.0, 1.0],
                [0.950881, -0.307996, -0.031044, -0.0, 0.308529, 0.951111, 0.01404, 0.04191, 0.025202, -0.022929, 0.999419, 0.0, 0.0, 0.0, 0.0, 1.0],
                [0.933599, -0.354311, -0.053444, -0.0, 0.35763, 0.930627, 0.077684, 0.04191, 0.022212, -0.091639, 0.995545, 0.0, 0.0, 0.0, 0.0, 1.0],
                [0.905033, -0.415608, -0.090471, -0.0, 0.425176, 0.8899, 0.165237, 0.04191, 0.011836, -0.188011, 0.982096, 0.0, 0.0, 0.0, 0.0, 1.0],
