{
    "animation": [
        {
            "name": "Root",
            "time": [0.0, 0.0333, 0.0667, 0.1, 0.1333, 0.1667, 0.2, 0.2333, 0.2667, 0.3, 0.3333, 0.3667, 0.4, 0.4333, 0.4667, 0.5, 0.5333],
            "transform": [
                [1.0, 0.0, 0.0, -0.000507, 0.0, 1.0, 0.0, -0.523665, 0.0, 0.0, 1.0, 0.667478, 0.0, 0.0, 0.0, 1.0],
                [1.0, 0.0, 0.0, -0.000507, 0.0, 0.999996, 0.002992, -0.523575, 0.0, -0.002992, 0.999996, 0.671928, 0.0, 0.0, 0.0, 1.0],
                [1.0, 0.0, 0.0, -0.000507, 0.0, 0.999939, 0.011011, -0.523334, 0.0, -0.011011, 0.999939, 0.682509, 0.0, 0.0, 0.0, 1.0],
                [1.0, 0.0, 0.0, -0.000507, 0.0, 0.999744, 0.02262, -0.522985, 0.0, -0.02262, 0.999744, 0.695067, 0.0, 0.0, 0.0, 1.0],
                [1.0, 0.0, 0.0, -0.000507, 0.0, 0.999338, 0.036382, -0.522571, 0.0, -0.036382, 0.999338, 0.70545, 0.0, 0.0, 0.0, 1.0],
                [1.0, 0.0, 0.0, -0.000507, 0.0, 0.998706, 0.050855, -0.522136, 0.0, -0.050855, 0.998706, 0.710671, 0.0, 0.0, 0.0, 1.0],
                [1.0, 0.0, 0.0, -0.000507, 0.0, 0.997911, 0.064599, -0.521722, 0.0, -0.064599, 0.997911, 0.712413, 0.0, 0.0, 0.0, 1.0],
                [1.0, 0.0, 0.0, -0.000507, 0.0, 0.997094, 0.076182, -0.521373, 0.0, -0.076182, 0.997094, 0.713523, 0.0, 0.0, 0.0, 1.0],
                [1.0, 0.0, 0.0, -0.000507, 0.0, 0.996451, 0.084175, -0.521132, 0.0, -0.084175, 0.996451, 0.716851, 0.0, 0.0, 0.0, 1.0],
                [1.0, 0.0, 0.0, -0.000507, 0.0, 0.996195, 0.087156, -0.521042, 0.0, -0.087156, 0.996195, 0.725246, 0.0, 0.0, 0.0, 1.0],
                [1.0, 0.0, 0.0, -0.000507, 0.0, 0.996604, 0.08234, -0.522653, 0.0, -0.08234, 0.996604, 0.762907, 0.0, 0.0, 0.0, 1.0],
                [1.0, 0.0, 0.0, -0.000507, 0.0, 0.997553, 0.069911, -0.524264, 0.0, -0.069911, 0.997553, 0.79463, 0.0, 0.0, 0.0, 1.0],
                [1.0, 0.0, 0.0, -0.000507, 0.0, 0.9986, 0.052896, -0.524201, 0.0, -0.052896, 0.9986, 0.781406, 0.0, 0.0, 0.0, 1.0],
                [1.0, 0.0, 0.0, -0.000507, 0.0, 0.99941, 0.034339, -0.524053, 0.0, -0.034339, 0.99941, 0.749872, 0.0, 0.0, 0.0, 1.0],
                [1.0, 0.0, 0.0, -0.000507, 0.0, 0.99985, 0.017297, -0.523876, 0.0, -0.017297, 0.99985, 0.712235, 0.0, 0.0, 0.0, 1.0],
                [1.0, 0.0, 0.0, -0.000507, 0.0, 0.999988, 0.004833, -0.523727, 0.0, -0.004833, 0.999988, 0.680702, 0.0, 0.0, 0.0, 1.0],
                [1.0, 0.0, 0.0, -0.000507, 0.0, 1.0, 0.0, -0.523665, 0.0, 0.0, 1.0, 0.667478, 0.0, 0.0, 0.0, 1.0]
            ]
        },
        {
            "name": "Torso",
            "time": [0.0, 0.0333, 0.0667, 0.1, 0.1333, 0.1667, 0.2, 0.2333, 0.2667, 0.3, 0.3333, 0.3667, 0.4, 0.4333, 0.4667, 0.5, 0.5333],
            "transform": [
                [0.99383, 0.068595, 0.087156, 0.0, -0.061016, 0.994353, -0.086824, 0.179686, -0.092619, 0.08097, 0.992404, 0.0, 0.0, 0.0, 0.0, 1.0],
                [0.99383, 0.068595, 0.087156, 0.0, -0.062203, 0.995313, -0.074044, 0.179686, -0.091826, 0.068166, 0.993439, 0.0, 0.0, 0.0, 0.0, 1.0],
                [0.99383, 0.068595, 0.087156, 0.0, -0.06534, 0.997074, -0.039669, 0.179686, -0.089622, 0.03373, 0.995405, 0.0, 0.0, 0.0, 0.0, 1.0],
                [0.99383, 0.068595, 0.087156, 0.0, -0.069753, 0.997511, 0.010315, 0.179686, -0.086231, -0.01633, 0.996141, -0.0, 0.0, 0.0, 0.0, 1.0],
                [0.99383, 0.068595, 0.087156, 0.0, -0.074769, 0.994764, 0.069673, 0.179686, -0.08192, -0.07576, 0.993755, -0.0, 0.0, 0.0, 0.0, 1.0],
                [0.99383, 0.068595, 0.087156, 0.0, -0.079764, 0.988047, 0.131914, 0.179686, -0.077065, -0.138052, 0.987422, -0.0, 0.0, 0.0, 0.0, 1.0],
                [0.99383, 0.068595, 0.087156, 0.0, -0.084216, 0.978061, 0.190536, 0.179686, -0.072174, -0.196701, 0.977804, 0.0, 0.0, 0.0, 0.0, 1.0],
                [0.99383, 0.068595, 0.087156, 0.0, -0.08773, 0.966962, 0.239347, 0.179686, -0.067858, -0.245517, 0.967014, 0.0, 0.0, 0.0, 0.0, 1.0],
                [0.99383, 0.068595, 0.087156, 0.0, -0.090023, 0.957901, 0.272622, 0.179686, -0.064786, -0.278786, 0.958166, 0.0, 0.0, 0.0, 0.0, 1.0],
                [0.99383, 0.068595, 0.087156, 0.0, -0.090849, 0.954233, 0.284932, 0.179686, -0.063622, -0.291092, 0.954577, 0.0, 0.0, 0.0, 0.0, 1.0],
                [0.99383, 0.068595, 0.087156, 0.0, -0.090775, 0.95457, 0.283822, 0.179686, -0.063728, -0.289983, 0.954908, -0.0, 0.0, 0.0, 0.0, 1.0],
                [0.99383, 0.068595, 0.087156, 0.0, -0.090253, 0.956899, 0.276042, 0.179686, -0.064464, -0.282205, 0.957186, 0.0, 0.0, 0.0, 0.0, 1.0],
                [0.99383, 0.068594, 0.087156, -0.0, -0.088806, 0.962906, 0.254806, 0.179686, -0.066444, -0.260974, 0.963056, 0.0, 0.0, 0.0, 0.0, 1.0],
                [0.99383, 0.068594, 0.087156, 0.0, -0.085855, 0.973273, 0.213001, 0.179686, -0.070216, -0.21917, 0.973157, -0.0, 0.0, 0.0, 0.0, 1.0],
                [0.99383, 0.068595, 0.087156, 0.0, -0.078137, 0.990714, 0.111266, 0.179686, -0.078714, -0.11739, 0.989961, 0.0, 0.0, 0.0, 0.0, 1.0],
                [0.99383, 0.068595, 0.087156, -0.0, -0.06697, 0.997525, -0.021428, 0.179686, -0.08841, 0.015458, 0.995964, -0.0, 0.0, 0.0, 0.0, 1.0],
                [0.99383, 0.068595, 0.087156, 0.0, -0.061016, 0.994353, -0.086824, 0.179686, -0.092619, 0.08097, 0.992404, 0.0, 0.0, 0.0, 0.0, 1.0]
            ]
        },
        {
            "name": "Chest",
            "time": [0.0, 0.0333, 0.0667, 0.1, 0.1333, 0.1667, 0.2, 0.2333, 0.2667, 0.3, 0.3333, 0.3667, 0.4, 0.4333, 0.4667, 0.5, 0.5333],
            "transform": [
                [0.988707, -0.129237, -0.075865, 0.0, 0.129288, 0.991598, -0.004259, 0.419267, 0.075778, -0.005597, 0.997109, -0.0, 0.0, 0.0, 0.0, 1.0],
                [0.989218, -0.125962, -0.074713, -0.0, 0.124321, 0.991895, -0.026233, 0.419268, 0.077412, 0.016661, 0.99686, 0.0, 0.0, 0.0, 0.0, 1.0],
                [0.990375, -0.118115, -0.072151, -0.0, 0.112248, 0.990408, -0.080582, 0.419268, 0.080977, 0.071708, 0.994133, 0.0, 0.0, 0.0, 0.0, 1.0],
                [0.991644, -0.108729, -0.069426, 0.0, 0.097407, 0.98393, -0.149643, 0.419268, 0.084581, 0.14163, 0.9863, 0.0, 0.0, 0.0, 0.0, 1.0],
                [0.992609, -0.101041, -0.067213, -0.0, 0.084427, 0.972822, -0.215614, 0.419268, 0.087172, 0.208346, 0.974163, -0.0, 0.0, 0.0, 0.0, 1.0],
                [0.992987, -0.098416, -0.065502, 0.0, 0.078098, 0.962035, -0.261513, 0.419268, 0.088752, 0.254564, 0.962975, -0.0, 0.0, 0.0, 0.0, 1.0],
                [0.992937, -0.100626, -0.062851, 0.0, 0.078567, 0.954647, -0.287187, 0.419268, 0.088899, 0.280221, 0.95581, -0.0, 0.0, 0.0, 0.0, 1.0],
                [0.992775, -0.104731, -0.058558, 0.0, 0.082156, 0.948991, -0.30441, 0.419268, 0.087453, 0.2974, 0.950739, -0.0, 0.0, 0.0, 0.0, 1.0],
                [0.99248, -0.110103, -0.05348, 0.0, 0.087871, 0.945041, -0.314924, 0.419268, 0.085215, 0.307856, 0.947609, 0.0, 0.0, 0.0, 0.0, 1.0],
                [0.992048, -0.11614, -0.048506, -0.0, 0.094678, 0.942537, -0.320405, 0.419268, 0.082931, 0.313264, 0.946038, -0.0, 0.0, 0.0, 0.0, 1.0],
                [0.991502, -0.122231, -0.044534, -0.0, 0.101533, 0.941107, -0.322504, 0.419268, 0.081331, 0.315241, 0.94552, -0.0, 0.0, 0.0, 0.0, 1.0],
                [0.990898, -0.127747, -0.042453, 0.0, 0.107394, 0.940328, -0.322876, 0.419268, 0.081166, 0.315378, 0.945489, -0.0, 0.0, 0.0, 0.0, 1.0],
                [0.990259, -0.131628, -0.045391, -0.0, 0.112957, 0.950085, -0.290824, 0.419267, 0.081406, 0.282864, 0.955699, 0.0, 0.0, 0.0, 0.0, 1.0],
                [0.989636, -0.133163, -0.053741, 0.0, 0.118937, 0.969817, -0.212861, 0.419268, 0.080464, 0.204263, 0.975603, 0.0, 0.0, 0.0, 0.0, 1.0],
                [0.989132, -0.132399, -0.063943, 0.0, 0.124248, 0.985214, -0.117966, 0.419268, 0.078616, 0.108739, 0.990957, -0.0, 0.0, 0.0, 0.0, 1.0],
                [0.988815, -0.130403, -0.072389, 0.0, 0.12793, 0.991061, -0.037831, 0.419268, 0.076675, 0.028147, 0.996659, -0.0, 0.0, 0.0, 0.0, 1.0],
                [0.988707, -0.129237, -0.075865, 0.0, 0.129288, 0.991598, -0.004259, 0.419267, 0.075778, -0.005597, 0.997109, -0.0, 0.0, 0.0, 0.0, 1.0]
            ]
        },
        {
            "name": "Shoulder_FR",
            "time": [0.0, 0.0333, 0.0667, 0.1, 0.1333, 0.1667, 0.2, 0.2333, 0.2667, 0.3, 0.3333, 0.3667, 0.4, 0.4333, 0.4667, 0.5, 0.5333],
            "transform": [
                [0.359856, 0.324445, 0.87478, -0.0, -0.924808, 1e-06, 0.380436, 0.299477, 0.12343, -0.945905, 0.300049, -0.0, 0.0, 0.0, 0.0, 1.0],
                [0.359856, 0.324445, 0.874779, -0.0, -0.924807, 1e-06, 0.380436, 0.299477, 0.12343, -0.945904, 0.300049, 0.0, 0.0, 0.0, 0.0, 1.0],
                [0.359856, 0.324445, 0.87478, 0.0, -0.924808, 1e-06, 0.380436, 0.299477, 0.12343, -0.945905, 0.300049, 0.0, 0.0, 0.0, 0.0, 1.0],
                [0.359856, 0.324445, 0.874779, 0.0, -0.924807, 1e-06, 0.380436, 0.299477, 0.12343, -0.945904, 0.300049, -0.0, 0.0, 0.0, 0.0, 1.0],
                [0.359856, 0.324445, 0.87478, -0.0, -0.924808, 1e-06, 0.380436, 0.299477, 0.12343, -0.945905, 0.30005, -0.0, 0.0, 0.0, 0.0, 1.0],
                [0.359856, 0.324445, 0.87478, 0.0, -0.924808, 1e-06, 0.380436, 0.299477, 0.12343, -0.945905, 0.30005, -0.0, 0.0, 0.0, 0.0, 1.0],
                [0.359856, 0.324445, 0.87478, 0.0, -0.924807, 1e-06, 0.380435, 0.299477, 0.12343, -0.945904, 0.300049, -0.0, 0.0, 0.0, 0.0, 1.0],
                [0.359856, 0.324445, 0.874779, 0.0, -0.924807, 1e-06, 0.380435, 0.299477, 0.12343, -0.945904, 0.300049, -0.0, 0.0, 0.0, 0.0, 1.0],
                [0.359856, 0.324445, 0.87478, 0.0, -0.924807, 1e-06, 0.380436, 0.299477, 0.12343, -0.945904, 0.300049, 0.0, 0.0, 0.0, 0.0, 1.0],
                [0.359856, 0.324445, 0.87478, 0.0, -0.924807, 1e-06, 0.380435, 0.299477, 0.12343, -0.945905, 0.300049, -0.0, 0.0, 0.0, 0.0, 1.0],
                [0.359856, 0.324445, 0.87478, -0.0, -0.924808, 1e-06, 0.380436, 0.299477, 0.12343, -0.945905, 0.300049, -0.0, 0.0, 0.0, 0.0, 1.0],
                [0.359856, 0.324445, 0.87478, -0.0, -0.924807, 1e-06, 0.380436, 0.299477, 0.12343, -0.945905, 0.30005, -0.0, 0.0, 0.0, 0.0, 1.0],
                [0.359856, 0.324445, 0.87478, 0.0, -0.924807, 1e-06, 0.380436, 0.299477, 0.12343, -0.945905, 0.300049, 0.0, 0.0, 0.0, 0.0, 1.0],
                [0.359856, 0.324445, 0.87478, 0.0, -0.924808, 1e-06, 0.380436, 0.299477, 0.12343, -0.945905, 0.300049, -0.0, 0.0, 0.0, 0.0, 1.0],
                [0.359856, 0.324445, 0.874779, -0.0, -0.924807, 1e-06, 0.380436, 0.299477, 0.12343, -0.945904, 0.300049, 0.0, 0.0, 0.0, 0.0, 1.0],
                [0.359856, 0.324445, 0.87478, -0.0, -0.924807, 1e-06, 0.380436, 0.299477, 0.12343, -0.945905, 0.30005, -0.0, 0.0, 0.0, 0.0, 1.0],
                [0.359856, 0.324445, 0.87478, -0.0, -0.924808, 1e-06, 0.380436, 0.299477, 0.12343, -0.945905, 0.300049, -0.0, 0.0, 0.0, 0.0, 1.0]
            ]
        },
        {
            "name": "Thigh_FR",
            "time": [0.0, 0.0333, 0.0667, 0.1, 0.1333, 0.1667, 0.2, 0.2333, 0.2667, 0.3, 0.3333, 0.3667, 0.4, 0.4333, 0.4667, 0.5, 0.5333],
            "transform": [
                [0.823743, 0.428101, 0.371721, 0.0, -0.556102, 0.737793, 0.382639, 0.189962, -0.110445, -0.52191, 0.84582, 0.0, 0.0, 0.0, 0.0, 1.0],
                [0.878758, 0.308477, 0.364179, -0.0, -0.443649, 0.809283, 0.385015, 0.189962, -0.175956, -0.499903, 0.848019, 0.0, 0.0, 0.0, 0.0, 1.0],
                [0.918716, 0.171231, 0.355866, 0.0, -0.311475, 0.86815, 0.386392, 0.189962, -0.242783, -0.465828, 0.850917, 0.0, 0.0, 0.0, 0.0, 1.0],
                [0.937684, 0.018556, 0.346992, 0.0, -0.160974, 0.908159, 0.386438, 0.189962, -0.307953, -0.418214, 0.854554, -0.0, 0.0, 0.0, 0.0, 1.0],
                [0.837386, -0.44188, 0.321757, 0.0, 0.318573, 0.87286, 0.369629, 0.189962, -0.44418, -0.207019, 0.871692, 0.0, 0.0, 0.0, 0.0, 1.0],
                [0.532142, -0.787937, 0.309807, 0.0, 0.710992, 0.614558, 0.341774, 0.189962, -0.459691, 0.038397, 0.887249, 0.0, 0.0, 0.0, 0.0, 1.0],
                [0.158614, -0.936727, 0.312066, 0.0, 0.913442, 0.259196, 0.313754, 0.189962, -0.374788, 0.235288, 0.896757, 0.0, 0.0, 0.0, 0.0, 1.0],
                [0.333975, -0.884349, 0.32617, 0.0, 0.840263, 0.436126, 0.322105, 0.189962, -0.427105, 0.166494, 0.888742, 0.0, 0.0, 0.0, 0.0, 1.0],
                [0.500334, -0.795265, 0.342372, -0.0, 0.729874, 0.600115, 0.327332, 0.189962, -0.465778, 0.086113, 0.880701, 0.0, 0.0, 0.0, 0.0, 1.0],
                [0.646488, -0.672767, 0.359775, 0.0, 0.586894, 0.739853, 0.328898, 0.189962, -0.487452, -0.001479, 0.873149, 0.0, 0.0, 0.0, 0.0, 1.0],
                [0.763272, -0.524469, 0.377291, 0.0, 0.420217, 0.846572, 0.3267, 0.189962, -0.490748, -0.090817, 0.866556, 0.0, 0.0, 0.0, 0.0, 1.0],
                [0.846159, -0.381379, 0.372244, 0.0, 0.260349, 0.905279, 0.33569, 0.189962, -0.46501, -0.187133, 0.865302, -0.0, 0.0, 0.0, 0.0, 1.0],
                [0.902886, -0.22112, 0.368651, 0.0, 0.087761, 0.934317, 0.345471, 0.189962, -0.420827, -0.279567, 0.862987, -0.0, 0.0, 0.0, 0.0, 1.0],
                [0.928887, -0.051328, 0.36679, 0.0, -0.088989, 0.930406, 0.355562, 0.189962, -0.359514, -0.362917, 0.859675, 0.0, 0.0, 0.0, 0.0, 1.0],
                [0.922666, 0.119041, 0.366765, 0.0, -0.260555, 0.893628, 0.365432, 0.189962, -0.28425, -0.432734, 0.855537, 0.0, 0.0, 0.0, 0.0, 1.0],
                [0.886071, 0.281232, 0.368492, -0.0, -0.418396, 0.827425, 0.374584, 0.189962, -0.199554, -0.486083, 0.850824, 0.0, 0.0, 0.0, 0.0, 1.0],
                [0.823743, 0.428101, 0.371721, 0.0, -0.556102, 0.737793, 0.382639, 0.189962, -0.110445, -0.52191, 0.84582, 0.0, 0.0, 0.0, 0.0, 1.0]
            ]
        },
        {
            "name": "Leg_FR",
            "time": [0.0, 0.0333, 0.0667, 0.1, 0.1333, 0.1667, 0.2, 0.2333, 0.2667, 0.3, 0.3333, 0.3667, 0.4, 0.4333, 0.4667, 0.5, 0.5333],
            "transform": [
                [0.708224, 0.704017, 0.052716, -0.0, -0.699608, 0.70988, -0.081357, 0.239581, -0.094699, 0.020739, 0.99529, -0.0, 0.0, 0.0, 0.0, 1.0],
                [0.798593, 0.59969, 0.051209, 0.0, -0.596249, 0.799866, -0.068565, 0.239581, -0.082078, 0.024222, 0.996332, 0.0, 0.0, 0.0, 0.0, 1.0],
                [0.874762, 0.482181, 0.047887, -0.0, -0.479631, 0.875687, -0.055914, 0.239581, -0.068895, 0.025943, 0.997287, 0.0, 0.0, 0.0, 0.0, 1.0],
                [0.934037, 0.354603, 0.042797, 0.0, -0.352833, 0.934661, -0.043787, 0.239581, -0.055527, 0.025798, 0.998124, -0.0, 0.0, 0.0, 0.0, 1.0],
                [0.97467, 0.220719, 0.036087, 0.0, -0.219599, 0.975047, -0.032541, 0.239581, -0.042369, 0.023792, 0.998819, -0.0, 0.0, 0.0, 0.0, 1.0],
                [0.996023, 0.084588, 0.028, -0.0, -0.083972, 0.996215, -0.022475, 0.239581, -0.029795, 0.020035, 0.999355, -0.0, 0.0, 0.0, 0.0, 1.0],
                [0.988701, 0.146485, 0.031828, 0.0, -0.145659, 0.98897, -0.026888, 0.239581, -0.035416, 0.021948, 0.999132, -0.0, 0.0, 0.0, 0.0, 1.0],
                [0.977408, 0.208375, 0.035405, 0.0, -0.207307, 0.977766, -0.031573, 0.239581, -0.041196, 0.02352, 0.998874, 0.0, 0.0, 0.0, 0.0, 1.0],
                [0.962116, 0.269879, 0.038701, 0.0, -0.26854, 0.962577, -0.036508, 0.239581, -0.047105, 0.024732, 0.998584, 0.0, 0.0, 0.0, 0.0, 1.0],
                [0.942845, 0.330612, 0.041691, 0.0, -0.328971, 0.943421, -0.041667, 0.239581, -0.053108, 0.02557, 0.998261, 0.0, 0.0, 0.0, 0.0, 1.0],
                [0.919666, 0.390189, 0.044354, 0.0, -0.388219, 0.920367, -0.047021, 0.239581, -0.059169, 0.026025, 0.997909, -0.0, 0.0, 0.0, 0.0, 1.0],
                [0.892696, 0.448237, 0.04667, -0.0, -0.445911, 0.893534, -0.052539, 0.239581, -0.065251, 0.026091, 0.997528, 0.0, 0.0, 0.0, 0.0, 1.0],
                [0.862101, 0.504397, 0.048625, 0.0, -0.501692, 0.863087, -0.058186, 0.239581, -0.071317, 0.025768, 0.997121, -0.0, 0.0, 0.0, 0.0, 1.0],
                [0.828092, 0.558339, 0.050211, 0.0, -0.555233, 0.829235, -0.063928, 0.239581, -0.07733, 0.02506, 0.996691, -0.0, 0.0, 0.0, 0.0, 1.0],
                [0.790917, 0.609759, 0.05142, -0.0, -0.606233, 0.792224, -0.069728, 0.239581, -0.083253, 0.023976, 0.99624, 0.0, 0.0, 0.0, 0.0, 1.0],
                [0.750858, 0.658393, 0.052254, 0.0, -0.654432, 0.752337, -0.075549, 0.239581, -0.089054, 0.02253, 0.995772, -0.0, 0.0, 0.0, 0.0, 1.0],
                [0.708224, 0.704017, 0.052716, -0.0, -0.699608, 0.70988, -0.081357, 0.239581, -0.094699, 0.020739, 0.99529, -0.0, 0.0, 0.0, 0.0, 1.0]
            ]
        },
        {
            "name": "Shoulder_FL",
            "time": [0.0, 0.0333, 0.0667, 0.1, 0.1333, 0.1667, 0.2, 0.2333, 0.2667, 0.3, 0.3333, 0.3667, 0.4, 0.4333, 0.4667, 0.5, 0.5333],
            "transform": [
                [0.537518, -0.324445, -0.778338, -0.0, 0.822851, 1e-06, 0.568258, 0.299477, -0.184368, -0.945905, 0.26697, -0.0, 0.0, 0.0, 0.0, 1.0],
                [0.550028, -0.321921, -0.770608, -0.0, 0.8275, 0.085502, 0.554917, 0.299477, -0.112751, -0.942898, 0.313419, 0.0, 0.0, 0.0, 0.0, 1.0],
                [0.56251, -0.318117, -0.763141, 0.0, 0.825801, 0.171036, 0.5374, 0.299477, -0.040432, -0.932496, 0.35891, 0.0, 0.0, 0.0, 0.0, 1.0],
                [0.574821, -0.313052, -0.756029, 0.0, 0.817663, 0.255612, 0.515839, 0.299477, 0.031766, -0.914692, 0.402902, -0.0, 0.0, 0.0, 0.0, 1.0],
                [0.586816, -0.30678, -0.749355, -0.0, 0.803141, 0.338252, 0.490459, 0.299477, 0.103008, -0.889647, 0.444879, -0.0, 0.0, 0.0, 0.0, 1.0],
                [0.598361, -0.299378, -0.743194, 0.0, 0.78244, 0.418018, 0.461571, 0.299477, 0.172484, -0.857691, 0.484371, -0.0, 0.0, 0.0, 0.0, 1.0],
                [0.609332, -0.29095, -0.737606, 0.0, 0.7559, 0.494054, 0.429565, 0.299477, 0.239435, -0.819304, 0.520972, -0.0, 0.0, 0.0, 0.0, 1.0],
                [0.602825, -0.296123, -0.740887, 0.0, 0.772501, 0.448925, 0.449119, 0.299477, 0.199608, -0.843076, 0.499379, -0.0, 0.0, 0.0, 0.0, 1.0],
                [0.596095, -0.300944, -0.744382, 0.0, 0.78706, 0.402338, 0.467611, 0.299477, 0.158768, -0.864614, 0.476692, 0.0, 0.0, 0.0, 0.0, 1.0],
                [0.589166, -0.305387, -0.74808, 0.0, 0.799486, 0.354464, 0.48495, 0.299477, 0.11707, -0.883795, 0.45299, -0.0, 0.0, 0.0, 0.0, 1.0],
                [0.582065, -0.309429, -0.751967, -0.0, 0.809706, 0.30549, 0.501051, 0.299477, 0.074679, -0.900516, 0.428362, -0.0, 0.0, 0.0, 0.0, 1.0],
                [0.574821, -0.313052, -0.756029, -0.0, 0.817663, 0.255612, 0.515839, 0.299477, 0.031766, -0.914692, 0.402902, -0.0, 0.0, 0.0, 0.0, 1.0],
                [0.567463, -0.31624, -0.760249, 0.0, 0.823319, 0.205037, 0.529251, 0.299477, -0.011491, -0.926257, 0.376717, 0.0, 0.0, 0.0, 0.0, 1.0],
                [0.560023, -0.318979, -0.764609, 0.0, 0.826655, 0.153974, 0.541233, 0.299477, -0.054913, -0.935171, 0.349915, -0.0, 0.0, 0.0, 0.0, 1.0],
                [0.552531, -0.321263, -0.76909, -0.0, 0.827673, 0.102638, 0.551745, 0.299477, -0.098317, -0.941412, 0.322611, 0.0, 0.0, 0.0, 0.0, 1.0],
                [0.545019, -0.323085, -0.773673, -0.0, 0.826392, 0.051243, 0.560758, 0.299477, -0.141527, -0.944982, 0.294923, -0.0, 0.0, 0.0, 0.0, 1.0],
                [0.537518, -0.324445, -0.778338, -0.0, 0.822851, 1e-06, 0.568258, 0.299477, -0.184368, -0.945905, 0.26697, -0.0, 0.0, 0.0, 0.0, 1.0]
            ]
        },
        {
            "name": "Thigh_FL",
            "time": [0.0, 0.0333, 0.0667, 0.1, 0.1333, 0.1667, 0.2, 0.2333, 0.2667, 0.3, 0.3333, 0.3667, 0.4, 0.4333, 0.4667, 0.5, 0.5333],
            "transform": [
                [0.998694, -0.050975, 0.003478, 0.0, 0.047518, 0.951675, 0.303407, 0.189962, -0.018776, -0.302846, 0.952854, -0.0, 0.0, 0.0, 0.0, 1.0],
                [0.993538, -0.112866, 0.011962, -0.0, 0.101645, 0.931716, 0.348674, 0.189962, -0.050498, -0.345205, 0.937167, 0.0, 0.0, 0.0, 0.0, 1.0],
                [0.984263, -0.175837, 0.017522, -0.0, 0.154801, 0.905809, 0.394393, 0.189962, -0.08522, -0.385474, 0.918775, -0.0, 0.0, 0.0, 0.0, 1.0],
                [0.970742, -0.239295, 0.019942, -0.0, 0.206382, 0.873902, 0.440116, 0.189962, -0.122745, -0.423124, 0.897719, 0.0, 0.0, 0.0, 0.0, 1.0],
                [0.999321, 0.030215, 0.021065, -0.0, -0.035076, 0.955173, 0.293964, 0.189962, -0.011239, -0.294503, 0.955584, -0.0, 0.0, 0.0, 0.0, 1.0],
                [0.95243, 0.303943, -0.022266, -0.0, -0.298015, 0.944153, 0.140577, 0.189962, 0.06375, -0.127254, 0.989819, 0.0, 0.0, 0.0, 0.0, 1.0],
                [0.834617, 0.54073, -0.105001, -0.0, -0.54348, 0.839417, 0.002857, 0.189962, 0.089685, 0.054681, 0.994468, 0.0, 0.0, 0.0, 0.0, 1.0],
                [0.669846, 0.711761, -0.211433, 0.0, -0.739356, 0.665573, -0.101809, 0.189962, 0.06826, 0.224521, 0.972076, -0.0, 0.0, 0.0, 0.0, 1.0],
                [0.628621, 0.740067, -0.239033, -0.0, -0.776209, 0.616135, -0.133706, 0.189962, 0.048325, 0.26959, 0.961762, 0.0, 0.0, 0.0, 0.0, 1.0],
                [0.585887, 0.764763, -0.268094, 0.0, -0.809982, 0.56315, -0.16368, 0.189962, 0.025801, 0.313049, 0.949387, -0.0, 0.0, 0.0, 0.0, 1.0],
                [0.541979, 0.785636, -0.298387, -0.0, -0.840392, 0.507027, -0.191482, 0.189962, 0.000856, 0.354541, 0.93504, 0.0, 0.0, 0.0, 0.0, 1.0],
                [0.497251, 0.802533, -0.329668, 0.0, -0.867208, 0.448226, -0.216898, 0.189962, -0.026302, 0.393743, 0.918844, 0.0, 0.0, 0.0, 0.0, 1.0],
                [0.664441, 0.712087, -0.226827, 0.0, -0.746408, 0.647468, -0.153818, 0.189962, 0.037332, 0.271509, 0.961712, 0.0, 0.0, 0.0, 0.0, 1.0],
                [0.812733, 0.567284, -0.132871, -0.0, -0.57799, 0.81375, -0.061142, 0.189962, 0.073439, 0.12649, 0.989246, -0.0, 0.0, 0.0, 0.0, 1.0],
                [0.92393, 0.377986, -0.058994, 0.0, -0.375119, 0.925388, 0.054254, 0.189962, 0.075099, -0.027997, 0.996783, 0.0, 0.0, 0.0, 0.0, 1.0],
                [0.98636, 0.164094, -0.01295, 0.0, -0.159117, 0.970667, 0.18024, 0.189962, 0.042147, -0.175721, 0.983537, -0.0, 0.0, 0.0, 0.0, 1.0],
                [0.998694, -0.050975, 0.003478, 0.0, 0.047518, 0.951675, 0.303407, 0.189962, -0.018776, -0.302846, 0.952854, -0.0, 0.0, 0.0, 0.0, 1.0]
            ]
        },
        {
            "name": "Leg_FL",
            "time": [0.0, 0.0333, 0.0667, 0.1, 0.1333, 0.1667, 0.2, 0.2333, 0.2667, 0.3, 0.3333, 0.3667, 0.4, 0.4333, 0.4667, 0.5, 0.5333],
            "transform": [
                [0.516338, -0.796133, -0.315544, -0.0, 0.778409, 0.28269, 0.560506, 0.239581, -0.357036, -0.535032, 0.76568, 0.0, 0.0, 0.0, 0.0, 1.0],
                [0.59533, -0.756881, -0.269653, 0.0, 0.747329, 0.398352, 0.531804, 0.239581, -0.295095, -0.518119, 0.80279, 0.0, 0.0, 0.0, 0.0, 1.0],
                [0.672481, -0.70478, -0.22595, 0.0, 0.70246, 0.51166, 0.494727, 0.239581, -0.233064, -0.491416, 0.839161, 0.0, 0.0, 0.0, 0.0, 1.0],
                [0.745546, -0.640027, -0.185814, -0.0, 0.643716, 0.619348, 0.449485, 0.239581, -0.172599, -0.454723, 0.873748, 0.0, 0.0, 0.0, 0.0, 1.0],
                [0.812257, -0.563529, -0.150578, -0.0, 0.571759, 0.718104, 0.39676, 0.239581, -0.115455, -0.408365, 0.905488, -0.0, 0.0, 0.0, 0.0, 1.0],
                [0.870532, -0.476902, -0.121407, 0.0, 0.488021, 0.804862, 0.337689, 0.239581, -0.063329, -0.353218, 0.933395, -0.0, 0.0, 0.0, 0.0, 1.0],
                [0.918671, -0.382371, -0.099173, 0.0, 0.394625, 0.877101, 0.273797, 0.239581, -0.017707, -0.290666, 0.956661, -0.0, 0.0, 0.0, 0.0, 1.0],
                [0.955524, -0.282584, -0.08438, -0.0, 0.294216, 0.933083, 0.206867, 0.239581, 0.020276, -0.222492, 0.974724, -0.0, 0.0, 0.0, 0.0, 1.0],
                [0.98057, -0.180373, -0.077118, -0.0, 0.189708, 0.971983, 0.138778, 0.239581, 0.049925, -0.150712, 0.987316, 0.0, 0.0, 0.0, 0.0, 1.0],
                [0.993929, -0.078498, -0.077091, 0.0, 0.084029, 0.993906, 0.071341, 0.239581, 0.071021, -0.077385, 0.994469, -0.0, 0.0, 0.0, 0.0, 1.0],
                [0.974623, -0.209659, -0.078435, 0.0, 0.219813, 0.962622, 0.158242, 0.239581, 0.042326, -0.171468, 0.98428, 0.0, 0.0, 0.0, 0.0, 1.0],
                [0.935893, -0.340085, -0.091908, -0.0, 0.352285, 0.903154, 0.245375, 0.239581, -0.000442, -0.262023, 0.965062, -0.0, 0.0, 0.0, 0.0, 1.0],
                [0.878063, -0.463823, -0.11779, 0.0, 0.475213, 0.81612, 0.328817, 0.239581, -0.056382, -0.344697, 0.937019, -0.0, 0.0, 0.0, 0.0, 1.0],
                [0.803198, -0.575122, -0.155265, 0.0, 0.582802, 0.704664, 0.404712, 0.239581, -0.123349, -0.415552, 0.901167, 0.0, 0.0, 0.0, 0.0, 1.0],
                [0.71488, -0.669286, -0.20249, -0.0, 0.670567, 0.574099, 0.469841, 0.239581, -0.198209, -0.471664, 0.859213, 0.0, 0.0, 0.0, 0.0, 1.0],
                [0.617657, -0.74331, -0.256884, 0.0, 0.735933, 0.431105, 0.522064, 0.239581, -0.277312, -0.511506, 0.813302, 0.0, 0.0, 0.0, 0.0, 1.0],
                [0.516338, -0.796133, -0.315544, -0.0, 0.778409, 0.28269, 0.560506, 0.239581, -0.357036, -0.535032, 0.76568, 0.0, 0.0, 0.0, 0.0, 1.0]
            ]
        },
        {
            "name": "Head",
            "time": [0.0, 0.0333, 0.0667, 0.1, 0.1333, 0.1667, 0.2, 0.2333, 0.2667, 0.3, 0.3333, 0.3667, 0.4, 0.4333, 0.4667, 0.5, 0.5333],
            "transform": [
                [0.999971, -0.007585, 0.000576, -0.0, 0.007607, 0.996195, -0.086823, 0.299477, 8.4e-05, 0.086825, 0.996224, -0.0, 0.0, 0.0, 0.0, 1.0],
                [0.999971, -0.007585, 0.000576, -0.0, 0.007607, 0.996195, -0.086823, 0.299477, 8.4e-05, 0.086825, 0.996224, 0.0, 0.0, 0.0, 0.0, 1.0],
                [0.999971, -0.007585, 0.000576, 0.0, 0.007607, 0.996195, -0.086823, 0.299477, 8.4e-05, 0.086825, 0.996224, 0.0, 0.0, 0.0, 0.0, 1.0],
                [0.999971, -0.007585, 0.000576, 0.0, 0.007607, 0.996195, -0.086823, 0.299477, 8.4e-05, 0.086825, 0.996224, -0.0, 0.0, 0.0, 0.0, 1.0],
                [0.999971, -0.007585, 0.000576, -0.0, 0.007607, 0.996195, -0.086823, 0.299477, 8.4e-05, 0.086825, 0.996224, -0.0, 0.0, 0.0, 0.0, 1.0],
                [0.999971, -0.007585, 0.000576, 0.0, 0.007607, 0.996195, -0.086823, 0.299477, 8.4e-05, 0.086825, 0.996224, -0.0, 0.0, 0.0, 0.0, 1.0],
                [0.999971, -0.007585, 0.000576, 0.0, 0.007607, 0.996195, -0.086823, 0.299477, 8.4e-05, 0.086825, 0.996224, -0.0, 0.0, 0.0, 0.0, 1.0],
                [0.999971, -0.007585, 0.000576, 0.0, 0.007607, 0.996195, -0.086823, 0.299477, 8.4e-05, 0.086825, 0.996224, -0.0, 0.0, 0.0, 0.0, 1.0],
                [0.999971, -0.007585, 0.000576, 0.0, 0.007607, 0.996195, -0.086823, 0.299477, 8.4e-05, 0.086825, 0.996224, 0.0, 0.0, 0.0, 0.0, 1.0],
                [0.999971, -0.007585, 0.000576, 0.0, 0.007607, 0.996195, -0.086823, 0.299477, 8.4e-05, 0.086825, 0.996224, -0.0, 0.0, 0.0, 0.0, 1.0],
                [0.999971, -0.007585, 0.000576, -0.0, 0.007607, 0.996195, -0.086823, 0.299477, 8.4e-05, 0.086825, 0.996224, -0.0, 0.0, 0.0, 0.0, 1.0],
                [0.999971, -0.007585, 0.000576, -0.0, 0.007607, 0.996195, -0.086823, 0.299477, 8.4e-05, 0.086825, 0.996224, -0.0, 0.0, 0.0, 0.0, 1.0],
                [0.999971, -0.007585, 0.000576, 0.0, 0.007607, 0.996195, -0.086823, 0.299477, 8.4e-05, 0.086825, 0.996224, 0.0, 0.0, 0.0, 0.0, 1.0],
                [0.999971, -0.007585, 0.000576, 0.0, 0.007607, 0.996195, -0.086823, 0.299477, 8.4e-05, 0.086825, 0.996224, -0.0, 0.0, 0.0, 0.0, 1.0],
                [0.999971, -0.007585, 0.000576, -0.0, 0.007607, 0.996195, -0.086823, 0.299477, 8.4e-05, 0.086825, 0.996224, 0.0, 0.0, 0.0, 0.0, 1.0],
                [0.999971, -0.007585, 0.000576, -0.0, 0.007607, 0.996195, -0.086823, 0.299477, 8.4e-05, 0.086825, 0.996224, -0.0, 0.0, 0.0, 0.0, 1.0],
                [0.999971, -0.007585, 0.000576, -0.0, 0.007607, 0.996195, -0.086823, 0.299477, 8.4e-05, 0.086825, 0.996224, -0.0, 0.0, 0.0, 0.0, 1.0]
            ]
        },
        {
            "name": "Snout",
            "time": [0.0, 0.0333, 0.0667, 0.1, 0.1333, 0.1667, 0.2, 0.2333, 0.2667, 0.3, 0.3333, 0.3667, 0.4, 0.4333, 0.4667, 0.5, 0.5333],
            "transform": [
                [1.0, -0.0, 0.0, -0.0, 0.0, 1.0, -0.0, 0.145995, -0.0, -0.0, 1.0, 0.0, 0.0, 0.0, 0.0, 1.0],
                [1.0, -0.0, -0.0, 0.0, 0.0, 1.0, -0.0, 0.145995, -0.0, -0.0, 1.0, -0.0, 0.0, 0.0, 0.0, 1.0],
                [1.0, 0.0, -0.0, 0.0, -0.0, 1.0, 0.0, 0.145995, -0.0, -0.0, 1.0, 0.0, 0.0, 0.0, 0.0, 1.0],
                [1.0, -0.0, -0.0, 0.0, -0.0, 1.0, 0.0, 0.145995, 0.0, -0.0, 1.0, -0.0, 0.0, 0.0, 0.0, 1.0],
                [1.0, -0.0, 0.0, -0.0, 0.0, 1.0, 0.0, 0.145995, -0.0, -0.0, 1.0, 0.0, 0.0, 0.0, 0.0, 1.0],
                [1.0, -0.0, 0.0, -0.0, 0.0, 1.0, -0.0, 0.145995, 0.0, -0.0, 1.0, -0.0, 0.0, 0.0, 0.0, 1.0],
                [1.0, 0.0, -0.0, 0.0, 0.0, 1.0, 0.0, 0.145995, 0.0, 0.0, 1.0, 0.0, 0.0, 0.0, 0.0, 1.0],
                [1.0, -0.0, 0.0, -0.0, 0.0, 1.0, 0.0, 0.145995, 0.0, 0.0, 1.0, -0.0, 0.0, 0.0, 0.0, 1.0],
                [1.0, 0.0, 0.0, 0.0, 0.0, 1.0, 0.0, 0.145995, 0.0, -0.0, 1.0, -0.0, 0.0, 0.0, 0.0, 1.0],
                [1.0, 0.0, -0.0, 0.0, 0.0, 1.0, -0.0, 0.145995, -0.0, -0.0, 1.0, -0.0, 0.0, 0.0, 0.0, 1.0],
                [1.0, 0.0, 0.0, -0.0, -0.0, 1.0, 0.0, 0.145995, 0.0, -0.0, 1.0, -0.0, 0.0, 0.0, 0.0, 1.0],
                [1.0, 0.0, 0.0, 0.0, 0.0, 1.0, -0.0, 0.145995, -0.0, 0.0, 1.0, -0.0, 0.0, 0.0, 0.0, 1.0],
                [1.0, -0.0, -0.0, -0.0, -0.0, 1.0, 0.0, 0.145995, 0.0, -0.0, 1.0, 0.0, 0.0, 0.0, 0.0, 1.0],
                [1.0, -0.0, -0.0, -0.0, 0.0, 1.0, -0.0, 0.145995, -0.0, 0.0, 1.0, 0.0, 0.0, 0.0, 0.0, 1.0],
                [1.0, 0.0, 0.0, 0.0, -0.0, 1.0, 0.0, 0.145995, -0.0, -0.0, 1.0, -0.0, 0.0, 0.0, 0.0, 1.0],
                [1.0, 0.0, 0.0, 0.0, -0.0, 1.0, 0.0, 0.145995, -0.0, -0.0, 1.0, -0.0, 0.0, 0.0, 0.0, 1.0],
                [1.0, -0.0, 0.0, -0.0, 0.0, 1.0, -0.0, 0.145995, -0.0, -0.0, 1.0, 0.0, 0.0, 0.0, 0.0, 1.0]
            ]
        },
        {
            "name": "Jaw",
            "time": [0.0, 0.0333, 0.0667, 0.1, 0.1333, 0.1667, 0.2, 0.2333, 0.2667, 0.3, 0.3333, 0.3667, 0.4, 0.4333, 0.4667, 0.5, 0.5333],
            "transform": [
                [1.0, -0.0, 0.0, -0.0, -0.0, 0.913288, 0.407314, 0.145995, -0.0, -0.407314, 0.913288, 0.0, 0.0, 0.0, 0.0, 1.0],
                [1.0, 0.0, 0.0, 0.0, -0.0, 0.913288, 0.407314, 0.145995, -0.0, -0.407314, 0.913288, -0.0, 0.0, 0.0, 0.0, 1.0],
                [1.0, 0.0, 0.0, 0.0, -0.0, 0.913288, 0.407314, 0.145995, -0.0, -0.407314, 0.913288, 0.0, 0.0, 0.0, 0.0, 1.0],
                [1.0, 0.0, 0.0, 0.0, -0.0, 0.913288, 0.407314, 0.145995, -0.0, -0.407314, 0.913288, -0.0, 0.0, 0.0, 0.0, 1.0],
                [1.0, -0.0, 0.0, -0.0, -0.0, 0.913288, 0.407314, 0.145995, -0.0, -0.407314, 0.913288, 0.0, 0.0, 0.0, 0.0, 1.0],
                [1.0, -0.0, 0.0, -0.0, -0.0, 0.913288, 0.407314, 0.145995, -0.0, -0.407314, 0.913288, -0.0, 0.0, 0.0, 0.0, 1.0],
                [1.0, 0.0, 0.0, 0.0, -0.0, 0.913288, 0.407314, 0.145995, -0.0, -0.407314, 0.913288, 0.0, 0.0, 0.0, 0.0, 1.0],
                [1.0, 0.0, 0.0, -0.0, -0.0, 0.913288, 0.407314, 0.145995, -0.0, -0.407314, 0.913288, -0.0, 0.0, 0.0, 0.0, 1.0],
                [1.0, 0.0, 0.0, 0.0, -0.0, 0.913288, 0.407314, 0.145995, -0.0, -0.407314, 0.913288, -0.0, 0.0, 0.0, 0.0, 1.0],
                [1.0, -0.0, 0.0, 0.0, -0.0, 0.913288, 0.407314, 0.145995, -0.0, -0.407314, 0.913288, -0.0, 0.0, 0.0, 0.0, 1.0],
                [1.0, 0.0, 0.0, -0.0, -0.0, 0.913288, 0.407314, 0.145995, -0.0, -0.407314, 0.913288, -0.0, 0.0, 0.0, 0.0, 1.0],
                [1.0, -0.0, 0.0, 0.0, -0.0, 0.913288, 0.407314, 0.145995, -0.0, -0.407314, 0.913288, -0.0, 0.0, 0.0, 0.0, 1.0],
                [1.0, -0.0, 0.0, -0.0, -0.0, 0.913288, 0.407314, 0.145995, -0.0, -0.407314, 0.913288, 0.0, 0.0, 0.0, 0.0, 1.0],
                [1.0, -0.0, 0.0, -0.0, -0.0, 0.913288, 0.407314, 0.145995, -0.0, -0.407314, 0.913288, 0.0, 0.0, 0.0, 0.0, 1.0],
                [1.0, 0.0, 0.0, 0.0, -0.0, 0.913288, 0.407314, 0.145995, -0.0, -0.407314, 0.913288, -0.0, 0.0, 0.0, 0.0, 1.0],
                [1.0, 0.0, 0.0, 0.0, -0.0, 0.913288, 0.407314, 0.145995, -0.0, -0.407314, 0.913288, -0.0, 0.0, 0.0, 0.0, 1.0],
                [1.0, -0.0, 0.0, -0.0, -0.0, 0.913288, 0.407314, 0.145995, -0.0, -0.407314, 0.913288, 0.0, 0.0, 0.0, 0.0, 1.0]
            ]
        },
        {
            "name": "Ear_L",
            "time": [0.0, 0.0333, 0.0667, 0.1, 0.1333, 0.1667, 0.2, 0.2333, 0.2667, 0.3, 0.3333, 0.3667, 0.4, 0.4333, 0.4667, 0.5, 0.5333],
            "transform": [
                [0.893079, -0.054898, 0.446538, -0.096958, 0.447213, -0.0, -0.894428, 0.087677, 0.049102, 0.998492, 0.024551, 0.150216, 0.0, 0.0, 0.0, 1.0],
                [0.893079, -0.054898, 0.446538, -0.096958, 0.447213, -0.0, -0.894428, 0.087677, 0.049102, 0.998492, 0.024551, 0.150216, 0.0, 0.0, 0.0, 1.0],
                [0.893079, -0.054898, 0.446538, -0.096958, 0.447213, -0.0, -0.894428, 0.087677, 0.049102, 0.998492, 0.024551, 0.150216, 0.0, 0.0, 0.0, 1.0],
                [0.893079, -0.054898, 0.446538, -0.096958, 0.447213, -0.0, -0.894428, 0.087677, 0.049102, 0.998492, 0.024551, 0.150216, 0.0, 0.0, 0.0, 1.0],
                [0.893079, -0.054898, 0.446538, -0.096958, 0.447213, -0.0, -0.894428, 0.087677, 0.049102, 0.998492, 0.024551, 0.150216, 0.0, 0.0, 0.0, 1.0],
                [0.893079, -0.054898, 0.446538, -0.096958, 0.447213, -0.0, -0.894428, 0.087677, 0.049102, 0.998492, 0.024551, 0.150216, 0.0, 0.0, 0.0, 1.0],
                [0.893079, -0.054898, 0.446538, -0.096958, 0.447213, -0.0, -0.894428, 0.087677, 0.049102, 0.998492, 0.024551, 0.150216, 0.0, 0.0, 0.0, 1.0],
                [0.893079, -0.054898, 0.446538, -0.096958, 0.447213, -0.0, -0.894428, 0.087677, 0.049102, 0.998492, 0.024551, 0.150216, 0.0, 0.0, 0.0, 1.0],
                [0.893079, -0.054898, 0.446538, -0.096958, 0.447213, -0.0, -0.894428, 0.087677, 0.049102, 0.998492, 0.024551, 0.150216, 0.0, 0.0, 0.0, 1.0],
                [0.893079, -0.054898, 0.446538, -0.096958, 0.447213, -0.0, -0.894428, 0.087677, 0.049102, 0.998492, 0.024551, 0.150216, 0.0, 0.0, 0.0, 1.0],
                [0.893079, -0.054898, 0.446538, -0.096958, 0.447213, -0.0, -0.894428, 0.087677, 0.049102, 0.998492, 0.024551, 0.150216, 0.0, 0.0, 0.0, 1.0],
                [0.893079, -0.054898, 0.446538, -0.096958, 0.447213, -0.0, -0.894428, 0.087677, 0.049102, 0.998492, 0.024551, 0.150216, 0.0, 0.0, 0.0, 1.0],
                [0.893079, -0.054898, 0.446538, -0.096958, 0.447213, -0.0, -0.894428, 0.087677, 0.049102, 0.998492, 0.024551, 0.150216, 0.0, 0.0, 0.0, 1.0],
                [0.893079, -0.054898, 0.446538, -0.096958, 0.447213, -0.0, -0.894428, 0.087677, 0.049102, 0.998492, 0.024551, 0.150216, 0.0, 0.0, 0.0, 1.0],
                [0.893079, -0.054898, 0.446538, -0.096958, 0.447213, -0.0, -0.894428, 0.087677, 0.049102, 0.998492, 0.024551, 0.150216, 0.0, 0.0, 0.0, 1.0],
                [0.893079, -0.054898, 0.446538, -0.096958, 0.447213, -0.0, -0.894428, 0.087677, 0.049102, 0.998492, 0.024551, 0.150216, 0.0, 0.0, 0.0, 1.0],
                [0.893079, -0.054898, 0.446538, -0.096958, 0.447213, -0.0, -0.894428, 0.087677, 0.049102, 0.998492, 0.024551, 0.150216, 0.0, 0.0, 0.0, 1.0]
            ]
        },
        {
            "name": "Ear_R",
            "time": [0.0, 0.0333, 0.0667, 0.1, 0.1333, 0.1667, 0.2, 0.2333, 0.2667, 0.3, 0.3333, 0.3667, 0.4, 0.4333, 0.4667, 0.5, 0.5333],
            "transform": [
                [0.89396, -0.032336, -0.44698, 0.100147, -0.447214, 0.0, -0.894427, 0.079381, 0.028922, 0.999477, -0.014461, 0.150261, 0.0, 0.0, 0.0, 1.0],
                [0.89396, -0.032336, -0.44698, 0.100147, -0.447214, 0.0, -0.894427, 0.079381, 0.028922, 0.999477, -0.014461, 0.150261, 0.0, 0.0, 0.0, 1.0],
                [0.89396, -0.032336, -0.44698, 0.100147, -0.447214, 0.0, -0.894427, 0.079381, 0.028922, 0.999477, -0.014461, 0.150261, 0.0, 0.0, 0.0, 1.0],
                [0.893959, -0.032336, -0.44698, 0.100147, -0.447214, 0.0, -0.894427, 0.079381, 0.028922, 0.999477, -0.014461, 0.150261, 0.0, 0.0, 0.0, 1.0],
                [0.89396, -0.032336, -0.44698, 0.100147, -0.447214, 0.0, -0.894427, 0.079381, 0.028922, 0.999477, -0.014461, 0.150261, 0.0, 0.0, 0.0, 1.0],
                [0.89396, -0.032336, -0.44698, 0.100147, -0.447214, 0.0, -0.894427, 0.079381, 0.028922, 0.999477, -0.014461, 0.150261, 0.0, 0.0, 0.0, 1.0],
                [0.89396, -0.032336, -0.44698, 0.100147, -0.447214, 0.0, -0.894427, 0.079381, 0.028922, 0.999477, -0.014461, 0.150261, 0.0, 0.0, 0.0, 1.0],
                [0.893959, -0.032336, -0.44698, 0.100147, -0.447214, 0.0, -0.894427, 0.079381, 0.028922, 0.999477, -0.014461, 0.150261, 0.0, 0.0, 0.0, 1.0],
                [0.893959, -0.032336, -0.44698, 0.100147, -0.447214, 0.0, -0.894427, 0.079381, 0.028922, 0.999477, -0.014461, 0.150261, 0.0, 0.0, 0.0, 1.0],
                [0.89396, -0.032336, -0.44698, 0.100147, -0.447214, 0.0, -0.894427, 0.079381, 0.028922, 0.999477, -0.014461, 0.150261, 0.0, 0.0, 0.0, 1.0],
                [0.893959, -0.032336, -0.44698, 0.100147, -0.447214, 0.0, -0.894427, 0.079381, 0.028922, 0.999477, -0.014461, 0.150261, 0.0, 0.0, 0.0, 1.0],
                [0.89396, -0.032336, -0.44698, 0.100147, -0.447214, 0.0, -0.894427, 0.079381, 0.028922, 0.999477, -0.014461, 0.150261, 0.0, 0.0, 0.0, 1.0],
                [0.893959, -0.032336, -0.44698, 0.100147, -0.447214, 0.0, -0.894427, 0.079381, 0.028922, 0.999477, -0.014461, 0.150261, 0.0, 0.0, 0.0, 1.0],
                [0.893959, -0.032336, -0.44698, 0.100147, -0.447214, 0.0, -0.894427, 0.079381, 0.028922, 0.999477, -0.014461, 0.150261, 0.0, 0.0, 0.0, 1.0],
                [0.893959, -0.032336, -0.44698, 0.100147, -0.447214, 0.0, -0.894427, 0.079381, 0.028922, 0.999477, -0.014461, 0.150261, 0.0, 0.0, 0.0, 1.0],
                [0.89396, -0.032336, -0.44698, 0.100147, -0.447214, 0.0, -0.894427, 0.079381, 0.028922, 0.999477, -0.014461, 0.150261, 0.0, 0.0, 0.0, 1.0],
                [0.89396, -0.032336, -0.44698, 0.100147, -0.447214, 0.0, -0.894427, 0.079381, 0.028922, 0.999477, -0.014461, 0.150261, 0.0, 0.0, 0.0, 1.0]
            ]
        },
        {
            "name": "Eye_L",
            "time": [0.0, 0.5333],
            "transform": [
                [1.0, -0.0, 0.0, -0.081623, 0.0, 1.0, -0.0, 0.174172, -0.0, -0.0, 1.0, 0.035693, 0.0, 0.0, 0.0, 1.0],
                [1.0, -0.0, 0.0, -0.081623, 0.0, 1.0, -0.0, 0.174172, -0.0, -0.0, 1.0, 0.035693, 0.0, 0.0, 0.0, 1.0]
            ]
        },
        {
            "name": "Eye_R",
            "time": [0.0, 0.5333],
            "transform": [
                [1.0, -0.0, 0.0, 0.079052, 0.0, 1.0, -0.0, 0.174172, -0.0, -0.0, 1.0, 0.035693, 0.0, 0.0, 0.0, 1.0],
                [1.0, -0.0, 0.0, 0.079052, 0.0, 1.0, -0.0, 0.174172, -0.0, -0.0, 1.0, 0.035693, 0.0, 0.0, 0.0, 1.0]
            ]
        },
        {
            "name": "Shoulder_RR",
            "time": [0.0, 0.0333, 0.0667, 0.1, 0.1333, 0.1667, 0.2, 0.2333, 0.2667, 0.3, 0.3333, 0.3667, 0.4, 0.4333, 0.4667, 0.5, 0.5333],
            "transform": [
                [0.77183, 0.235704, -0.590527, 0.0, 0.297303, 0.687184, 0.662864, 0.0, 0.56204, -0.687184, 0.460313, 0.0, 0.0, 0.0, 0.0, 1.0],
                [0.77183, 0.235704, -0.590527, 0.0, 0.297303, 0.687184, 0.662864, 0.0, 0.56204, -0.687184, 0.460313, 0.0, 0.0, 0.0, 0.0, 1.0],
                [0.77183, 0.235704, -0.590527, 0.0, 0.297303, 0.687184, 0.662864, -0.0, 0.56204, -0.687184, 0.460314, 0.0, 0.0, 0.0, 0.0, 1.0],
                [0.77183, 0.235704, -0.590527, 0.0, 0.297303, 0.687184, 0.662864, 0.0, 0.56204, -0.687184, 0.460313, -0.0, 0.0, 0.0, 0.0, 1.0],
                [0.77183, 0.235704, -0.590527, 0.0, 0.297303, 0.687184, 0.662864, -0.0, 0.56204, -0.687184, 0.460314, 0.0, 0.0, 0.0, 0.0, 1.0],
                [0.77183, 0.235704, -0.590527, 0.0, 0.297303, 0.687184, 0.662864, 0.0, 0.56204, -0.687184, 0.460313, -0.0, 0.0, 0.0, 0.0, 1.0],
                [0.77183, 0.235704, -0.590527, 0.0, 0.297303, 0.687184, 0.662864, -0.0, 0.56204, -0.687184, 0.460313, -0.0, 0.0, 0.0, 0.0, 1.0],
                [0.77183, 0.235704, -0.590527, 0.0, 0.297303, 0.687184, 0.662864, 0.0, 0.56204, -0.687184, 0.460313, 0.0, 0.0, 0.0, 0.0, 1.0],
