{
    "animation": [
        {
            "name": "Root",
            "time": [0.0, 0.0333, 0.0667, 0.1, 0.1333, 0.1667, 0.2, 0.2333, 0.2667, 0.3, 0.3333, 0.3667, 0.4, 0.4333, 0.4667, 0.5, 0.5333, 0.5667, 0.6, 0.6333, 0.6667, 0.7, 0.7333, 0.7667, 0.8, 0.8333, 0.8667, 0.9, 0.9333, 0.9667, 1.0, 1.0333, 1.0667, 1.1, 1.1333, 1.1667, 1.2, 1.2333, 1.2667, 1.3, 1.3333, 1.3667, 1.4, 1.4333, 1.4667, 1.5, 1.5333, 1.5667, 1.6, 1.6333, 1.6667, 1.7, 1.7333, 1.7667, 1.8, 1.8333, 1.8667, 1.9, 1.9333, 1.9667, 2.0, 2.0333, 2.0667, 2.1, 2.1333, 2.1667, 2.2],
            "transform": [
                [6.2, 0.0, 0.0, 0.0, 0.0, 4.071252, -4.675993, -0.420508, 0.0, 4.675993, 4.071252, 0.129768, 0.0, 0.0, 0.0, 1.0],
                [6.2, 0.0, 0.0, 0.0, 0.0, 4.071252, -4.675993, -0.420508, 0.0, 4.675993, 4.071252, 0.129768, 0.0, 0.0, 0.0, 1.0],
                [6.2, 0.0, 0.0, 0.0, 0.0, 4.071252, -4.675993, -0.420508, 0.0, 4.675993, 4.071252, 0.129768, 0.0, 0.0, 0.0, 1.0],
                [6.2, 0.0, 0.0, 0.0, 0.0, 4.071252, -4.675993, -0.420508, 0.0, 4.675993, 4.071252, 0.129768, 0.0, 0.0, 0.0, 1.0],
                [6.2, 0.0, 0.0, 0.0, 0.0, 4.071252, -4.675993, -0.420508, 0.0, 4.675993, 4.071252, 0.129768, 0.0, 0.0, 0.0, 1.0],
                [6.2, 0.0, 0.0, 0.0, 0.0, 4.071252, -4.675993, -0.420508, 0.0, 4.675993, 4.071252, 0.129768, 0.0, 0.0, 0.0, 1.0],
                [6.2, 0.0, 0.0, 0.0, 0.0, 4.071252, -4.675993, -0.420508, 0.0, 4.675993, 4.071252, 0.129768, 0.0, 0.0, 0.0, 1.0],
                [6.2, 0.0, 0.0, 0.0, 0.0, 4.071252, -4.675993, -0.420508, 0.0, 4.675993, 4.071252, 0.129768, 0.0, 0.0, 0.0, 1.0],
                [6.2, 0.0, 0.0, 0.0, 0.0, 4.071252, -4.675993, -0.420508, 0.0, 4.675993, 4.071252, 0.129768, 0.0, 0.0, 0.0, 1.0],
                [6.2, 0.0, 0.0, 0.0, 0.0, 4.071252, -4.675993, -0.420508, 0.0, 4.675993, 4.071252, 0.129768, 0.0, 0.0, 0.0, 1.0],
                [6.2, 0.0, 0.0, 0.0, 0.0, 4.071252, -4.675993, -0.420508, 0.0, 4.675993, 4.071252, 0.129768, 0.0, 0.0, 0.0, 1.0],
                [6.2, 0.0, 0.0, 0.0, 0.0, 4.071252, -4.675993, -0.420508, 0.0, 4.675993, 4.071252, 0.129768, 0.0, 0.0, 0.0, 1.0],
                [6.2, 0.0, 0.0, 0.0, 0.0, 4.071252, -4.675993, -0.420508, 0.0, 4.675993, 4.071252, 0.129768, 0.0, 0.0, 0.0, 1.0],
                [6.2, 0.0, 0.0, 0.0, 0.0, 4.071252, -4.675993, -0.420508, 0.0, 4.675993, 4.071252, 0.129768, 0.0, 0.0, 0.0, 1.0],
                [6.2, 0.0, 0.0, 0.0, 0.0, 4.071252, -4.675993, -0.420508, 0.0, 4.675993, 4.071252, 0.129768, 0.0, 0.0, 0.0, 1.0],
                [6.2, 0.0, 0.0, 0.0, 0.0, 4.071252, -4.675993, -0.420508, 0.0, 4.675993, 4.071252, 0.129768, 0.0, 0.0, 0.0, 1.0],
                [6.2, 0.0, 0.0, 0.0, 0.0, 4.071252, -4.675993, -0.420508, 0.0, 4.675993, 4.071252, 0.129768, 0.0, 0.0, 0.0, 1.0],
                [6.2, 0.0, 0.0, 0.0, 0.0, 4.071252, -4.675993, -0.420508, 0.0, 4.675993, 4.071252, 0.129768, 0.0, 0.0, 0.0, 1.0],
                [6.2, 0.0, 0.0, 0.0, 0.0, 4.071252, -4.675993, -0.420508, 0.0, 4.675993, 4.071252, 0.129768, 0.0, 0.0, 0.0, 1.0],
                [6.2, 0.0, 0.0, 0.0, 0.0, 4.071252, -4.675993, -0.420508, 0.0, 4.675993, 4.071252, 0.129768, 0.0, 0.0, 0.0, 1.0],
                [6.2, 0.0, 0.0, 0.0, 0.0, 4.071252, -4.675993, -0.420508, 0.0, 4.675993, 4.071252, 0.129768, 0.0, 0.0, 0.0, 1.0],
                [6.2, 0.0, 0.0, 0.0, 0.0, 4.071252, -4.675993, -0.420508, 0.0, 4.675993, 4.071252, 0.129768, 0.0, 0.0, 0.0, 1.0],
                [6.2, 0.0, 0.0, 0.0, 0.0, 4.071252, -4.675993, -0.420508, 0.0, 4.675993, 4.071252, 0.129768, 0.0, 0.0, 0.0, 1.0],
                [6.2, 0.0, 0.0, 0.0, 0.0, 4.071252, -4.675993, -0.420508, 0.0, 4.675993, 4.071252, 0.129768, 0.0, 0.0, 0.0, 1.0],
                [6.2, 0.0, 0.0, 0.0, 0.0, 4.071252, -4.675993, -0.420508, 0.0, 4.675993, 4.071252, 0.129768, 0.0, 0.0, 0.0, 1.0],
                [6.2, 0.0, 0.0, 0.0, 0.0, 4.071252, -4.675993, -0.420508, 0.0, 4.675993, 4.071252, 0.129768, 0.0, 0.0, 0.0, 1.0],
                [6.2, 0.0, 0.0, 0.0, 0.0, 4.071252, -4.675993, -0.420508, 0.0, 4.675993, 4.071252, 0.129768, 0.0, 0.0, 0.0, 1.0],
                [6.2, 0.0, 0.0, 0.0, 0.0, 4.071252, -4.675993, -0.420508, 0.0, 4.675993, 4.071252, 0.129768, 0.0, 0.0, 0.0, 1.0],
                [6.2, 0.0, 0.0, 0.0, 0.0, 4.071252, -4.675993, -0.420508, 0.0, 4.675993, 4.071252, 0.129768, 0.0, 0.0, 0.0, 1.0],
                [6.2, 0.0, 0.0, 0.0, 0.0, 4.071252, -4.675993, -0.420508, 0.0, 4.675993, 4.071252, 0.129768, 0.0, 0.0, 0.0, 1.0],
                [6.2, 0.0, 0.0, 0.0, 0.0, 4.071252, -4.675993, -0.420508, 0.0, 4.675993, 4.071252, 0.129768, 0.0, 0.0, 0.0, 1.0],
                [6.2, 0.0, 0.0, 0.0, 0.0, 4.071252, -4.675993, -0.420508, 0.0, 4.675993, 4.071252, 0.129768, 0.0, 0.0, 0.0, 1.0],
                [6.2, 0.0, 0.0, 0.0, 0.0, 4.071252, -4.675993, -0.420508, 0.0, 4.675993, 4.071252, 0.129768, 0.0, 0.0, 0.0, 1.0],
                [6.2, 0.0, 0.0, 0.0, 0.0, 4.071252, -4.675993, -0.420508, 0.0, 4.675993, 4.071252, 0.129768, 0.0, 0.0, 0.0, 1.0],
                [6.2, 0.0, 0.0, 0.0, 0.0, 4.071252, -4.675993, -0.420508, 0.0, 4.675993, 4.071252, 0.129768, 0.0, 0.0, 0.0, 1.0],
                [6.2, 0.0, 0.0, 0.0, 0.0, 4.071252, -4.675993, -0.420508, 0.0, 4.675993, 4.071252, 0.129768, 0.0, 0.0, 0.0, 1.0],
                [6.2, 0.0, 0.0, 0.0, 0.0, 4.071252, -4.675993, -0.420508, 0.0, 4.675993, 4.071252, 0.129768, 0.0, 0.0, 0.0, 1.0],
                [6.2, 0.0, 0.0, 0.0, 0.0, 4.071252, -4.675993, -0.420508, 0.0, 4.675993, 4.071252, 0.129768, 0.0, 0.0, 0.0, 1.0],
                [6.2, 0.0, 0.0, 0.0, 0.0, 4.071252, -4.675993, -0.420508, 0.0, 4.675993, 4.071252, 0.129768, 0.0, 0.0, 0.0, 1.0],
                [6.2, 0.0, 0.0, 0.0, 0.0, 4.071252, -4.675993, -0.420508, 0.0, 4.675993, 4.071252, 0.129768, 0.0, 0.0, 0.0, 1.0],
                [6.2, 0.0, 0.0, 0.0, 0.0, 4.071252, -4.675993, -0.420508, 0.0, 4.675993, 4.071252, 0.129768, 0.0, 0.0, 0.0, 1.0],
                [6.2, 0.0, 0.0, 0.0, 0.0, 4.071252, -4.675993, -0.420508, 0.0, 4.675993, 4.071252, 0.129768, 0.0, 0.0, 0.0, 1.0],
                [6.2, 0.0, 0.0, 0.0, 0.0, 4.071252, -4.675993, -0.420508, 0.0, 4.675993, 4.071252, 0.129768, 0.0, 0.0, 0.0, 1.0],
                [6.2, 0.0, 0.0, 0.0, 0.0, 4.071252, -4.675993, -0.420508, 0.0, 4.675993, 4.071252, 0.129768, 0.0, 0.0, 0.0, 1.0],
                [6.2, 0.0, 0.0, 0.0, 0.0, 4.071252, -4.675993, -0.420508, 0.0, 4.675993, 4.071252, 0.129768, 0.0, 0.0, 0.0, 1.0],
                [6.2, 0.0, 0.0, 0.0, 0.0, 4.071252, -4.675993, -0.420508, 0.0, 4.675993, 4.071252, 0.129768, 0.0, 0.0, 0.0, 1.0],
                [6.2, 0.0, 0.0, 0.0, 0.0, 4.071252, -4.675993, -0.420508, 0.0, 4.675993, 4.071252, 0.129768, 0.0, 0.0, 0.0, 1.0],
                [6.2, 0.0, 0.0, 0.0, 0.0, 4.071252, -4.675993, -0.420508, 0.0, 4.675993, 4.071252, 0.129768, 0.0, 0.0, 0.0, 1.0],
                [6.2, 0.0, 0.0, 0.0, 0.0, 4.071252, -4.675993, -0.420508, 0.0, 4.675993, 4.071252, 0.129768, 0.0, 0.0, 0.0, 1.0],
                [6.2, 0.0, 0.0, 0.0, 0.0, 4.071252, -4.675993, -0.420508, 0.0, 4.675993, 4.071252, 0.129768, 0.0, 0.0, 0.0, 1.0],
                [6.2, 0.0, 0.0, 0.0, 0.0, 4.071252, -4.675993, -0.420508, 0.0, 4.675993, 4.071252, 0.129768, 0.0, 0.0, 0.0, 1.0],
                [6.2, 0.0, 0.0, 0.0, 0.0, 4.071252, -4.675993, -0.420508, 0.0, 4.675993, 4.071252, 0.129768, 0.0, 0.0, 0.0, 1.0],
                [6.2, 0.0, 0.0, 0.0, 0.0, 4.071252, -4.675993, -0.420508, 0.0, 4.675993, 4.071252, 0.129768, 0.0, 0.0, 0.0, 1.0],
                [6.2, 0.0, 0.0, 0.0, 0.0, 4.071252, -4.675993, -0.420508, 0.0, 4.675993, 4.071252, 0.129768, 0.0, 0.0, 0.0, 1.0],
                [6.2, 0.0, 0.0, 0.0, 0.0, 4.071252, -4.675993, -0.420508, 0.0, 4.675993, 4.071252, 0.129768, 0.0, 0.0, 0.0, 1.0],
                [6.2, 0.0, 0.0, 0.0, 0.0, 4.071252, -4.675993, -0.420508, 0.0, 4.675993, 4.071252, 0.129768, 0.0, 0.0, 0.0, 1.0],
                [6.2, 0.0, 0.0, 0.0, 0.0, 4.071252, -4.675993, -0.420508, 0.0, 4.675993, 4.071252, 0.129768, 0.0, 0.0, 0.0, 1.0],
                [6.2, 0.0, 0.0, 0.0, 0.0, 4.071252, -4.675993, -0.420508, 0.0, 4.675993, 4.071252, 0.129768, 0.0, 0.0, 0.0, 1.0],
                [6.2, 0.0, 0.0, 0.0, 0.0, 4.071252, -4.675993, -0.420508, 0.0, 4.675993, 4.071252, 0.129768, 0.0, 0.0, 0.0, 1.0],
                [6.2, 0.0, 0.0, 0.0, 0.0, 4.071252, -4.675993, -0.420508, 0.0, 4.675993, 4.071252, 0.129768, 0.0, 0.0, 0.0, 1.0],
                [6.2, 0.0, 0.0, 0.0, 0.0, 4.071252, -4.675993, -0.420508, 0.0, 4.675993, 4.071252, 0.129768, 0.0, 0.0, 0.0, 1.0],
                [6.2, 0.0, 0.0, 0.0, 0.0, 4.071252, -4.675993, -0.420508, 0.0, 4.675993, 4.071252, 0.129768, 0.0, 0.0, 0.0, 1.0],
                [6.2, 0.0, 0.0, 0.0, 0.0, 4.071252, -4.675993, -0.420508, 0.0, 4.675993, 4.071252, 0.129768, 0.0, 0.0, 0.0, 1.0],
                [6.2, 0.0, 0.0, 0.0, 0.0, 4.071252, -4.675993, -0.420508, 0.0, 4.675993, 4.071252, 0.129768, 0.0, 0.0, 0.0, 1.0],
                [6.2, 0.0, 0.0, 0.0, 0.0, 4.071252, -4.675993, -0.420508, 0.0, 4.675993, 4.071252, 0.129768, 0.0, 0.0, 0.0, 1.0],
                [6.2, 0.0, 0.0, 0.0, 0.0, 4.071252, -4.675993, -0.420508, 0.0, 4.675993, 4.071252, 0.129768, 0.0, 0.0, 0.0, 1.0],
                [6.2, 0.0, 0.0, 0.0, 0.0, 4.071252, -4.675993, -0.420508, 0.0, 4.675993, 4.071252, 0.129768, 0.0, 0.0, 0.0, 1.0]
            ]
        },
        {
            "name": "Torso",
            "time": [0.0, 0.0333, 0.0667, 0.1, 0.1333, 0.1667, 0.2, 0.2333, 0.2667, 0.3, 0.3333, 0.3667, 0.4, 0.4333, 0.4667, 0.5, 0.5333, 0.5667, 0.6, 0.6333, 0.6667, 0.7, 0.7333, 0.7667, 0.8, 0.8333, 0.8667, 0.9, 0.9333, 0.9667, 1.0, 1.0333, 1.0667, 1.1, 1.1333, 1.1667, 1.2, 1.2333, 1.2667, 1.3, 1.3333, 1.3667, 1.4, 1.4333, 1.4667, 1.5, 1.5333, 1.5667, 1.6, 1.6333, 1.6667, 1.7, 1.7333, 1.7667, 1.8, 1.8333, 1.8667, 1.9, 1.9333, 1.9667, 2.0, 2.0333, 2.0667, 2.1, 2.1333, 2.1667, 2.2],
            "transform": [
                [1.0, 0.0, 0.0, 0.0, 0.0, 1.0, -0.0, 0.0288, 0.0, 0.0, 1.0, 0.0, 0.0, 0.0, 0.0, 1.0],
                [1.0, 0.0, 0.0, 0.0, 0.0, 1.0, -0.000125, 0.0288, 0.0, 0.000125, 1.0, 0.0, 0.0, 0.0, 0.0, 1.0],
                [1.0, 0.0, 0.0, 0.0, 0.0, 1.0, -0.000489, 0.0288, 0.0, 0.000489, 1.0, 0.0, 0.0, 0.0, 0.0, 1.0],
                [1.0, 0.0, 0.0, 0.0, 0.0, 0.999999, -0.001075, 0.0288, 0.0, 0.001075, 0.999999, 0.0, 0.0, 0.0, 0.0, 1.0],
                [1.0, 0.0, 0.0, 0.0, 0.0, 0.999998, -0.001866, 0.0288, 0.0, 0.001866, 0.999998, 0.0, 0.0, 0.0, 0.0, 1.0],
                [1.0, 0.0, 0.0, 0.0, 0.0, 0.999996, -0.002844, 0.0288, 0.0, 0.002844, 0.999996, 0.0, 0.0, 0.0, 0.0, 1.0],
                [1.0, 0.0, 0.0, 0.0, 0.0, 0.999992, -0.003993, 0.0288, 0.0, 0.003993, 0.999992, 0.0, 0.0, 0.0, 0.0, 1.0],
                [1.0, 0.0, 0.0, 0.0, 0.0, 0.999986, -0.005296, 0.0288, 0.0, 0.005296, 0.999986, 0.0, 0.0, 0.0, 0.0, 1.0],
                [1.0, 0.0, 0.0, 0.0, 0.0, 0.999977, -0.006735, 0.0288, 0.0, 0.006735, 0.999977, 0.0, 0.0, 0.0, 0.0, 1.0],
                [1.0, 0.0, 0.0, 0.0, 0.0, 0.999966, -0.008294, 0.0288, 0.0, 0.008294, 0.999966, 0.0, 0.0, 0.0, 0.0, 1.0],
                [1.0, 0.0, 0.0, 0.0, 0.0, 0.99995, -0.009955, 0.0288, 0.0, 0.009955, 0.99995, 0.0, 0.0, 0.0, 0.0, 1.0],
                [1.0, 0.0, 0.0, 0.0, 0.0, 0.999931, -0.011702, 0.0288, 0.0, 0.011702, 0.999931, 0.0, 0.0, 0.0, 0.0, 1.0],
                [1.0, 0.0, 0.0, 0.0, 0.0, 0.999909, -0.013516, 0.0288, 0.0, 0.013516, 0.999909, 0.0, 0.0, 0.0, 0.0, 1.0],
                [1.0, 0.0, 0.0, 0.0, 0.0, 0.999882, -0.015382, 0.0288, 0.0, 0.015382, 0.999882, 0.0, 0.0, 0.0, 0.0, 1.0],
                [1.0, 0.0, 0.0, 0.0, 0.0, 0.999851, -0.017282, 0.0288, 0.0, 0.017282, 0.999851, 0.0, 0.0, 0.0, 0.0, 1.0],
                [1.0, 0.0, 0.0, 0.0, 0.0, 0.999816, -0.019199, 0.0288, 0.0, 0.019199, 0.999816, 0.0, 0.0, 0.0, 0.0, 1.0],
                [1.0, 0.0, 0.0, 0.0, 0.0, 0.999777, -0.021116, 0.0288, 0.0, 0.021116, 0.999777, 0.0, 0.0, 0.0, 0.0, 1.0],
                [1.0, 0.0, 0.0, 0.0, 0.0, 0.999735, -0.023015, 0.0288, 0.0, 0.023015, 0.999735, 0.0, 0.0, 0.0, 0.0, 1.0],
                [1.0, 0.0, 0.0, 0.0, 0.0, 0.99969, -0.024881, 0.0288, 0.0, 0.024881, 0.99969, 0.0, 0.0, 0.0, 0.0, 1.0],
                [1.0, 0.0, 0.0, 0.0, 0.0, 0.999644, -0.026695, 0.0288, 0.0, 0.026695, 0.999644, 0.0, 0.0, 0.0, 0.0, 1.0],
                [1.0, 0.0, 0.0, 0.0, 0.0, 0.999596, -0.028441, 0.0288, 0.0, 0.028441, 0.999596, 0.0, 0.0, 0.0, 0.0, 1.0],
                [1.0, 0.0, 0.0, 0.0, 0.0, 0.999547, -0.030101, 0.0288, 0.0, 0.030101, 0.999547, 0.0, 0.0, 0.0, 0.0, 1.0],
                [1.0, 0.0, 0.0, 0.0, 0.0, 0.999499, -0.031659, 0.0288, 0.0, 0.031659, 0.999499, 0.0, 0.0, 0.0, 0.0, 1.0],
                [1.0, 0.0, 0.0, 0.0, 0.0, 0.999452, -0.033098, 0.0288, 0.0, 0.033098, 0.999452, 0.0, 0.0, 0.0, 0.0, 1.0],
                [1.0, 0.0, 0.0, 0.0, 0.0, 0.999408, -0.0344, 0.0288, 0.0, 0.0344, 0.999408, 0.0, 0.0, 0.0, 0.0, 1.0],
                [1.0, 0.0, 0.0, 0.0, 0.0, 0.999368, -0.035548, 0.0288, 0.0, 0.035548, 0.999368, 0.0, 0.0, 0.0, 0.0, 1.0],
                [1.0, 0.0, 0.0, 0.0, 0.0, 0.999333, -0.036526, 0.0288, 0.0, 0.036526, 0.999333, 0.0, 0.0, 0.0, 0.0, 1.0],
                [1.0, 0.0, 0.0, 0.0, 0.0, 0.999303, -0.037316, 0.0288, 0.0, 0.037316, 0.999303, 0.0, 0.0, 0.0, 0.0, 1.0],
                [1.0, 0.0, 0.0, 0.0, 0.0, 0.999281, -0.037901, 0.0288, 0.0, 0.037901, 0.999281, 0.0, 0.0, 0.0, 0.0, 1.0],
                [1.0, 0.0, 0.0, 0.0, 0.0, 0.999268, -0.038265, 0.0288, 0.0, 0.038265, 0.999268, 0.0, 0.0, 0.0, 0.0, 1.0],
                [1.0, 0.0, 0.0, 0.0, 0.0, 0.999263, -0.03839, 0.0288, 0.0, 0.03839, 0.999263, 0.0, 0.0, 0.0, 0.0, 1.0],
                [1.0, 0.0, 0.0, 0.0, 0.0, 0.999266, -0.038303, 0.0288, 0.0, 0.038303, 0.999266, 0.0, 0.0, 0.0, 0.0, 1.0],
                [1.0, 0.0, 0.0, 0.0, 0.0, 0.999276, -0.038048, 0.0288, 0.0, 0.038048, 0.999276, 0.0, 0.0, 0.0, 0.0, 1.0],
                [1.0, 0.0, 0.0, 0.0, 0.0, 0.999292, -0.037635, 0.0288, 0.0, 0.037635, 0.999292, 0.0, 0.0, 0.0, 0.0, 1.0],
                [1.0, 0.0, 0.0, 0.0, 0.0, 0.999312, -0.037074, 0.0288, 0.0, 0.037074, 0.999312, 0.0, 0.0, 0.0, 0.0, 1.0],
                [1.0, 0.0, 0.0, 0.0, 0.0, 0.999338, -0.036375, 0.0288, 0.0, 0.036375, 0.999338, 0.0, 0.0, 0.0, 0.0, 1.0],
                [1.0, 0.0, 0.0, 0.0, 0.0, 0.999368, -0.035548, 0.0288, 0.0, 0.035548, 0.999368, 0.0, 0.0, 0.0, 0.0, 1.0],
                [1.0, 0.0, 0.0, 0.0, 0.0, 0.999401, -0.034602, 0.0288, 0.0, 0.034602, 0.999401, 0.0, 0.0, 0.0, 0.0, 1.0],
                [1.0, 0.0, 0.0, 0.0, 0.0, 0.999437, -0.033548, 0.0288, 0.0, 0.033548, 0.999437, 0.0, 0.0, 0.0, 0.0, 1.0],
                [1.0, 0.0, 0.0, 0.0, 0.0, 0.999475, -0.032394, 0.0288, 0.0, 0.032394, 0.999475, 0.0, 0.0, 0.0, 0.0, 1.0],
                [1.0, 0.0, 0.0, 0.0, 0.0, 0.999515, -0.031152, 0.0288, 0.0, 0.031152, 0.999515, 0.0, 0.0, 0.0, 0.0, 1.0],
                [1.0, 0.0, 0.0, 0.0, 0.0, 0.999555, -0.029831, 0.0288, 0.0, 0.029831, 0.999555, 0.0, 0.0, 0.0, 0.0, 1.0],
                [1.0, 0.0, 0.0, 0.0, 0.0, 0.999596, -0.028441, 0.0288, 0.0, 0.028441, 0.999596, 0.0, 0.0, 0.0, 0.0, 1.0],
                [1.0, 0.0, 0.0, 0.0, 0.0, 0.999636, -0.026991, 0.0288, 0.0, 0.026991, 0.999636, 0.0, 0.0, 0.0, 0.0, 1.0],
                [1.0, 0.0, 0.0, 0.0, 0.0, 0.999675, -0.025492, 0.0288, 0.0, 0.025492, 0.999675, 0.0, 0.0, 0.0, 0.0, 1.0],
                [1.0, 0.0, 0.0, 0.0, 0.0, 0.999713, -0.023953, 0.0288, 0.0, 0.023953, 0.999713, 0.0, 0.0, 0.0, 0.0, 1.0],
                [1.0, 0.0, 0.0, 0.0, 0.0, 0.999749, -0.022385, 0.0288, 0.0, 0.022385, 0.999749, 0.0, 0.0, 0.0, 0.0, 1.0],
                [1.0, 0.0, 0.0, 0.0, 0.0, 0.999784, -0.020797, 0.0288, 0.0, 0.020797, 0.999784, 0.0, 0.0, 0.0, 0.0, 1.0],
                [1.0, 0.0, 0.0, 0.0, 0.0, 0.999816, -0.019199, 0.0288, 0.0, 0.019199, 0.999816, 0.0, 0.0, 0.0, 0.0, 1.0],
                [1.0, 0.0, 0.0, 0.0, 0.0, 0.999845, -0.017601, 0.0288, 0.0, 0.017601, 0.999845, 0.0, 0.0, 0.0, 0.0, 1.0],
                [1.0, 0.0, 0.0, 0.0, 0.0, 0.999872, -0.016012, 0.0288, 0.0, 0.016012, 0.999872, 0.0, 0.0, 0.0, 0.0, 1.0],
                [1.0, 0.0, 0.0, 0.0, 0.0, 0.999896, -0.014444, 0.0288, 0.0, 0.014444, 0.999896, 0.0, 0.0, 0.0, 0.0, 1.0],
                [1.0, 0.0, 0.0, 0.0, 0.0, 0.999917, -0.012905, 0.0288, 0.0, 0.012905, 0.999917, 0.0, 0.0, 0.0, 0.0, 1.0],
                [1.0, 0.0, 0.0, 0.0, 0.0, 0.999935, -0.011405, 0.0288, 0.0, 0.011405, 0.999935, 0.0, 0.0, 0.0, 0.0, 1.0],
                [1.0, 0.0, 0.0, 0.0, 0.0, 0.99995, -0.009955, 0.0288, 0.0, 0.009955, 0.99995, 0.0, 0.0, 0.0, 0.0, 1.0],
                [1.0, 0.0, 0.0, 0.0, 0.0, 0.999963, -0.008564, 0.0288, 0.0, 0.008564, 0.999963, 0.0, 0.0, 0.0, 0.0, 1.0],
                [1.0, 0.0, 0.0, 0.0, 0.0, 0.999974, -0.007242, 0.0288, 0.0, 0.007242, 0.999974, 0.0, 0.0, 0.0, 0.0, 1.0],
                [1.0, 0.0, 0.0, 0.0, 0.0, 0.999982, -0.006, 0.0288, 0.0, 0.006, 0.999982, 0.0, 0.0, 0.0, 0.0, 1.0],
                [1.0, 0.0, 0.0, 0.0, 0.0, 0.999988, -0.004846, 0.0288, 0.0, 0.004846, 0.999988, 0.0, 0.0, 0.0, 0.0, 1.0],
                [1.0, 0.0, 0.0, 0.0, 0.0, 0.999993, -0.003791, 0.0288, 0.0, 0.003791, 0.999993, 0.0, 0.0, 0.0, 0.0, 1.0],
                [1.0, 0.0, 0.0, 0.0, 0.0, 0.999996, -0.002844, 0.0288, 0.0, 0.002844, 0.999996, 0.0, 0.0, 0.0, 0.0, 1.0],
                [1.0, 0.0, 0.0, 0.0, 0.0, 0.999998, -0.002016, 0.0288, 0.0, 0.002016, 0.999998, 0.0, 0.0, 0.0, 0.0, 1.0],
                [1.0, 0.0, 0.0, 0.0, 0.0, 0.999999, -0.001317, 0.0288, 0.0, 0.001317, 0.999999, 0.0, 0.0, 0.0, 0.0, 1.0],
                [1.0, 0.0, 0.0, 0.0, 0.0, 1.0, -0.000756, 0.0288, 0.0, 0.000756, 1.0, 0.0, 0.0, 0.0, 0.0, 1.0],
                [1.0, 0.0, 0.0, 0.0, 0.0, 1.0, -0.000342, 0.0288, 0.0, 0.000342, 1.0, 0.0, 0.0, 0.0, 0.0, 1.0],
                [1.0, 0.0, 0.0, 0.0, 0.0, 1.0, -8.7e-05, 0.0288, 0.0, 8.7e-05, 1.0, 0.0, 0.0, 0.0, 0.0, 1.0],
                [1.0, 0.0, 0.0, 0.0, 0.0, 1.0, -0.0, 0.0288, 0.0, 0.0, 1.0, 0.0, 0.0, 0.0, 0.0, 1.0]
            ]
        },
        {
            "name": "Chest",
            "time": [0.0, 0.0333, 0.0667, 0.1, 0.1333, 0.1667, 0.2, 0.2333, 0.2667, 0.3, 0.3333, 0.3667, 0.4, 0.4333, 0.4667, 0.5, 0.5333, 0.5667, 0.6, 0.6333, 0.6667, 0.7, 0.7333, 0.7667, 0.8, 0.8333, 0.8667, 0.9, 0.9333, 0.9667, 1.0, 1.0333, 1.0667, 1.1, 1.1333, 1.1667, 1.2, 1.2333, 1.2667, 1.3, 1.3333, 1.3667, 1.4, 1.4333, 1.4667, 1.5, 1.5333, 1.5667, 1.6, 1.6333, 1.6667, 1.7, 1.7333, 1.7667, 1.8, 1.8333, 1.8667, 1.9, 1.9333, 1.9667, 2.0, 2.0333, 2.0667, 2.1, 2.1333, 2.1667, 2.2],
            "transform": [
                [1.0, 0.0, 0.0, 0.0, 0.0, 0.766044, 0.642788, 0.0672, 0.0, -0.642788, 0.766044, 0.0, 0.0, 0.0, 0.0, 1.0],
                [1.0, -3e-06, -1.8e-05, 0.0, 1.4e-05, 0.765928, 0.642926, 0.0672, 1.2e-05, -0.642926, 0.765928, -0.0, 0.0, 0.0, 0.0, 1.0],
                [1.0, -1.2e-05, -6.8e-05, 0.0, 5.3e-05, 0.765589, 0.64333, 0.0672, 4.5e-05, -0.64333, 0.765589, 0.0, 0.0, 0.0, 0.0, 1.0],
                [1.0, -2.5e-05, -0.000151, 0.0, 0.000116, 0.765044, 0.643978, 0.0672, 9.9e-05, -0.643978, 0.765044, -0.0, 0.0, 0.0, 0.0, 1.0],
                [1.0, -4.4e-05, -0.000261, 0.0, 0.000202, 0.764306, 0.644853, 0.0672, 0.000172, -0.644853, 0.764307, -0.0, 0.0, 0.0, 0.0, 1.0],
                [1.0, -6.6e-05, -0.000398, 0.0, 0.000308, 0.763393, 0.645934, 0.0672, 0.000261, -0.645934, 0.763393, -0.0, 0.0, 0.0, 0.0, 1.0],
                [1.0, -9.3e-05, -0.000559, 0.0, 0.000433, 0.762318, 0.647202, 0.0672, 0.000366, -0.647203, 0.762318, 0.0, 0.0, 0.0, 0.0, 1.0],
                [1.0, -0.000122, -0.000742, 0.0, 0.000574, 0.761097, 0.648638, 0.0672, 0.000485, -0.648638, 0.761097, 0.0, 0.0, 0.0, 0.0, 1.0],
                [0.999999, -0.000154, -0.000944, 0.0, 0.000731, 0.759745, 0.650221, 0.0672, 0.000617, -0.650222, 0.759744, -0.0, 0.0, 0.0, 0.0, 1.0],
                [0.999999, -0.000189, -0.001162, 0.0, 0.000901, 0.758276, 0.651933, 0.0672, 0.000758, -0.651933, 0.758276, -0.0, 0.0, 0.0, 0.0, 1.0],
                [0.999999, -0.000225, -0.001395, 0.0, 0.001082, 0.756707, 0.653753, 0.0672, 0.000909, -0.653754, 0.756707, 0.0, 0.0, 0.0, 0.0, 1.0],
                [0.999999, -0.000262, -0.00164, 0.0, 0.001273, 0.755053, 0.655663, 0.0672, 0.001067, -0.655664, 0.755052, -0.0, 0.0, 0.0, 0.0, 1.0],
                [0.999998, -0.0003, -0.001895, 0.0, 0.001473, 0.753328, 0.657643, 0.0672, 0.00123, -0.657644, 0.753327, 0.0, 0.0, 0.0, 0.0, 1.0],
                [0.999998, -0.000339, -0.002157, 0.0, 0.001678, 0.75155, 0.659674, 0.0672, 0.001398, -0.659676, 0.751549, 0.0, 0.0, 0.0, 0.0, 1.0],
                [0.999997, -0.000377, -0.002424, 0.0, 0.001887, 0.749734, 0.661737, 0.0672, 0.001568, -0.66174, 0.749732, 0.0, 0.0, 0.0, 0.0, 1.0],
                [0.999996, -0.000415, -0.002694, 0.0, 0.002099, 0.747895, 0.663814, 0.0672, 0.001739, -0.663817, 0.747893, 0.0, 0.0, 0.0, 0.0, 1.0],
                [0.999995, -0.000453, -0.002963, 0.0, 0.002311, 0.746051, 0.665885, 0.0672, 0.001909, -0.665889, 0.746048, -0.0, 0.0, 0.0, 0.0, 1.0],
                [0.999995, -0.000489, -0.003231, 0.0, 0.002522, 0.744217, 0.667933, 0.0672, 0.002078, -0.667937, 0.744214, -0.0, 0.0, 0.0, 0.0, 1.0],
                [0.999994, -0.000524, -0.003493, 0.0, 0.002729, 0.742411, 0.669939, 0.0672, 0.002242, -0.669944, 0.742408, -0.0, 0.0, 0.0, 0.0, 1.0],
                [0.999993, -0.000557, -0.003749, 0.0, 0.002932, 0.740649, 0.671885, 0.0672, 0.002402, -0.671892, 0.740646, 0.0, 0.0, 0.0, 0.0, 1.0],
                [0.999992, -0.000589, -0.003995, 0.0, 0.003127, 0.738949, 0.673754, 0.0672, 0.002555, -0.673761, 0.738945, 0.0, 0.0, 0.0, 0.0, 1.0],
                [0.999991, -0.000618, -0.004229, 0.0, 0.003312, 0.737327, 0.675528, 0.0672, 0.0027, -0.675535, 0.737323, -0.0, 0.0, 0.0, 0.0, 1.0],
                [0.99999, -0.000645, -0.004448, 0.0, 0.003487, 0.735802, 0.677188, 0.0672, 0.002836, -0.677197, 0.735797, 0.0, 0.0, 0.0, 0.0, 1.0],
                [0.999989, -0.00067, -0.004651, 0.0, 0.003649, 0.73439, 0.678718, 0.0672, 0.002961, -0.678727, 0.734384, -0.0, 0.0, 0.0, 0.0, 1.0],
                [0.999988, -0.000691, -0.004835, 0.0, 0.003795, 0.733109, 0.6801, 0.0672, 0.003074, -0.68011, 0.733103, 0.0, 0.0, 0.0, 0.0, 1.0],
                [0.999987, -0.00071, -0.004997, 0.0, 0.003924, 0.731978, 0.681317, 0.0672, 0.003174, -0.681328, 0.731971, 0.0, 0.0, 0.0, 0.0, 1.0],
                [0.999987, -0.000726, -0.005135, 0.0, 0.004035, 0.731012, 0.682352, 0.0672, 0.003258, -0.682364, 0.731005, 0.0, 0.0, 0.0, 0.0, 1.0],
                [0.999986, -0.000739, -0.005246, 0.0, 0.004124, 0.730231, 0.683188, 0.0672, 0.003326, -0.6832, 0.730224, 0.0, 0.0, 0.0, 0.0, 1.0],
                [0.999985, -0.000748, -0.005329, 0.0, 0.00419, 0.729652, 0.683806, 0.0672, 0.003377, -0.683818, 0.729644, 0.0, 0.0, 0.0, 0.0, 1.0],
                [0.999985, -0.000754, -0.00538, 0.0, 0.004231, 0.729291, 0.68419, 0.0672, 0.003408, -0.684203, 0.729284, 0.0, 0.0, 0.0, 0.0, 1.0],
                [0.999985, -0.000756, -0.005398, 0.0, 0.004245, 0.729168, 0.684322, 0.0672, 0.003419, -0.684335, 0.72916, -0.0, 0.0, 0.0, 0.0, 1.0],
                [0.999985, -0.000755, -0.005386, 0.0, 0.004235, 0.729254, 0.68423, 0.0672, 0.003411, -0.684243, 0.729246, 0.0, 0.0, 0.0, 0.0, 1.0],
                [0.999985, -0.000751, -0.00535, 0.0, 0.004207, 0.729506, 0.683961, 0.0672, 0.003389, -0.683973, 0.729499, -0.0, 0.0, 0.0, 0.0, 1.0],
                [0.999986, -0.000744, -0.005292, 0.0, 0.00416, 0.729915, 0.683525, 0.0672, 0.003354, -0.683537, 0.729908, -0.0, 0.0, 0.0, 0.0, 1.0],
                [0.999986, -0.000735, -0.005212, 0.0, 0.004097, 0.73047, 0.682932, 0.0672, 0.003306, -0.682944, 0.730463, -0.0, 0.0, 0.0, 0.0, 1.0],
                [0.999987, -0.000724, -0.005114, 0.0, 0.004018, 0.731161, 0.682193, 0.0672, 0.003245, -0.682205, 0.731154, 0.0, 0.0, 0.0, 0.0, 1.0],
                [0.999987, -0.00071, -0.004997, 0.0, 0.003924, 0.731978, 0.681317, 0.0672, 0.003174, -0.681328, 0.731971, 0.0, 0.0, 0.0, 0.0, 1.0],
                [0.999988, -0.000695, -0.004864, 0.0, 0.003818, 0.73291, 0.680315, 0.0672, 0.003092, -0.680325, 0.732904, 0.0, 0.0, 0.0, 0.0, 1.0],
                [0.999989, -0.000677, -0.004715, 0.0, 0.003699, 0.733948, 0.679196, 0.0672, 0.003, -0.679206, 0.733942, 0.0, 0.0, 0.0, 0.0, 1.0],
                [0.99999, -0.000658, -0.004552, 0.0, 0.00357, 0.735081, 0.67797, 0.0672, 0.0029, -0.677979, 0.735075, 0.0, 0.0, 0.0, 0.0, 1.0],
                [0.99999, -0.000636, -0.004377, 0.0, 0.00343, 0.736299, 0.676648, 0.0672, 0.002792, -0.676656, 0.736294, -0.0, 0.0, 0.0, 0.0, 1.0],
                [0.999991, -0.000613, -0.004191, 0.0, 0.003282, 0.737591, 0.675239, 0.0672, 0.002677, -0.675247, 0.737587, -0.0, 0.0, 0.0, 0.0, 1.0],
                [0.999992, -0.000589, -0.003995, 0.0, 0.003127, 0.738949, 0.673754, 0.0672, 0.002555, -0.673761, 0.738945, 0.0, 0.0, 0.0, 0.0, 1.0],
                [0.999993, -0.000563, -0.003791, 0.0, 0.002965, 0.740361, 0.672203, 0.0672, 0.002428, -0.672209, 0.740357, -0.0, 0.0, 0.0, 0.0, 1.0],
                [0.999993, -0.000535, -0.003579, 0.0, 0.002798, 0.741818, 0.670596, 0.0672, 0.002296, -0.670601, 0.741815, -0.0, 0.0, 0.0, 0.0, 1.0],
                [0.999994, -0.000507, -0.003363, 0.0, 0.002626, 0.74331, 0.668942, 0.0672, 0.002161, -0.668947, 0.743307, 0.0, 0.0, 0.0, 0.0, 1.0],
                [0.999995, -0.000477, -0.003142, 0.0, 0.002452, 0.744826, 0.667254, 0.0672, 0.002022, -0.667258, 0.744824, -0.0, 0.0, 0.0, 0.0, 1.0],
                [0.999996, -0.000447, -0.002919, 0.0, 0.002276, 0.746358, 0.665541, 0.0672, 0.001881, -0.665545, 0.746356, 0.0, 0.0, 0.0, 0.0, 1.0],
                [0.999996, -0.000415, -0.002694, 0.0, 0.002099, 0.747895, 0.663814, 0.0672, 0.001739, -0.663817, 0.747893, 0.0, 0.0, 0.0, 0.0, 1.0],
                [0.999997, -0.000384, -0.002469, 0.0, 0.001922, 0.749428, 0.662083, 0.0672, 0.001596, -0.662085, 0.749427, -0.0, 0.0, 0.0, 0.0, 1.0],
                [0.999997, -0.000352, -0.002246, 0.0, 0.001747, 0.750948, 0.660359, 0.0672, 0.001454, -0.660361, 0.750947, -0.0, 0.0, 0.0, 0.0, 1.0],
                [0.999998, -0.00032, -0.002025, 0.0, 0.001575, 0.752445, 0.658653, 0.0672, 0.001314, -0.658655, 0.752444, -0.0, 0.0, 0.0, 0.0, 1.0],
                [0.999998, -0.000287, -0.001809, 0.0, 0.001405, 0.75391, 0.656976, 0.0672, 0.001175, -0.656978, 0.753909, 0.0, 0.0, 0.0, 0.0, 1.0],
                [0.999999, -0.000256, -0.001599, 0.0, 0.001241, 0.755334, 0.655339, 0.0672, 0.00104, -0.65534, 0.755333, 0.0, 0.0, 0.0, 0.0, 1.0],
                [0.999999, -0.000225, -0.001395, 0.0, 0.001082, 0.756707, 0.653753, 0.0672, 0.000909, -0.653754, 0.756707, 0.0, 0.0, 0.0, 0.0, 1.0],
                [0.999999, -0.000195, -0.0012, 0.0, 0.00093, 0.758021, 0.652229, 0.0672, 0.000783, -0.65223, 0.758021, -0.0, 0.0, 0.0, 0.0, 1.0],
                [0.999999, -0.000166, -0.001015, 0.0, 0.000786, 0.759267, 0.650778, 0.0672, 0.000663, -0.650779, 0.759267, -0.0, 0.0, 0.0, 0.0, 1.0],
                [1.0, -0.000138, -0.00084, 0.0, 0.000651, 0.760436, 0.649412, 0.0672, 0.00055, -0.649413, 0.760436, 0.0, 0.0, 0.0, 0.0, 1.0],
                [1.0, -0.000112, -0.000679, 0.0, 0.000525, 0.761519, 0.648142, 0.0672, 0.000444, -0.648142, 0.761519, -0.0, 0.0, 0.0, 0.0, 1.0],
                [1.0, -8.8e-05, -0.000531, 0.0, 0.000411, 0.762508, 0.646979, 0.0672, 0.000348, -0.646979, 0.762508, 0.0, 0.0, 0.0, 0.0, 1.0],
                [1.0, -6.6e-05, -0.000398, 0.0, 0.000308, 0.763393, 0.645934, 0.0672, 0.000261, -0.645934, 0.763393, 0.0, 0.0, 0.0, 0.0, 1.0],
                [1.0, -4.7e-05, -0.000282, 0.0, 0.000218, 0.764166, 0.64502, 0.0672, 0.000185, -0.64502, 0.764166, -0.0, 0.0, 0.0, 0.0, 1.0],
                [1.0, -3.1e-05, -0.000184, 0.0, 0.000142, 0.764818, 0.644246, 0.0672, 0.000121, -0.644246, 0.764818, 0.0, 0.0, 0.0, 0.0, 1.0],
                [1.0, -1.8e-05, -0.000106, 0.0, 8.2e-05, 0.765341, 0.643625, 0.0672, 7e-05, -0.643625, 0.765341, -0.0, 0.0, 0.0, 0.0, 1.0],
                [1.0, -8e-06, -4.8e-05, 0.0, 3.7e-05, 0.765726, 0.643167, 0.0672, 3.2e-05, -0.643167, 0.765726, -0.0, 0.0, 0.0, 0.0, 1.0],
                [1.0, -2e-06, -1.2e-05, 0.0, 9e-06, 0.765963, 0.642884, 0.0672, 8e-06, -0.642884, 0.765963, 0.0, 0.0, 0.0, 0.0, 1.0],
                [1.0, 0.0, 0.0, 0.0, 0.0, 0.766044, 0.642788, 0.0672, 0.0, -0.642788, 0.766044, 0.0, 0.0, 0.0, 0.0, 1.0]
            ]
        },
        {
            "name": "Shoulder_FR",
            "time": [0.0, 0.0333, 0.0667, 0.1, 0.1333, 0.1667, 0.2, 0.2333, 0.2667, 0.3, 0.3333, 0.3667, 0.4, 0.4333, 0.4667, 0.5, 0.5333, 0.5667, 0.6, 0.6333, 0.6667, 0.7, 0.7333, 0.7667, 0.8, 0.8333, 0.8667, 0.9, 0.9333, 0.9667, 1.0, 1.0333, 1.0667, 1.1, 1.1333, 1.1667, 1.2, 1.2333, 1.2667, 1.3, 1.3333, 1.3667, 1.4, 1.4333, 1.4667, 1.5, 1.5333, 1.5667, 1.6, 1.6333, 1.6667, 1.7, 1.7333, 1.7667, 1.8, 1.8333, 1.8667, 1.9, 1.9333, 1.9667, 2.0, 2.0333, 2.0667, 2.1, 2.1333, 2.1667, 2.2],
            "transform": [
                [0.359856, 0.324445, 0.87478, 0.0, -0.924808, 1e-06, 0.380436, 0.048, 0.12343, -0.945905, 0.300049, 0.0, 0.0, 0.0, 0.0, 1.0],
                [0.359856, 0.324445, 0.87478, 0.0, -0.924808, 1e-06, 0.380436, 0.048, 0.12343, -0.945905, 0.300049, 0.0, 0.0, 0.0, 0.0, 1.0],
                [0.359856, 0.324445, 0.87478, -0.0, -0.924807, 0.0, 0.380436, 0.048, 0.12343, -0.945905, 0.300049, -0.0, 0.0, 0.0, 0.0, 1.0],
                [0.359856, 0.324445, 0.874779, 0.0, -0.924808, 0.0, 0.380436, 0.048, 0.12343, -0.945904, 0.300049, -0.0, 0.0, 0.0, 0.0, 1.0],
                [0.359856, 0.324445, 0.87478, 0.0, -0.924808, 0.0, 0.380436, 0.048, 0.12343, -0.945905, 0.300049, -0.0, 0.0, 0.0, 0.0, 1.0],
                [0.359856, 0.324445, 0.87478, -0.0, -0.924808, 1e-06, 0.380435, 0.048, 0.12343, -0.945905, 0.300049, 0.0, 0.0, 0.0, 0.0, 1.0],
                [0.359856, 0.324445, 0.87478, 0.0, -0.924808, 0.0, 0.380436, 0.048, 0.12343, -0.945904, 0.300049, 0.0, 0.0, 0.0, 0.0, 1.0],
                [0.359856, 0.324445, 0.87478, -0.0, -0.924808, 0.0, 0.380436, 0.048, 0.12343, -0.945904, 0.300049, -0.0, 0.0, 0.0, 0.0, 1.0],
                [0.359856, 0.324445, 0.87478, 0.0, -0.924808, 0.0, 0.380436, 0.048, 0.12343, -0.945905, 0.300049, -0.0, 0.0, 0.0, 0.0, 1.0],
                [0.359856, 0.324445, 0.87478, 0.0, -0.924808, 0.0, 0.380436, 0.048, 0.12343, -0.945905, 0.300049, 0.0, 0.0, 0.0, 0.0, 1.0],
                [0.359856, 0.324445, 0.874779, -0.0, -0.924808, 0.0, 0.380436, 0.048, 0.12343, -0.945904, 0.300049, -0.0, 0.0, 0.0, 0.0, 1.0],
                [0.359856, 0.324445, 0.874779, -0.0, -0.924807, 1e-06, 0.380435, 0.048, 0.12343, -0.945904, 0.300049, 0.0, 0.0, 0.0, 0.0, 1.0],
                [0.359856, 0.324445, 0.87478, 0.0, -0.924808, 1e-06, 0.380436, 0.048, 0.12343, -0.945904, 0.300049, 0.0, 0.0, 0.0, 0.0, 1.0],
                [0.359856, 0.324445, 0.87478, 0.0, -0.924807, 0.0, 0.380435, 0.048, 0.12343, -0.945904, 0.300049, -0.0, 0.0, 0.0, 0.0, 1.0],
                [0.359856, 0.324445, 0.874779, -0.0, -0.924808, 0.0, 0.380436, 0.048, 0.12343, -0.945904, 0.300049, 0.0, 0.0, 0.0, 0.0, 1.0],
                [0.359856, 0.324445, 0.874779, 0.0, -0.924808, 0.0, 0.380436, 0.048, 0.12343, -0.945905, 0.300049, -0.0, 0.0, 0.0, 0.0, 1.0],
                [0.359856, 0.324445, 0.87478, -0.0, -0.924807, 0.0, 0.380435, 0.048, 0.12343, -0.945904, 0.300049, -0.0, 0.0, 0.0, 0.0, 1.0],
                [0.359856, 0.324445, 0.874779, -0.0, -0.924808, 0.0, 0.380435, 0.048, 0.12343, -0.945905, 0.300049, 0.0, 0.0, 0.0, 0.0, 1.0],
                [0.359856, 0.324445, 0.87478, -0.0, -0.924807, 0.0, 0.380436, 0.048, 0.12343, -0.945904, 0.300049, -0.0, 0.0, 0.0, 0.0, 1.0],
                [0.359856, 0.324445, 0.87478, -0.0, -0.924808, 0.0, 0.380435, 0.048, 0.12343, -0.945905, 0.300049, -0.0, 0.0, 0.0, 0.0, 1.0],
                [0.359856, 0.324445, 0.87478, 0.0, -0.924807, 0.0, 0.380436, 0.048, 0.12343, -0.945905, 0.300049, -0.0, 0.0, 0.0, 0.0, 1.0],
                [0.359856, 0.324445, 0.87478, -0.0, -0.924807, 0.0, 0.380436, 0.048, 0.12343, -0.945905, 0.300049, 0.0, 0.0, 0.0, 0.0, 1.0],
                [0.359856, 0.324445, 0.87478, 0.0, -0.924808, 1e-06, 0.380436, 0.048, 0.12343, -0.945904, 0.300049, 0.0, 0.0, 0.0, 0.0, 1.0],
                [0.359856, 0.324445, 0.87478, 0.0, -0.924807, 0.0, 0.380435, 0.048, 0.12343, -0.945905, 0.300049, -0.0, 0.0, 0.0, 0.0, 1.0],
                [0.359856, 0.324445, 0.874779, 0.0, -0.924808, 1e-06, 0.380436, 0.048, 0.12343, -0.945904, 0.300049, 0.0, 0.0, 0.0, 0.0, 1.0],
                [0.359856, 0.324445, 0.87478, 0.0, -0.924808, 0.0, 0.380436, 0.048, 0.12343, -0.945905, 0.300049, -0.0, 0.0, 0.0, 0.0, 1.0],
                [0.359856, 0.324445, 0.874779, -0.0, -0.924807, 0.0, 0.380436, 0.048, 0.12343, -0.945905, 0.300049, -0.0, 0.0, 0.0, 0.0, 1.0],
                [0.359856, 0.324445, 0.87478, 0.0, -0.924808, 1e-06, 0.380436, 0.048, 0.12343, -0.945905, 0.300049, -0.0, 0.0, 0.0, 0.0, 1.0],
                [0.359856, 0.324445, 0.87478, 0.0, -0.924808, 0.0, 0.380436, 0.048, 0.12343, -0.945905, 0.300049, 0.0, 0.0, 0.0, 0.0, 1.0],
                [0.359856, 0.324445, 0.87478, -0.0, -0.924808, 0.0, 0.380436, 0.048, 0.12343, -0.945904, 0.300049, 0.0, 0.0, 0.0, 0.0, 1.0],
                [0.359856, 0.324445, 0.87478, -0.0, -0.924808, 0.0, 0.380435, 0.048, 0.12343, -0.945905, 0.300049, 0.0, 0.0, 0.0, 0.0, 1.0],
                [0.359856, 0.324445, 0.874779, 0.0, -0.924807, 0.0, 0.380435, 0.048, 0.12343, -0.945905, 0.300049, 0.0, 0.0, 0.0, 0.0, 1.0],
                [0.359856, 0.324445, 0.874779, -0.0, -0.924807, 0.0, 0.380436, 0.048, 0.12343, -0.945904, 0.300049, 0.0, 0.0, 0.0, 0.0, 1.0],
                [0.359856, 0.324445, 0.87478, -0.0, -0.924808, 1e-06, 0.380435, 0.048, 0.12343, -0.945905, 0.300049, -0.0, 0.0, 0.0, 0.0, 1.0],
                [0.359856, 0.324445, 0.87478, -0.0, -0.924807, 0.0, 0.380435, 0.048, 0.12343, -0.945904, 0.300049, -0.0, 0.0, 0.0, 0.0, 1.0],
                [0.359856, 0.324445, 0.87478, 0.0, -0.924808, 0.0, 0.380436, 0.048, 0.12343, -0.945905, 0.300049, 0.0, 0.0, 0.0, 0.0, 1.0],
                [0.359856, 0.324445, 0.87478, 0.0, -0.924808, 0.0, 0.380436, 0.048, 0.12343, -0.945905, 0.300049, -0.0, 0.0, 0.0, 0.0, 1.0],
                [0.359856, 0.324445, 0.87478, 0.0, -0.924808, 1e-06, 0.380436, 0.048, 0.12343, -0.945905, 0.300049, 0.0, 0.0, 0.0, 0.0, 1.0],
                [0.359856, 0.324445, 0.87478, 0.0, -0.924807, 0.0, 0.380435, 0.048, 0.12343, -0.945904, 0.300049, -0.0, 0.0, 0.0, 0.0, 1.0],
                [0.359856, 0.324445, 0.87478, -0.0, -0.924808, 1e-06, 0.380436, 0.048, 0.12343, -0.945905, 0.300049, -0.0, 0.0, 0.0, 0.0, 1.0],
                [0.359856, 0.324445, 0.874779, -0.0, -0.924808, 0.0, 0.380436, 0.048, 0.12343, -0.945905, 0.300049, 0.0, 0.0, 0.0, 0.0, 1.0],
                [0.359856, 0.324445, 0.87478, -0.0, -0.924808, 0.0, 0.380436, 0.048, 0.12343, -0.945905, 0.300049, 0.0, 0.0, 0.0, 0.0, 1.0],
                [0.359856, 0.324445, 0.87478, 0.0, -0.924807, 0.0, 0.380436, 0.048, 0.12343, -0.945905, 0.300049, -0.0, 0.0, 0.0, 0.0, 1.0],
                [0.359856, 0.324445, 0.87478, 0.0, -0.924807, 0.0, 0.380435, 0.048, 0.12343, -0.945904, 0.300049, 0.0, 0.0, 0.0, 0.0, 1.0],
                [0.359856, 0.324445, 0.87478, 0.0, -0.924808, 1e-06, 0.380436, 0.048, 0.12343, -0.945904, 0.300049, -0.0, 0.0, 0.0, 0.0, 1.0],
                [0.359856, 0.324445, 0.87478, 0.0, -0.924807, 0.0, 0.380435, 0.048, 0.12343, -0.945904, 0.300049, -0.0, 0.0, 0.0, 0.0, 1.0],
                [0.359856, 0.324445, 0.87478, -0.0, -0.924808, 0.0, 0.380435, 0.048, 0.12343, -0.945904, 0.300049, -0.0, 0.0, 0.0, 0.0, 1.0],
                [0.359856, 0.324445, 0.87478, 0.0, -0.924808, 0.0, 0.380436, 0.048, 0.12343, -0.945905, 0.300049, -0.0, 0.0, 0.0, 0.0, 1.0],
                [0.359856, 0.324445, 0.874779, 0.0, -0.924808, 0.0, 0.380435, 0.048, 0.12343, -0.945905, 0.300049, 0.0, 0.0, 0.0, 0.0, 1.0],
                [0.359856, 0.324445, 0.874779, -0.0, -0.924807, 0.0, 0.380435, 0.048, 0.12343, -0.945904, 0.300049, -0.0, 0.0, 0.0, 0.0, 1.0],
                [0.359856, 0.324445, 0.874779, 0.0, -0.924807, 1e-06, 0.380436, 0.048, 0.12343, -0.945904, 0.300049, -0.0, 0.0, 0.0, 0.0, 1.0],
                [0.359856, 0.324445, 0.87478, -0.0, -0.924807, 0.0, 0.380435, 0.048, 0.12343, -0.945905, 0.300049, 0.0, 0.0, 0.0, 0.0, 1.0],
                [0.359856, 0.324445, 0.87478, 0.0, -0.924808, 0.0, 0.380436, 0.048, 0.12343, -0.945905, 0.300049, 0.0, 0.0, 0.0, 0.0, 1.0],
                [0.359856, 0.324445, 0.87478, -0.0, -0.924807, 0.0, 0.380436, 0.048, 0.12343, -0.945905, 0.300049, 0.0, 0.0, 0.0, 0.0, 1.0],
                [0.359856, 0.324445, 0.874779, -0.0, -0.924808, 0.0, 0.380436, 0.048, 0.12343, -0.945904, 0.300049, -0.0, 0.0, 0.0, 0.0, 1.0],
                [0.359856, 0.324445, 0.87478, -0.0, -0.924808, 1e-06, 0.380435, 0.048, 0.12343, -0.945904, 0.300049, -0.0, 0.0, 0.0, 0.0, 1.0],
                [0.359856, 0.324445, 0.874779, 0.0, -0.924808, 1e-06, 0.380436, 0.048, 0.12343, -0.945905, 0.300049, -0.0, 0.0, 0.0, 0.0, 1.0],
                [0.359856, 0.324445, 0.87478, 0.0, -0.924807, 0.0, 0.380436, 0.048, 0.12343, -0.945905, 0.300049, 0.0, 0.0, 0.0, 0.0, 1.0],
                [0.359856, 0.324445, 0.874779, -0.0, -0.924808, 0.0, 0.380436, 0.048, 0.12343, -0.945904, 0.300049, -0.0, 0.0, 0.0, 0.0, 1.0],
                [0.359856, 0.324445, 0.87478, -0.0, -0.924807, 0.0, 0.380435, 0.048, 0.12343, -0.945904, 0.300049, 0.0, 0.0, 0.0, 0.0, 1.0],
                [0.359856, 0.324445, 0.874779, -0.0, -0.924808, 1e-06, 0.380436, 0.048, 0.12343, -0.945905, 0.300049, 0.0, 0.0, 0.0, 0.0, 1.0],
                [0.359856, 0.324445, 0.87478, 0.0, -0.924808, 1e-06, 0.380436, 0.048, 0.12343, -0.945905, 0.300049, -0.0, 0.0, 0.0, 0.0, 1.0],
                [0.359856, 0.324445, 0.874779, 0.0, -0.924807, 0.0, 0.380435, 0.048, 0.12343, -0.945904, 0.300049, -0.0, 0.0, 0.0, 0.0, 1.0],
                [0.359856, 0.324445, 0.874779, 0.0, -0.924807, 0.0, 0.380436, 0.048, 0.12343, -0.945905, 0.300049, 0.0, 0.0, 0.0, 0.0, 1.0],
                [0.359856, 0.324445, 0.87478, -0.0, -0.924807, 0.0, 0.380435, 0.048, 0.12343, -0.945904, 0.300049, 0.0, 0.0, 0.0, 0.0, 1.0],
                [0.359856, 0.324445, 0.87478, -0.0, -0.924808, 0.0, 0.380436, 0.048, 0.12343, -0.945905, 0.300049, -0.0, 0.0, 0.0, 0.0, 1.0],
                [0.359856, 0.324445, 0.87478, 0.0, -0.924808, 1e-06, 0.380436, 0.048, 0.12343, -0.945905, 0.300049, 0.0, 0.0, 0.0, 0.0, 1.0]
            ]
        },
        {
            "name": "Thigh_FR",
            "time": [0.0, 0.0333, 0.0667, 0.1, 0.1333, 0.1667, 0.2, 0.2333, 0.2667, 0.3, 0.3333, 0.3667, 0.4, 0.4333, 0.4667, 0.5, 0.5333, 0.5667, 0.6, 0.6333, 0.6667, 0.7, 0.7333, 0.7667, 0.8, 0.8333, 0.8667, 0.9, 0.9333, 0.9667, 1.0, 1.0333, 1.0667, 1.1, 1.1333, 1.1667, 1.2, 1.2333, 1.2667, 1.3, 1.3333, 1.3667, 1.4, 1.4333, 1.4667, 1.5, 1.5333, 1.5667, 1.6, 1.6333, 1.6667, 1.7, 1.7333, 1.7667, 1.8, 1.8333, 1.8667, 1.9, 1.9333, 1.9667, 2.0, 2.0333, 2.0667, 2.1, 2.1333, 2.1667, 2.2],
            "transform": [
                [0.877652, -0.204251, 0.433599, -0.0, 0.055124, 0.941666, 0.332004, 0.030447, -0.476118, -0.267482, 0.837714, -0.0, 0.0, 0.0, 0.0, 1.0],
                [0.877638, -0.204313, 0.433598, 0.0, 0.055187, 0.94166, 0.332009, 0.030447, -0.476136, -0.267455, 0.837713, -0.0, 0.0, 0.0, 0.0, 1.0],
                [0.877598, -0.204493, 0.433594, -0.0, 0.055374, 0.941644, 0.332025, 0.030447, -0.476188, -0.267375, 0.837709, 0.0, 0.0, 0.0, 0.0, 1.0],
                [0.877533, -0.204786, 0.433588, 0.0, 0.055676, 0.941617, 0.33205, 0.030447, -0.476273, -0.267244, 0.837702, 0.0, 0.0, 0.0, 0.0, 1.0],
                [0.877444, -0.205184, 0.43358, 0.0, 0.056086, 0.941581, 0.332084, 0.030447, -0.476389, -0.267067, 0.837692, 0.0, 0.0, 0.0, 0.0, 1.0],
                [0.877333, -0.20568, 0.43357, -0.0, 0.056598, 0.941535, 0.332126, 0.030447, -0.476533, -0.266846, 0.837681, 0.0, 0.0, 0.0, 0.0, 1.0],
