{
    "animation": [
        {
            "name": "Root",
            "time": [0.0, 0.0333, 0.0667, 0.1, 0.1333, 0.1667, 0.2, 0.2333, 0.2667, 0.3, 0.3333, 0.3667, 0.4, 0.4333, 0.4667, 0.5, 0.5333, 0.5667, 0.6, 0.6333, 0.6667, 0.7, 0.7333, 0.7667, 0.8, 0.8333, 0.8667, 0.9, 0.9333, 0.9667, 1.0, 1.0333, 1.0667, 1.1, 1.1333, 1.1667, 1.2, 1.2333, 1.2667, 1.3, 1.3333, 1.3667, 1.4, 1.4333, 1.4667, 1.5, 1.5333, 1.5667, 1.6, 1.6333, 1.6667, 1.7, 1.7333, 1.7667, 1.8, 1.8333, 1.8667, 1.9, 1.9333, 1.9667, 2.0, 2.0333, 2.0667, 2.1, 2.1333, 2.1667, 2.2, 2.2333, 2.2667, 2.3, 2.3333, 2.3667, 2.4, 2.4333, 2.4667, 2.5, 2.5333, 2.5667, 2.6, 2.6333, 2.6667, 2.7, 2.7333, 2.7667, 2.8, 2.8333, 2.8667, 2.9, 2.9333, 2.9667, 3.0, 3.0333, 3.0667, 3.1, 3.1333, 3.1667, 3.5667],
            "transform": [
                [1.0, 0.0, 0.0, -0.000507, 0.0, 1.0, 0.0, -0.523665, 0.0, 0.0, 1.0, 0.626391, 0.0, 0.0, 0.0, 1.0],
                [1.0, 0.0, 0.0, -0.000507, 0.0, 1.0, 0.0, -0.523665, 0.0, 0.0, 1.0, 0.626391, 0.0, 0.0, 0.0, 1.0],
                [1.0, 0.0, 0.0, -0.000507, 0.0, 1.0, 0.0, -0.523665, 0.0, 0.0, 1.0, 0.626391, 0.0, 0.0, 0.0, 1.0],
                [1.0, 0.0, 0.0, -0.000507, 0.0, 1.0, 0.0, -0.523665, 0.0, 0.0, 1.0, 0.626391, 0.0, 0.0, 0.0, 1.0],
                [1.0, 0.0, 0.0, -0.000507, 0.0, 1.0, 0.0, -0.523665, 0.0, 0.0, 1.0, 0.626391, 0.0, 0.0, 0.0, 1.0],
                [1.0, 0.0, 0.0, -0.000507, 0.0, 1.0, 0.0, -0.523665, 0.0, 0.0, 1.0, 0.626391, 0.0, 0.0, 0.0, 1.0],
                [1.0, 0.0, 0.0, -0.000507, 0.0, 1.0, 0.0, -0.523665, 0.0, 0.0, 1.0, 0.626391, 0.0, 0.0, 0.0, 1.0],
                [1.0, 0.0, 0.0, -0.000507, 0.0, 1.0, 0.0, -0.523665, 0.0, 0.0, 1.0, 0.626391, 0.0, 0.0, 0.0, 1.0],
                [1.0, 0.0, 0.0, -0.000507, 0.0, 1.0, 0.0, -0.523665, 0.0, 0.0, 1.0, 0.626391, 0.0, 0.0, 0.0, 1.0],
                [1.0, 0.0, 0.0, -0.000507, 0.0, 1.0, 0.0, -0.523665, 0.0, 0.0, 1.0, 0.626391, 0.0, 0.0, 0.0, 1.0],
                [1.0, 0.0, 0.0, -0.000507, 0.0, 1.0, 0.0, -0.523665, 0.0, 0.0, 1.0, 0.626391, 0.0, 0.0, 0.0, 1.0],
                [1.0, 0.0, 0.0, -0.000507, 0.0, 1.0, 0.0, -0.523665, 0.0, 0.0, 1.0, 0.626391, 0.0, 0.0, 0.0, 1.0],
                [1.0, 0.0, 0.0, -0.000507, 0.0, 1.0, 0.0, -0.523665, 0.0, 0.0, 1.0, 0.626391, 0.0, 0.0, 0.0, 1.0],
                [1.0, 0.0, 0.0, -0.000507, 0.0, 1.0, 0.0, -0.523665, 0.0, 0.0, 1.0, 0.626391, 0.0, 0.0, 0.0, 1.0],
                [1.0, 0.0, 0.0, -0.000507, 0.0, 1.0, 0.0, -0.523665, 0.0, 0.0, 1.0, 0.626391, 0.0, 0.0, 0.0, 1.0],
                [1.0, 0.0, 0.0, -0.000507, 0.0, 1.0, 0.0, -0.523665, 0.0, 0.0, 1.0, 0.626391, 0.0, 0.0, 0.0, 1.0],
                [1.0, 0.0, 0.0, -0.000507, 0.0, 1.0, 0.0, -0.523665, 0.0, 0.0, 1.0, 0.626391, 0.0, 0.0, 0.0, 1.0],
                [1.0, 0.0, 0.0, -0.000507, 0.0, 1.0, 0.0, -0.523665, 0.0, 0.0, 1.0, 0.626391, 0.0, 0.0, 0.0, 1.0],
                [1.0, 0.0, 0.0, -0.000507, 0.0, 1.0, 0.0, -0.523665, 0.0, 0.0, 1.0, 0.626391, 0.0, 0.0, 0.0, 1.0],
                [1.0, 0.0, 0.0, -0.000507, 0.0, 1.0, 0.0, -0.523665, 0.0, 0.0, 1.0, 0.626391, 0.0, 0.0, 0.0, 1.0],
                [1.0, 0.0, 0.0, -0.000507, 0.0, 1.0, 0.0, -0.523665, 0.0, 0.0, 1.0, 0.626391, 0.0, 0.0, 0.0, 1.0],
                [1.0, 0.0, 0.0, -0.000507, 0.0, 1.0, 0.0, -0.523665, 0.0, 0.0, 1.0, 0.626391, 0.0, 0.0, 0.0, 1.0],
                [1.0, 0.0, 0.0, -0.000507, 0.0, 1.0, 0.0, -0.523665, 0.0, 0.0, 1.0, 0.626391, 0.0, 0.0, 0.0, 1.0],
                [1.0, 0.0, 0.0, -0.000507, 0.0, 1.0, 0.0, -0.523665, 0.0, 0.0, 1.0, 0.626391, 0.0, 0.0, 0.0, 1.0],
                [1.0, 0.0, 0.0, -0.000507, 0.0, 1.0, 0.0, -0.523665, 0.0, 0.0, 1.0, 0.626391, 0.0, 0.0, 0.0, 1.0],
                [1.0, 0.0, 0.0, -0.000507, 0.0, 1.0, 0.0, -0.523665, 0.0, 0.0, 1.0, 0.626391, 0.0, 0.0, 0.0, 1.0],
                [1.0, 0.0, 0.0, -0.000507, 0.0, 1.0, 0.0, -0.523665, 0.0, 0.0, 1.0, 0.626391, 0.0, 0.0, 0.0, 1.0],
                [1.0, 0.0, 0.0, -0.000507, 0.0, 1.0, 0.0, -0.523665, 0.0, 0.0, 1.0, 0.626391, 0.0, 0.0, 0.0, 1.0],
                [1.0, 0.0, 0.0, -0.000507, 0.0, 1.0, 0.0, -0.523665, 0.0, 0.0, 1.0, 0.626391, 0.0, 0.0, 0.0, 1.0],
                [1.0, 0.0, 0.0, -0.000507, 0.0, 1.0, 0.0, -0.523665, 0.0, 0.0, 1.0, 0.626391, 0.0, 0.0, 0.0, 1.0],
                [1.0, 0.0, 0.0, -0.000507, 0.0, 1.0, 0.0, -0.523665, 0.0, 0.0, 1.0, 0.626391, 0.0, 0.0, 0.0, 1.0],
                [1.0, 0.0, 0.0, -0.000507, 0.0, 1.0, 0.0, -0.523665, 0.0, 0.0, 1.0, 0.626391, 0.0, 0.0, 0.0, 1.0],
                [1.0, 0.0, 0.0, -0.000507, 0.0, 1.0, 0.0, -0.523665, 0.0, 0.0, 1.0, 0.626391, 0.0, 0.0, 0.0, 1.0],
                [1.0, 0.0, 0.0, -0.000507, 0.0, 1.0, 0.0, -0.523665, 0.0, 0.0, 1.0, 0.626391, 0.0, 0.0, 0.0, 1.0],
                [1.0, 0.0, 0.0, -0.000507, 0.0, 1.0, 0.0, -0.523665, 0.0, 0.0, 1.0, 0.626391, 0.0, 0.0, 0.0, 1.0],
                [1.0, 0.0, 0.0, -0.000507, 0.0, 1.0, 0.0, -0.523665, 0.0, 0.0, 1.0, 0.626391, 0.0, 0.0, 0.0, 1.0],
                [1.0, 0.0, 0.0, -0.000507, 0.0, 1.0, 0.0, -0.523665, 0.0, 0.0, 1.0, 0.626391, 0.0, 0.0, 0.0, 1.0],
                [1.0, 0.0, 0.0, -0.000507, 0.0, 1.0, 0.0, -0.523665, 0.0, 0.0, 1.0, 0.626391, 0.0, 0.0, 0.0, 1.0],
                [1.0, 0.0, 0.0, -0.000507, 0.0, 1.0, 0.0, -0.523665, 0.0, 0.0, 1.0, 0.626391, 0.0, 0.0, 0.0, 1.0],
                [1.0, 0.0, 0.0, -0.000507, 0.0, 1.0, 0.0, -0.523665, 0.0, 0.0, 1.0, 0.626391, 0.0, 0.0, 0.0, 1.0],
                [1.0, 0.0, 0.0, -0.000507, 0.0, 1.0, 0.0, -0.523665, 0.0, 0.0, 1.0, 0.626391, 0.0, 0.0, 0.0, 1.0],
                [1.0, 0.0, 0.0, -0.000507, 0.0, 1.0, 0.0, -0.523665, 0.0, 0.0, 1.0, 0.626391, 0.0, 0.0, 0.0, 1.0],
                [1.0, 0.0, 0.0, -0.000507, 0.0, 1.0, 0.0, -0.523665, 0.0, 0.0, 1.0, 0.626391, 0.0, 0.0, 0.0, 1.0],
                [1.0, 0.0, 0.0, -0.000507, 0.0, 1.0, 0.0, -0.523665, 0.0, 0.0, 1.0, 0.626391, 0.0, 0.0, 0.0, 1.0],
                [1.0, 0.0, 0.0, -0.000507, 0.0, 1.0, 0.0, -0.523665, 0.0, 0.0, 1.0, 0.626391, 0.0, 0.0, 0.0, 1.0],
                [1.0, 0.0, 0.0, -0.000507, 0.0, 1.0, 0.0, -0.523665, 0.0, 0.0, 1.0, 0.626391, 0.0, 0.0, 0.0, 1.0],
                [1.0, 0.0, 0.0, -0.000507, 0.0, 1.0, 0.0, -0.523665, 0.0, 0.0, 1.0, 0.626391, 0.0, 0.0, 0.0, 1.0],
                [1.0, 0.0, 0.0, -0.000507, 0.0, 1.0, 0.0, -0.523665, 0.0, 0.0, 1.0, 0.626391, 0.0, 0.0, 0.0, 1.0],
                [1.0, 0.0, 0.0, -0.000507, 0.0, 1.0, 0.0, -0.523665, 0.0, 0.0, 1.0, 0.626391, 0.0, 0.0, 0.0, 1.0],
                [1.0, 0.0, 0.0, -0.000507, 0.0, 1.0, 0.0, -0.523665, 0.0, 0.0, 1.0, 0.626391, 0.0, 0.0, 0.0, 1.0],
                [1.0, 0.0, 0.0, -0.000507, 0.0, 1.0, 0.0, -0.523665, 0.0, 0.0, 1.0, 0.626391, 0.0, 0.0, 0.0, 1.0],
                [1.0, 0.0, 0.0, -0.000507, 0.0, 1.0, 0.0, -0.523665, 0.0, 0.0, 1.0, 0.626391, 0.0, 0.0, 0.0, 1.0],
                [1.0, 0.0, 0.0, -0.000507, 0.0, 1.0, 0.0, -0.523665, 0.0, 0.0, 1.0, 0.626391, 0.0, 0.0, 0.0, 1.0],
                [1.0, 0.0, 0.0, -0.000507, 0.0, 1.0, 0.0, -0.523665, 0.0, 0.0, 1.0, 0.626391, 0.0, 0.0, 0.0, 1.0],
                [1.0, 0.0, 0.0, -0.000507, 0.0, 1.0, 0.0, -0.523665, 0.0, 0.0, 1.0, 0.626391, 0.0, 0.0, 0.0, 1.0],
                [1.0, 0.0, 0.0, -0.000507, 0.0, 1.0, 0.0, -0.523665, 0.0, 0.0, 1.0, 0.626391, 0.0, 0.0, 0.0, 1.0],
                [1.0, 0.0, 0.0, -0.000507, 0.0, 1.0, 0.0, -0.523665, 0.0, 0.0, 1.0, 0.626391, 0.0, 0.0, 0.0, 1.0],
                [1.0, 0.0, 0.0, -0.000507, 0.0, 1.0, 0.0, -0.523665, 0.0, 0.0, 1.0, 0.626391, 0.0, 0.0, 0.0, 1.0],
                [1.0, 0.0, 0.0, -0.000507, 0.0, 1.0, 0.0, -0.523665, 0.0, 0.0, 1.0, 0.626391, 0.0, 0.0, 0.0, 1.0],
                [1.0, 0.0, 0.0, -0.000507, 0.0, 1.0, 0.0, -0.523665, 0.0, 0.0, 1.0, 0.626391, 0.0, 0.0, 0.0, 1.0],
                [1.0, 0.0, 0.0, -0.000507, 0.0, 1.0, 0.0, -0.523665, 0.0, 0.0, 1.0, 0.626391, 0.0, 0.0, 0.0, 1.0],
                [1.0, 0.0, 0.0, -0.000507, 0.0, 1.0, 0.0, -0.523665, 0.0, 0.0, 1.0, 0.626391, 0.0, 0.0, 0.0, 1.0],
                [1.0, 0.0, 0.0, -0.000507, 0.0, 1.0, 0.0, -0.523665, 0.0, 0.0, 1.0, 0.626391, 0.0, 0.0, 0.0, 1.0],
                [1.0, 0.0, 0.0, -0.000507, 0.0, 1.0, 0.0, -0.523665, 0.0, 0.0, 1.0, 0.626391, 0.0, 0.0, 0.0, 1.0],
                [1.0, 0.0, 0.0, -0.000507, 0.0, 1.0, 0.0, -0.523665, 0.0, 0.0, 1.0, 0.626391, 0.0, 0.0, 0.0, 1.0],
                [1.0, 0.0, 0.0, -0.000507, 0.0, 1.0, 0.0, -0.523665, 0.0, 0.0, 1.0, 0.626391, 0.0, 0.0, 0.0, 1.0],
                [1.0, 0.0, 0.0, -0.000507, 0.0, 1.0, 0.0, -0.523665, 0.0, 0.0, 1.0, 0.626391, 0.0, 0.0, 0.0, 1.0],
                [1.0, 0.0, 0.0, -0.000507, 0.0, 1.0, 0.0, -0.523665, 0.0, 0.0, 1.0, 0.626391, 0.0, 0.0, 0.0, 1.0],
                [1.0, 0.0, 0.0, -0.000507, 0.0, 1.0, 0.0, -0.523665, 0.0, 0.0, 1.0, 0.626391, 0.0, 0.0, 0.0, 1.0],
                [1.0, 0.0, 0.0, -0.000507, 0.0, 1.0, 0.0, -0.523665, 0.0, 0.0, 1.0, 0.626391, 0.0, 0.0, 0.0, 1.0],
                [1.0, 0.0, 0.0, -0.000507, 0.0, 1.0, 0.0, -0.523665, 0.0, 0.0, 1.0, 0.626391, 0.0, 0.0, 0.0, 1.0],
                [1.0, 0.0, 0.0, -0.000507, 0.0, 1.0, 0.0, -0.523665, 0.0, 0.0, 1.0, 0.626391, 0.0, 0.0, 0.0, 1.0],
                [1.0, 0.0, 0.0, -0.000507, 0.0, 1.0, 0.0, -0.523665, 0.0, 0.0, 1.0, 0.626391, 0.0, 0.0, 0.0, 1.0],
                [1.0, 0.0, 0.0, -0.000507, 0.0, 1.0, 0.0, -0.523665, 0.0, 0.0, 1.0, 0.626391, 0.0, 0.0, 0.0, 1.0],
                [1.0, 0.0, 0.0, -0.000507, 0.0, 1.0, 0.0, -0.523665, 0.0, 0.0, 1.0, 0.626391, 0.0, 0.0, 0.0, 1.0],
                [1.0, 0.0, 0.0, -0.000507, 0.0, 1.0, 0.0, -0.523665, 0.0, 0.0, 1.0, 0.626391, 0.0, 0.0, 0.0, 1.0],
                [1.0, 0.0, 0.0, -0.000507, 0.0, 1.0, 0.0, -0.523665, 0.0, 0.0, 1.0, 0.626391, 0.0, 0.0, 0.0, 1.0],
                [1.0, 0.0, 0.0, -0.000507, 0.0, 1.0, 0.0, -0.523665, 0.0, 0.0, 1.0, 0.626391, 0.0, 0.0, 0.0, 1.0],
                [1.0, 0.0, 0.0, -0.000507, 0.0, 1.0, 0.0, -0.523665, 0.0, 0.0, 1.0, 0.626391, 0.0, 0.0, 0.0, 1.0],
                [1.0, 0.0, 0.0, -0.000507, 0.0, 1.0, 0.0, -0.523665, 0.0, 0.0, 1.0, 0.626391, 0.0, 0.0, 0.0, 1.0],
                [1.0, 0.0, 0.0, -0.000507, 0.0, 1.0, 0.0, -0.523665, 0.0, 0.0, 1.0, 0.626391, 0.0, 0.0, 0.0, 1.0],
                [1.0, 0.0, 0.0, -0.000507, 0.0, 1.0, 0.0, -0.523665, 0.0, 0.0, 1.0, 0.626391, 0.0, 0.0, 0.0, 1.0],
                [1.0, 0.0, 0.0, -0.000507, 0.0, 1.0, 0.0, -0.523665, 0.0, 0.0, 1.0, 0.626391, 0.0, 0.0, 0.0, 1.0],
                [1.0, 0.0, 0.0, -0.000507, 0.0, 1.0, 0.0, -0.523665, 0.0, 0.0, 1.0, 0.626391, 0.0, 0.0, 0.0, 1.0],
                [1.0, 0.0, 0.0, -0.000507, 0.0, 1.0, 0.0, -0.523665, 0.0, 0.0, 1.0, 0.626391, 0.0, 0.0, 0.0, 1.0],
                [1.0, 0.0, 0.0, -0.000507, 0.0, 1.0, 0.0, -0.523665, 0.0, 0.0, 1.0, 0.626391, 0.0, 0.0, 0.0, 1.0],
                [1.0, 0.0, 0.0, -0.000507, 0.0, 1.0, 0.0, -0.523665, 0.0, 0.0, 1.0, 0.626391, 0.0, 0.0, 0.0, 1.0],
                [1.0, 0.0, 0.0, -0.000507, 0.0, 1.0, 0.0, -0.523665, 0.0, 0.0, 1.0, 0.626391, 0.0, 0.0, 0.0, 1.0],
                [1.0, 0.0, 0.0, -0.000507, 0.0, 1.0, 0.0, -0.523665, 0.0, 0.0, 1.0, 0.626391, 0.0, 0.0, 0.0, 1.0],
                [1.0, 0.0, 0.0, -0.000507, 0.0, 1.0, 0.0, -0.523665, 0.0, 0.0, 1.0, 0.626391, 0.0, 0.0, 0.0, 1.0],
                [1.0, 0.0, 0.0, -0.000507, 0.0, 1.0, 0.0, -0.523665, 0.0, 0.0, 1.0, 0.626391, 0.0, 0.0, 0.0, 1.0],
                [1.0, 0.0, 0.0, -0.000507, 0.0, 1.0, 0.0, -0.523665, 0.0, 0.0, 1.0, 0.626391, 0.0, 0.0, 0.0, 1.0],
                [1.0, 0.0, 0.0, -0.000507, 0.0, 1.0, 0.0, -0.523665, 0.0, 0.0, 1.0, 0.626391, 0.0, 0.0, 0.0, 1.0],
                [1.0, 0.0, 0.0, -0.000507, 0.0, 1.0, 0.0, -0.523665, 0.0, 0.0, 1.0, 0.626391, 0.0, 0.0, 0.0, 1.0],
                [1.0, 0.0, 0.0, -0.000507, 0.0, 1.0, 0.0, -0.523665, 0.0, 0.0, 1.0, 0.626391, 0.0, 0.0, 0.0, 1.0],
                [1.0, 0.0, 0.0, -0.000507, 0.0, 1.0, 0.0, -0.523665, 0.0, 0.0, 1.0, 0.626391, 0.0, 0.0, 0.0, 1.0],
                [1.0, 0.0, 0.0, -0.000507, 0.0, 1.0, 0.0, -0.523665, 0.0, 0.0, 1.0, 0.626391, 0.0, 0.0, 0.0, 1.0]
            ]
        },
        {
            "name": "Torso",
            "time": [0.0, 0.0333, 0.0667, 0.1, 0.1333, 0.1667, 0.2, 0.2333, 0.2667, 0.3, 0.3333, 0.3667, 0.4, 0.4333, 0.4667, 0.5, 0.5333, 0.5667, 0.6, 0.6333, 0.6667, 0.7, 0.7333, 0.7667, 0.8, 0.8333, 0.8667, 0.9, 0.9333, 0.9667, 1.0, 1.0333, 1.0667, 1.1, 1.1333, 1.1667, 1.2, 1.2333, 1.2667, 1.3, 1.3333, 1.3667, 1.4, 1.4333, 1.4667, 1.5, 1.5333, 1.5667, 1.6, 1.6333, 1.6667, 1.7, 1.7333, 1.7667, 1.8, 1.8333, 1.8667, 1.9, 1.9333, 1.9667, 2.0, 2.0333, 2.0667, 2.1, 2.1333, 2.1667, 2.2, 2.2333, 2.2667, 2.3, 2.3333, 2.3667, 2.4, 2.4333, 2.4667, 2.5, 2.5333, 2.5667, 2.6, 2.6333, 2.6667, 2.7, 2.7333, 2.7667, 2.8, 2.8333, 2.8667, 2.9, 2.9333, 2.9667, 3.0, 3.0333, 3.0667, 3.1, 3.1333, 3.1667, 3.2, 3.2333, 3.2667, 3.3, 3.3333, 3.3667, 3.4, 3.4333, 3.4667, 3.5, 3.5333, 3.5667],
            "transform": [
                [1.0, 0.0, 0.0, 0.0, 0.0, 1.0, 0.0, 0.179686, 0.0, 0.0, 1.0, 0.0, 0.0, 0.0, 0.0, 1.0],
                [1.0, 0.0, 0.0, 0.0, 0.0, 0.999997, -0.002443, 0.179686, 0.0, 0.002443, 0.999997, 0.0, 0.0, 0.0, 0.0, 1.0],
                [1.0, 0.0, 0.0, 0.0, 0.0, 0.999959, -0.009074, 0.179686, 0.0, 0.009074, 0.999959, 0.0, 0.0, 0.0, 0.0, 1.0],
                [1.0, 0.0, 0.0, 0.0, 0.0, 0.999822, -0.018846, 0.179686, 0.0, 0.018846, 0.999822, 0.0, 0.0, 0.0, 0.0, 1.0],
                [1.0, 0.0, 0.0, 0.0, 0.0, 0.999528, -0.030711, 0.179686, 0.0, 0.030711, 0.999528, 0.0, 0.0, 0.0, 0.0, 1.0],
                [1.0, 0.0, 0.0, 0.0, 0.0, 0.999048, -0.043619, 0.179686, 0.0, 0.043619, 0.999048, 0.0, 0.0, 0.0, 0.0, 1.0],
                [1.0, 0.0, 0.0, 0.0, 0.0, 0.998401, -0.05652, 0.179686, 0.0, 0.05652, 0.998401, 0.0, 0.0, 0.0, 0.0, 1.0],
                [1.0, 0.0, 0.0, 0.0, 0.0, 0.99766, -0.068366, 0.179686, 0.0, 0.068366, 0.99766, 0.0, 0.0, 0.0, 0.0, 1.0],
                [1.0, 0.0, 0.0, 0.0, 0.0, 0.996944, -0.078113, 0.179686, 0.0, 0.078113, 0.996944, 0.0, 0.0, 0.0, 0.0, 1.0],
                [1.0, 0.0, 0.0, 0.0, 0.0, 0.996405, -0.084722, 0.179686, 0.0, 0.084722, 0.996405, 0.0, 0.0, 0.0, 0.0, 1.0],
                [1.0, 0.0, 0.0, 0.0, 0.0, 0.996195, -0.087156, 0.179686, 0.0, 0.087156, 0.996195, 0.0, 0.0, 0.0, 0.0, 1.0],
                [1.0, 0.0, 0.0, 0.0, 0.0, 0.996458, -0.084096, 0.179686, 0.0, 0.084096, 0.996458, 0.0, 0.0, 0.0, 0.0, 1.0],
                [1.0, 0.0, 0.0, 0.0, 0.0, 0.997047, -0.076797, 0.179686, 0.0, 0.076797, 0.997047, 0.0, 0.0, 0.0, 0.0, 1.0],
                [1.0, 0.0, 0.0, 0.0, 0.0, 0.99768, -0.068079, 0.179686, 0.0, 0.068079, 0.99768, 0.0, 0.0, 0.0, 0.0, 1.0],
                [1.0, 0.0, 0.0, 0.0, 0.0, 0.998152, -0.060771, 0.179686, 0.0, 0.060771, 0.998152, 0.0, 0.0, 0.0, 0.0, 1.0],
                [1.0, 0.0, 0.0, 0.0, 0.0, 0.998334, -0.057706, 0.179686, 0.0, 0.057706, 0.998334, 0.0, 0.0, 0.0, 0.0, 1.0],
                [1.0, 0.0, 0.0, 0.0, 0.0, 0.998152, -0.060771, 0.179686, 0.0, 0.060771, 0.998152, 0.0, 0.0, 0.0, 0.0, 1.0],
                [1.0, 0.0, 0.0, 0.0, 0.0, 0.99768, -0.068079, 0.179686, 0.0, 0.068079, 0.99768, 0.0, 0.0, 0.0, 0.0, 1.0],
                [1.0, 0.0, 0.0, 0.0, 0.0, 0.997047, -0.076797, 0.179686, 0.0, 0.076797, 0.997047, 0.0, 0.0, 0.0, 0.0, 1.0],
                [1.0, 0.0, 0.0, 0.0, 0.0, 0.996458, -0.084096, 0.179686, 0.0, 0.084096, 0.996458, 0.0, 0.0, 0.0, 0.0, 1.0],
                [1.0, 0.0, 0.0, 0.0, 0.0, 0.996195, -0.087156, 0.179686, 0.0, 0.087156, 0.996195, 0.0, 0.0, 0.0, 0.0, 1.0],
                [1.0, 0.0, 0.0, 0.0, 0.0, 0.996524, -0.083307, 0.179686, 0.0, 0.083307, 0.996524, 0.0, 0.0, 0.0, 0.0, 1.0],
                [1.0, 0.0, 0.0, 0.0, 0.0, 0.997249, -0.074124, 0.179686, 0.0, 0.074124, 0.997249, 0.0, 0.0, 0.0, 0.0, 1.0],
                [1.0, 0.0, 0.0, 0.0, 0.0, 0.998004, -0.063156, 0.179686, 0.0, 0.063156, 0.998004, 0.0, 0.0, 0.0, 0.0, 1.0],
                [1.0, 0.0, 0.0, 0.0, 0.0, 0.998543, -0.05396, 0.179686, 0.0, 0.05396, 0.998543, 0.0, 0.0, 0.0, 0.0, 1.0],
                [1.0, 0.0, 0.0, 0.0, 0.0, 0.998744, -0.050103, 0.179686, 0.0, 0.050103, 0.998744, 0.0, 0.0, 0.0, 0.0, 1.0],
                [1.0, 0.0, 0.0, 0.0, 0.0, 0.998736, -0.050257, 0.179686, 0.0, 0.050257, 0.998736, 0.0, 0.0, 0.0, 0.0, 1.0],
                [1.0, 0.0, 0.0, 0.0, 0.0, 0.998691, -0.051147, 0.179686, 0.0, 0.051147, 0.998691, 0.0, 0.0, 0.0, 0.0, 1.0],
                [1.0, 0.0, 0.0, 0.0, 0.0, 0.998572, -0.053416, 0.179686, 0.0, 0.053416, 0.998572, 0.0, 0.0, 0.0, 0.0, 1.0],
                [1.0, 0.0, 0.0, 0.0, 0.0, 0.998334, -0.057706, 0.179686, 0.0, 0.057706, 0.998334, 0.0, 0.0, 0.0, 0.0, 1.0],
                [1.0, 0.0, 0.0, 0.0, 0.0, 0.997931, -0.064299, 0.179686, 0.0, 0.064299, 0.997931, 0.0, 0.0, 0.0, 0.0, 1.0],
                [1.0, 0.0, 0.0, 0.0, 0.0, 0.997401, -0.072045, 0.179686, 0.0, 0.072045, 0.997401, 0.0, 0.0, 0.0, 0.0, 1.0],
                [1.0, 0.0, 0.0, 0.0, 0.0, 0.99684, -0.079439, 0.179686, 0.0, 0.079439, 0.99684, 0.0, 0.0, 0.0, 0.0, 1.0],
                [1.0, 0.0, 0.0, 0.0, 0.0, 0.996383, -0.084976, 0.179686, 0.0, 0.084976, 0.996383, 0.0, 0.0, 0.0, 0.0, 1.0],
                [1.0, 0.0, 0.0, 0.0, 0.0, 0.996195, -0.087156, 0.179686, 0.0, 0.087156, 0.996195, 0.0, 0.0, 0.0, 0.0, 1.0],
                [1.0, 0.0, 0.0, 0.0, 0.0, 0.996524, -0.083307, 0.179686, 0.0, 0.083307, 0.996524, 0.0, 0.0, 0.0, 0.0, 1.0],
                [1.0, 0.0, 0.0, 0.0, 0.0, 0.997249, -0.074124, 0.179686, 0.0, 0.074124, 0.997249, 0.0, 0.0, 0.0, 0.0, 1.0],
                [1.0, 0.0, 0.0, 0.0, 0.0, 0.998004, -0.063156, 0.179686, 0.0, 0.063156, 0.998004, 0.0, 0.0, 0.0, 0.0, 1.0],
                [1.0, 0.0, 0.0, 0.0, 0.0, 0.998543, -0.05396, 0.179686, 0.0, 0.05396, 0.998543, 0.0, 0.0, 0.0, 0.0, 1.0],
                [1.0, 0.0, 0.0, 0.0, 0.0, 0.998744, -0.050103, 0.179686, 0.0, 0.050103, 0.998744, 0.0, 0.0, 0.0, 0.0, 1.0],
                [1.0, 0.0, 0.0, 0.0, 0.0, 0.998743, -0.050125, 0.179686, 0.0, 0.050125, 0.998743, 0.0, 0.0, 0.0, 0.0, 1.0],
                [1.0, 0.0, 0.0, 0.0, 0.0, 0.998735, -0.05028, 0.179686, 0.0, 0.05028, 0.998735, 0.0, 0.0, 0.0, 0.0, 1.0],
                [1.0, 0.0, 0.0, 0.0, 0.0, 0.998714, -0.050701, 0.179686, 0.0, 0.050701, 0.998714, 0.0, 0.0, 0.0, 0.0, 1.0],
                [1.0, 0.0, 0.0, 0.0, 0.0, 0.998672, -0.051521, 0.179686, 0.0, 0.051521, 0.998672, 0.0, 0.0, 0.0, 0.0, 1.0],
                [1.0, 0.0, 0.0, 0.0, 0.0, 0.998601, -0.052874, 0.179686, 0.0, 0.052874, 0.998601, 0.0, 0.0, 0.0, 0.0, 1.0],
                [1.0, 0.0, 0.0, 0.0, 0.0, 0.998492, -0.054891, 0.179686, 0.0, 0.054891, 0.998492, 0.0, 0.0, 0.0, 0.0, 1.0],
                [1.0, 0.0, 0.0, 0.0, 0.0, 0.998334, -0.057706, 0.179686, 0.0, 0.057706, 0.998334, 0.0, 0.0, 0.0, 0.0, 1.0],
                [1.0, 0.0, 0.0, 0.0, 0.0, 0.998023, -0.062856, 0.179686, 0.0, 0.062856, 0.998023, 0.0, 0.0, 0.0, 0.0, 1.0],
                [1.0, 0.0, 0.0, 0.0, 0.0, 0.997517, -0.070423, 0.179686, 0.0, 0.070423, 0.997517, 0.0, 0.0, 0.0, 0.0, 1.0],
                [1.0, 0.0, 0.0, 0.0, 0.0, 0.996925, -0.078358, 0.179686, 0.0, 0.078358, 0.996925, 0.0, 0.0, 0.0, 0.0, 1.0],
                [1.0, 0.0, 0.0, 0.0, 0.0, 0.996414, -0.084616, 0.179686, 0.0, 0.084616, 0.996414, 0.0, 0.0, 0.0, 0.0, 1.0],
                [1.0, 0.0, 0.0, 0.0, 0.0, 0.996195, -0.087156, 0.179686, 0.0, 0.087156, 0.996195, 0.0, 0.0, 0.0, 0.0, 1.0],
                [1.0, 0.0, 0.0, 0.0, 0.0, 0.996524, -0.083307, 0.179686, 0.0, 0.083307, 0.996524, 0.0, 0.0, 0.0, 0.0, 1.0],
                [1.0, 0.0, 0.0, 0.0, 0.0, 0.997249, -0.074124, 0.179686, 0.0, 0.074124, 0.997249, 0.0, 0.0, 0.0, 0.0, 1.0],
                [1.0, 0.0, 0.0, 0.0, 0.0, 0.998004, -0.063156, 0.179686, 0.0, 0.063156, 0.998004, 0.0, 0.0, 0.0, 0.0, 1.0],
                [1.0, 0.0, 0.0, 0.0, 0.0, 0.998543, -0.05396, 0.179686, 0.0, 0.05396, 0.998543, 0.0, 0.0, 0.0, 0.0, 1.0],
                [1.0, 0.0, 0.0, 0.0, 0.0, 0.998744, -0.050103, 0.179686, 0.0, 0.050103, 0.998744, 0.0, 0.0, 0.0, 0.0, 1.0],
                [1.0, 0.0, 0.0, 0.0, 0.0, 0.998742, -0.050138, 0.179686, 0.0, 0.050138, 0.998742, 0.0, 0.0, 0.0, 0.0, 1.0],
                [1.0, 0.0, 0.0, 0.0, 0.0, 0.99873, -0.050384, 0.179686, 0.0, 0.050384, 0.99873, 0.0, 0.0, 0.0, 0.0, 1.0],
                [1.0, 0.0, 0.0, 0.0, 0.0, 0.998696, -0.051053, 0.179686, 0.0, 0.051053, 0.998696, 0.0, 0.0, 0.0, 0.0, 1.0],
                [1.0, 0.0, 0.0, 0.0, 0.0, 0.998628, -0.052356, 0.179686, 0.0, 0.052356, 0.998628, 0.0, 0.0, 0.0, 0.0, 1.0],
                [1.0, 0.0, 0.0, 0.0, 0.0, 0.998514, -0.054503, 0.179686, 0.0, 0.054503, 0.998514, 0.0, 0.0, 0.0, 0.0, 1.0],
                [1.0, 0.0, 0.0, 0.0, 0.0, 0.998334, -0.057706, 0.179686, 0.0, 0.057706, 0.998334, 0.0, 0.0, 0.0, 0.0, 1.0],
                [1.0, 0.0, 0.0, 0.0, 0.0, 0.998001, -0.063203, 0.179686, 0.0, 0.063203, 0.998001, 0.0, 0.0, 0.0, 0.0, 1.0],
                [1.0, 0.0, 0.0, 0.0, 0.0, 0.99749, -0.070813, 0.179686, 0.0, 0.070813, 0.99749, 0.0, 0.0, 0.0, 0.0, 1.0],
                [1.0, 0.0, 0.0, 0.0, 0.0, 0.996905, -0.078618, 0.179686, 0.0, 0.078618, 0.996905, 0.0, 0.0, 0.0, 0.0, 1.0],
                [1.0, 0.0, 0.0, 0.0, 0.0, 0.996406, -0.084703, 0.179686, 0.0, 0.084703, 0.996406, 0.0, 0.0, 0.0, 0.0, 1.0],
                [1.0, 0.0, 0.0, 0.0, 0.0, 0.996195, -0.087156, 0.179686, 0.0, 0.087156, 0.996195, 0.0, 0.0, 0.0, 0.0, 1.0],
                [1.0, 0.0, 0.0, 0.0, 0.0, 0.996524, -0.083307, 0.179686, 0.0, 0.083307, 0.996524, 0.0, 0.0, 0.0, 0.0, 1.0],
                [1.0, 0.0, 0.0, 0.0, 0.0, 0.997249, -0.074124, 0.179686, 0.0, 0.074124, 0.997249, 0.0, 0.0, 0.0, 0.0, 1.0],
                [1.0, 0.0, 0.0, 0.0, 0.0, 0.998004, -0.063156, 0.179686, 0.0, 0.063156, 0.998004, 0.0, 0.0, 0.0, 0.0, 1.0],
                [1.0, 0.0, 0.0, 0.0, 0.0, 0.998543, -0.05396, 0.179686, 0.0, 0.05396, 0.998543, 0.0, 0.0, 0.0, 0.0, 1.0],
                [1.0, 0.0, 0.0, 0.0, 0.0, 0.998744, -0.050103, 0.179686, 0.0, 0.050103, 0.998744, 0.0, 0.0, 0.0, 0.0, 1.0],
                [1.0, 0.0, 0.0, 0.0, 0.0, 0.998744, -0.050103, 0.179686, 0.0, 0.050103, 0.998744, 0.0, 0.0, 0.0, 0.0, 1.0],
                [1.0, 0.0, 0.0, 0.0, 0.0, 0.998744, -0.050103, 0.179686, 0.0, 0.050103, 0.998744, 0.0, 0.0, 0.0, 0.0, 1.0],
                [1.0, 0.0, 0.0, 0.0, 0.0, 0.998744, -0.050103, 0.179686, 0.0, 0.050103, 0.998744, 0.0, 0.0, 0.0, 0.0, 1.0],
                [1.0, 0.0, 0.0, 0.0, 0.0, 0.998744, -0.050103, 0.179686, 0.0, 0.050103, 0.998744, 0.0, 0.0, 0.0, 0.0, 1.0],
                [1.0, 0.0, 0.0, 0.0, 0.0, 0.998744, -0.050103, 0.179686, 0.0, 0.050103, 0.998744, 0.0, 0.0, 0.0, 0.0, 1.0],
                [1.0, 0.0, 0.0, 0.0, 0.0, 0.998744, -0.050103, 0.179686, 0.0, 0.050103, 0.998744, 0.0, 0.0, 0.0, 0.0, 1.0],
                [1.0, 0.0, 0.0, 0.0, 0.0, 0.998744, -0.050103, 0.179686, 0.0, 0.050103, 0.998744, 0.0, 0.0, 0.0, 0.0, 1.0],
                [1.0, 0.0, 0.0, 0.0, 0.0, 0.998744, -0.050103, 0.179686, 0.0, 0.050103, 0.998744, 0.0, 0.0, 0.0, 0.0, 1.0],
                [1.0, 0.0, 0.0, 0.0, 0.0, 0.998744, -0.050103, 0.179686, 0.0, 0.050103, 0.998744, 0.0, 0.0, 0.0, 0.0, 1.0],
                [1.0, 0.0, 0.0, 0.0, 0.0, 0.998744, -0.050103, 0.179686, 0.0, 0.050103, 0.998744, 0.0, 0.0, 0.0, 0.0, 1.0],
                [1.0, 0.0, 0.0, 0.0, 0.0, 0.998744, -0.050103, 0.179686, 0.0, 0.050103, 0.998744, 0.0, 0.0, 0.0, 0.0, 1.0],
                [1.0, 0.0, 0.0, 0.0, 0.0, 0.998744, -0.050103, 0.179686, 0.0, 0.050103, 0.998744, 0.0, 0.0, 0.0, 0.0, 1.0],
                [1.0, 0.0, 0.0, 0.0, 0.0, 0.998744, -0.050103, 0.179686, 0.0, 0.050103, 0.998744, 0.0, 0.0, 0.0, 0.0, 1.0],
                [1.0, 0.0, 0.0, 0.0, 0.0, 0.998744, -0.050103, 0.179686, 0.0, 0.050103, 0.998744, 0.0, 0.0, 0.0, 0.0, 1.0],
                [1.0, 0.0, 0.0, 0.0, 0.0, 0.998744, -0.050103, 0.179686, 0.0, 0.050103, 0.998744, 0.0, 0.0, 0.0, 0.0, 1.0],
                [1.0, 0.0, 0.0, 0.0, 0.0, 0.998762, -0.04974, 0.179686, 0.0, 0.04974, 0.998762, 0.0, 0.0, 0.0, 0.0, 1.0],
                [1.0, 0.0, 0.0, 0.0, 0.0, 0.998813, -0.048701, 0.179686, 0.0, 0.048701, 0.998813, 0.0, 0.0, 0.0, 0.0, 1.0],
                [1.0, 0.0, 0.0, 0.0, 0.0, 0.998892, -0.047061, 0.179686, 0.0, 0.047061, 0.998892, 0.0, 0.0, 0.0, 0.0, 1.0],
                [1.0, 0.0, 0.0, 0.0, 0.0, 0.998992, -0.044896, 0.179686, 0.0, 0.044896, 0.998992, 0.0, 0.0, 0.0, 0.0, 1.0],
                [1.0, 0.0, 0.0, 0.0, 0.0, 0.999106, -0.04228, 0.179686, 0.0, 0.04228, 0.999106, 0.0, 0.0, 0.0, 0.0, 1.0],
                [1.0, 0.0, 0.0, 0.0, 0.0, 0.999228, -0.039287, 0.179686, 0.0, 0.039287, 0.999228, 0.0, 0.0, 0.0, 0.0, 1.0],
                [1.0, 0.0, 0.0, 0.0, 0.0, 0.999352, -0.035994, 0.179686, 0.0, 0.035994, 0.999352, 0.0, 0.0, 0.0, 0.0, 1.0],
                [1.0, 0.0, 0.0, 0.0, 0.0, 0.999473, -0.032475, 0.179686, 0.0, 0.032475, 0.999473, 0.0, 0.0, 0.0, 0.0, 1.0],
                [1.0, 0.0, 0.0, 0.0, 0.0, 0.999585, -0.028805, 0.179686, 0.0, 0.028805, 0.999585, 0.0, 0.0, 0.0, 0.0, 1.0],
                [1.0, 0.0, 0.0, 0.0, 0.0, 0.999686, -0.025059, 0.179686, 0.0, 0.025059, 0.999686, 0.0, 0.0, 0.0, 0.0, 1.0],
                [1.0, 0.0, 0.0, 0.0, 0.0, 0.999773, -0.021313, 0.179686, 0.0, 0.021313, 0.999773, 0.0, 0.0, 0.0, 0.0, 1.0],
                [1.0, 0.0, 0.0, 0.0, 0.0, 0.999844, -0.017642, 0.179686, 0.0, 0.017642, 0.999844, 0.0, 0.0, 0.0, 0.0, 1.0],
                [1.0, 0.0, 0.0, 0.0, 0.0, 0.9999, -0.014121, 0.179686, 0.0, 0.014121, 0.9999, 0.0, 0.0, 0.0, 0.0, 1.0],
                [1.0, 0.0, 0.0, 0.0, 0.0, 0.999941, -0.010826, 0.179686, 0.0, 0.010826, 0.999941, 0.0, 0.0, 0.0, 0.0, 1.0],
                [1.0, 0.0, 0.0, 0.0, 0.0, 0.999969, -0.007831, 0.179686, 0.0, 0.007831, 0.999969, 0.0, 0.0, 0.0, 0.0, 1.0],
                [1.0, 0.0, 0.0, 0.0, 0.0, 0.999986, -0.005212, 0.179686, 0.0, 0.005212, 0.999986, 0.0, 0.0, 0.0, 0.0, 1.0],
                [1.0, 0.0, 0.0, 0.0, 0.0, 0.999995, -0.003045, 0.179686, 0.0, 0.003045, 0.999995, 0.0, 0.0, 0.0, 0.0, 1.0],
                [1.0, 0.0, 0.0, 0.0, 0.0, 0.999999, -0.001403, 0.179686, 0.0, 0.001403, 0.999999, 0.0, 0.0, 0.0, 0.0, 1.0],
                [1.0, 0.0, 0.0, 0.0, 0.0, 1.0, -0.000363, 0.179686, 0.0, 0.000363, 1.0, 0.0, 0.0, 0.0, 0.0, 1.0],
                [1.0, 0.0, 0.0, 0.0, 0.0, 1.0, 0.0, 0.179686, 0.0, 0.0, 1.0, 0.0, 0.0, 0.0, 0.0, 1.0]
            ]
        },
        {
            "name": "Chest",
            "time": [0.0, 0.0333, 0.0667, 0.1, 0.1333, 0.1667, 0.2, 0.2333, 0.2667, 0.3, 0.3333, 0.3667, 0.4, 0.4333, 0.4667, 0.5, 0.5333, 0.5667, 0.6, 0.6333, 0.6667, 0.7, 0.7333, 0.7667, 0.8, 0.8333, 0.8667, 0.9, 0.9333, 0.9667, 1.0, 1.0333, 1.0667, 1.1, 1.1333, 1.1667, 1.2, 1.2333, 1.2667, 1.3, 1.3333, 1.3667, 1.4, 1.4333, 1.4667, 1.5, 1.5333, 1.5667, 1.6, 1.6333, 1.6667, 1.7, 1.7333, 1.7667, 1.8, 1.8333, 1.8667, 1.9, 1.9333, 1.9667, 2.0, 2.0333, 2.0667, 2.1, 2.1333, 2.1667, 2.2, 2.2333, 2.2667, 2.3, 2.3333, 2.3667, 2.4, 2.4333, 2.4667, 2.5, 2.5333, 2.5667, 2.6, 2.6333, 2.6667, 2.7, 2.7333, 2.7667, 2.8, 2.8333, 2.8667, 2.9, 2.9333, 2.9667, 3.0, 3.0333, 3.0667, 3.1, 3.1333, 3.1667, 3.2, 3.2333, 3.2667, 3.3, 3.3333, 3.3667, 3.4, 3.4333, 3.4667, 3.5, 3.5333, 3.5667],
            "transform": [
                [1.0, 0.0, 0.0, 0.0, 0.0, 1.0, 0.0, 0.419268, 0.0, 0.0, 1.0, 0.0, 0.0, 0.0, 0.0, 1.0],
                [1.0, 0.0, 0.0, 0.0, 0.0, 0.999998, 0.00187, 0.419268, 0.0, -0.00187, 0.999998, 0.0, 0.0, 0.0, 0.0, 1.0],
                [1.0, 0.0, 0.0, 0.0, 0.0, 0.999972, 0.007422, 0.419268, 0.0, -0.007422, 0.999972, -0.0, 0.0, 0.0, 0.0, 1.0],
                [1.0, 0.0, 0.0, -0.0, 0.0, 0.999863, 0.016574, 0.419268, 0.0, -0.016574, 0.999863, 0.0, 0.0, 0.0, 0.0, 1.0],
                [1.0, 0.0, 0.0, 0.0, 0.0, 0.999572, 0.02924, 0.419268, 0.0, -0.02924, 0.999572, -0.0, 0.0, 0.0, 0.0, 1.0],
                [1.0, 0.0, 0.0, 0.0, 0.0, 0.998972, 0.045333, 0.419268, 0.0, -0.045333, 0.998972, 0.0, 0.0, 0.0, 0.0, 1.0],
                [1.0, 0.0, 0.0, 0.0, 0.0, 0.997901, 0.064761, 0.419268, 0.0, -0.064761, 0.997901, -0.0, 0.0, 0.0, 0.0, 1.0],
                [1.0, 0.0, 0.0, 0.0, 0.0, 0.996171, 0.087425, 0.419268, 0.0, -0.087425, 0.996171, -0.0, 0.0, 0.0, 0.0, 1.0],
                [1.0, 0.0, 0.0, 0.0, 0.0, 0.993571, 0.113214, 0.419268, 0.0, -0.113214, 0.993571, -0.0, 0.0, 0.0, 0.0, 1.0],
                [1.0, 0.0, 0.0, 0.0, 0.0, 0.989866, 0.142003, 0.419268, 0.0, -0.142003, 0.989866, -0.0, 0.0, 0.0, 0.0, 1.0],
                [1.0, 0.0, 0.0, 0.0, 0.0, 0.984808, 0.173648, 0.419268, 0.0, -0.173648, 0.984808, -0.0, 0.0, 0.0, 0.0, 1.0],
                [1.0, 0.0, 0.0, -0.0, 0.0, 0.978314, 0.207128, 0.419268, 0.0, -0.207128, 0.978314, 0.0, 0.0, 0.0, 0.0, 1.0],
                [1.0, 0.0, 0.0, 0.0, 0.0, 0.971314, 0.2378, 0.419268, 0.0, -0.2378, 0.971314, 0.0, 0.0, 0.0, 0.0, 1.0],
                [1.0, 0.0, 0.0, 0.0, 0.0, 0.965565, 0.260163, 0.419268, 0.0, -0.260163, 0.965565, 0.0, 0.0, 0.0, 0.0, 1.0],
                [1.0, 0.0, 0.0, 0.0, 0.0, 0.963191, 0.268819, 0.419268, 0.0, -0.268819, 0.963191, 0.0, 0.0, 0.0, 0.0, 1.0],
                [1.0, 0.0, 0.0, 0.0, 0.0, 0.967178, 0.254098, 0.419268, 0.0, -0.254098, 0.967178, -0.0, 0.0, 0.0, 0.0, 1.0],
                [1.0, 0.0, 0.0, 0.0, 0.0, 0.975161, 0.221497, 0.419268, 0.0, -0.221497, 0.975161, 0.0, 0.0, 0.0, 0.0, 1.0],
                [1.0, 0.0, 0.0, 0.0, 0.0, 0.982045, 0.188647, 0.419268, 0.0, -0.188647, 0.982045, 0.0, 0.0, 0.0, 0.0, 1.0],
                [1.0, 0.0, 0.0, 0.0, 0.0, 0.984808, 0.173648, 0.419268, 0.0, -0.173648, 0.984808, 0.0, 0.0, 0.0, 0.0, 1.0],
                [1.0, 0.0, 0.0, -0.0, 0.0, 0.982045, 0.188647, 0.419268, 0.0, -0.188647, 0.982045, 0.0, 0.0, 0.0, 0.0, 1.0],
                [1.0, 0.0, 0.0, 0.0, 0.0, 0.975161, 0.221498, 0.419268, 0.0, -0.221498, 0.975161, -0.0, 0.0, 0.0, 0.0, 1.0],
                [1.0, 0.0, 0.0, 0.0, 0.0, 0.967178, 0.254098, 0.419268, 0.0, -0.254098, 0.967178, 0.0, 0.0, 0.0, 0.0, 1.0],
                [1.0, 0.0, 0.0, -0.0, 0.0, 0.963191, 0.268819, 0.419268, 0.0, -0.268819, 0.963191, -0.0, 0.0, 0.0, 0.0, 1.0],
                [1.0, 0.0, 0.0, 0.0, 0.0, 0.964323, 0.26473, 0.419268, 0.0, -0.26473, 0.964323, 0.0, 0.0, 0.0, 0.0, 1.0],
                [1.0, 0.0, 0.0, 0.0, 0.0, 0.967162, 0.25416, 0.419268, 0.0, -0.25416, 0.967162, -0.0, 0.0, 0.0, 0.0, 1.0],
                [1.0, 0.0, 0.0, 0.0, 0.0, 0.970858, 0.239655, 0.419268, 0.0, -0.239655, 0.970858, -0.0, 0.0, 0.0, 0.0, 1.0],
                [1.0, 0.0, 0.0, 0.0, 0.0, 0.974638, 0.223787, 0.419268, 0.0, -0.223787, 0.974638, 0.0, 0.0, 0.0, 0.0, 1.0],
                [1.0, 0.0, 0.0, 0.0, 0.0, 0.977879, 0.20917, 0.419268, 0.0, -0.20917, 0.977879, 0.0, 0.0, 0.0, 0.0, 1.0],
                [1.0, 0.0, 0.0, 0.0, 0.0, 0.980111, 0.19845, 0.419268, 0.0, -0.19845, 0.980111, -0.0, 0.0, 0.0, 0.0, 1.0],
                [1.0, 0.0, 0.0, 0.0, 0.0, 0.980945, 0.194287, 0.419268, 0.0, -0.194287, 0.980945, -0.0, 0.0, 0.0, 0.0, 1.0],
                [1.0, 0.0, 0.0, 0.0, 0.0, 0.980585, 0.196096, 0.419268, 0.0, -0.196096, 0.980585, -0.0, 0.0, 0.0, 0.0, 1.0],
                [1.0, 0.0, 0.0, 0.0, 0.0, 0.979522, 0.201335, 0.419268, 0.0, -0.201335, 0.979522, -0.0, 0.0, 0.0, 0.0, 1.0],
                [1.0, 0.0, 0.0, 0.0, 0.0, 0.977762, 0.209718, 0.419268, 0.0, -0.209718, 0.977762, -0.0, 0.0, 0.0, 0.0, 1.0],
                [1.0, 0.0, 0.0, 0.0, 0.0, 0.975284, 0.220954, 0.419268, 0.0, -0.220954, 0.975284, -0.0, 0.0, 0.0, 0.0, 1.0],
                [1.0, 0.0, 0.0, 0.0, 0.0, 0.972056, 0.234749, 0.419268, 0.0, -0.234749, 0.972056, -0.0, 0.0, 0.0, 0.0, 1.0],
                [1.0, 0.0, 0.0, 0.0, 0.0, 0.968038, 0.250803, 0.419268, 0.0, -0.250803, 0.968038, 0.0, 0.0, 0.0, 0.0, 1.0],
                [1.0, 0.0, 0.0, -0.0, 0.0, 0.963191, 0.268819, 0.419268, 0.0, -0.268819, 0.963191, -0.0, 0.0, 0.0, 0.0, 1.0],
                [1.0, 0.0, 0.0, 0.0, 0.0, 0.95763, 0.288003, 0.419268, 0.0, -0.288003, 0.95763, 0.0, 0.0, 0.0, 0.0, 1.0],
                [1.0, 0.0, 0.0, 0.0, 0.0, 0.952157, 0.30561, 0.419268, 0.0, -0.30561, 0.952157, -0.0, 0.0, 0.0, 0.0, 1.0],
                [1.0, 0.0, 0.0, 0.0, 0.0, 0.947933, 0.318469, 0.419268, 0.0, -0.318469, 0.947933, -0.0, 0.0, 0.0, 0.0, 1.0],
                [1.0, 0.0, 0.0, -0.0, 0.0, 0.946245, 0.323451, 0.419268, 0.0, -0.323451, 0.946245, 0.0, 0.0, 0.0, 0.0, 1.0],
                [1.0, 0.0, 0.0, 0.0, 0.0, 0.946553, 0.322548, 0.419268, 0.0, -0.322548, 0.946553, 0.0, 0.0, 0.0, 0.0, 1.0],
                [1.0, 0.0, 0.0, 0.0, 0.0, 0.947461, 0.31987, 0.419268, 0.0, -0.31987, 0.947461, -0.0, 0.0, 0.0, 0.0, 1.0],
                [1.0, 0.0, 0.0, 0.0, 0.0, 0.948938, 0.315462, 0.419268, 0.0, -0.315462, 0.948938, -0.0, 0.0, 0.0, 0.0, 1.0],
                [1.0, 0.0, 0.0, 0.0, 0.0, 0.950944, 0.309364, 0.419268, 0.0, -0.309364, 0.950944, -0.0, 0.0, 0.0, 0.0, 1.0],
                [1.0, 0.0, 0.0, 0.0, 0.0, 0.95343, 0.301615, 0.419268, 0.0, -0.301615, 0.95343, -0.0, 0.0, 0.0, 0.0, 1.0],
                [1.0, 0.0, 0.0, 0.0, 0.0, 0.956341, 0.292252, 0.419268, 0.0, -0.292252, 0.956341, -0.0, 0.0, 0.0, 0.0, 1.0],
                [1.0, 0.0, 0.0, 0.0, 0.0, 0.959617, 0.281309, 0.419268, 0.0, -0.281309, 0.959617, 0.0, 0.0, 0.0, 0.0, 1.0],
                [1.0, 0.0, 0.0, 0.0, 0.0, 0.963191, 0.268819, 0.419268, 0.0, -0.268819, 0.963191, -0.0, 0.0, 0.0, 0.0, 1.0],
                [1.0, 0.0, 0.0, -0.0, 0.0, 0.96695, 0.254967, 0.419268, 0.0, -0.254967, 0.96695, 0.0, 0.0, 0.0, 0.0, 1.0],
                [1.0, 0.0, 0.0, 0.0, 0.0, 0.970636, 0.240553, 0.419268, 0.0, -0.240553, 0.970636, -0.0, 0.0, 0.0, 0.0, 1.0],
                [1.0, 0.0, 0.0, 0.0, 0.0, 0.974001, 0.226544, 0.419268, 0.0, -0.226544, 0.974001, -0.0, 0.0, 0.0, 0.0, 1.0],
                [1.0, 0.0, 0.0, 0.0, 0.0, 0.976851, 0.213921, 0.419268, 0.0, -0.213921, 0.976851, 0.0, 0.0, 0.0, 0.0, 1.0],
                [1.0, 0.0, 0.0, -0.0, 0.0, 0.979039, 0.203674, 0.419268, 0.0, -0.203674, 0.979039, -0.0, 0.0, 0.0, 0.0, 1.0],
                [1.0, 0.0, 0.0, 0.0, 0.0, 0.980444, 0.196798, 0.419268, 0.0, -0.196798, 0.980444, 0.0, 0.0, 0.0, 0.0, 1.0],
                [1.0, 0.0, 0.0, 0.0, 0.0, 0.980945, 0.194287, 0.419268, 0.0, -0.194287, 0.980945, -0.0, 0.0, 0.0, 0.0, 1.0],
                [1.0, 0.0, 0.0, 0.0, 0.0, 0.980585, 0.196096, 0.419268, 0.0, -0.196096, 0.980585, -0.0, 0.0, 0.0, 0.0, 1.0],
                [1.0, 0.0, 0.0, 0.0, 0.0, 0.979522, 0.201335, 0.419268, 0.0, -0.201335, 0.979522, 0.0, 0.0, 0.0, 0.0, 1.0],
                [1.0, 0.0, 0.0, 0.0, 0.0, 0.977762, 0.209718, 0.419268, 0.0, -0.209718, 0.977762, 0.0, 0.0, 0.0, 0.0, 1.0],
                [1.0, 0.0, 0.0, 0.0, 0.0, 0.975284, 0.220954, 0.419268, 0.0, -0.220954, 0.975284, -0.0, 0.0, 0.0, 0.0, 1.0],
                [1.0, 0.0, 0.0, 0.0, 0.0, 0.972056, 0.234749, 0.419268, 0.0, -0.234749, 0.972056, 0.0, 0.0, 0.0, 0.0, 1.0],
                [1.0, 0.0, 0.0, 0.0, 0.0, 0.968038, 0.250803, 0.419268, 0.0, -0.250803, 0.968038, 0.0, 0.0, 0.0, 0.0, 1.0],
                [1.0, 0.0, 0.0, 0.0, 0.0, 0.963191, 0.268819, 0.419268, 0.0, -0.268819, 0.963191, -0.0, 0.0, 0.0, 0.0, 1.0],
                [1.0, 0.0, 0.0, 0.0, 0.0, 0.95763, 0.288003, 0.419268, 0.0, -0.288003, 0.95763, -0.0, 0.0, 0.0, 0.0, 1.0],
                [1.0, 0.0, 0.0, -0.0, 0.0, 0.952157, 0.30561, 0.419268, 0.0, -0.30561, 0.952157, -0.0, 0.0, 0.0, 0.0, 1.0],
                [1.0, 0.0, 0.0, 0.0, 0.0, 0.947933, 0.318469, 0.419268, 0.0, -0.318469, 0.947933, -0.0, 0.0, 0.0, 0.0, 1.0],
                [1.0, 0.0, 0.0, 0.0, 0.0, 0.946245, 0.323451, 0.419268, 0.0, -0.323451, 0.946245, 0.0, 0.0, 0.0, 0.0, 1.0],
                [1.0, 0.0, 0.0, 0.0, 0.0, 0.946296, 0.323301, 0.419268, 0.0, -0.323301, 0.946296, -0.0, 0.0, 0.0, 0.0, 1.0],
                [1.0, 0.0, 0.0, 0.0, 0.0, 0.946635, 0.322308, 0.419268, 0.0, -0.322308, 0.946635, 0.0, 0.0, 0.0, 0.0, 1.0],
                [1.0, 0.0, 0.0, -0.0, 0.0, 0.947533, 0.319659, 0.419268, 0.0, -0.319659, 0.947533, -0.0, 0.0, 0.0, 0.0, 1.0],
                [1.0, 0.0, 0.0, 0.0, 0.0, 0.949245, 0.314538, 0.419268, 0.0, -0.314538, 0.949245, 0.0, 0.0, 0.0, 0.0, 1.0],
                [1.0, 0.0, 0.0, 0.0, 0.0, 0.951995, 0.306112, 0.419268, 0.0, -0.306112, 0.951995, -0.0, 0.0, 0.0, 0.0, 1.0],
                [1.0, 0.0, 0.0, 0.0, 0.0, 0.955949, 0.293534, 0.419268, 0.0, -0.293534, 0.955949, -0.0, 0.0, 0.0, 0.0, 1.0],
                [1.0, 0.0, 0.0, 0.0, 0.0, 0.960741, 0.277448, 0.419268, 0.0, -0.277448, 0.960741, -0.0, 0.0, 0.0, 0.0, 1.0],
                [1.0, 0.0, 0.0, 0.0, 0.0, 0.963191, 0.268819, 0.419268, 0.0, -0.268819, 0.963191, -0.0, 0.0, 0.0, 0.0, 1.0],
                [1.0, 0.0, 0.0, 0.0, 0.0, 0.963074, 0.269237, 0.419268, 0.0, -0.269237, 0.963074, -0.0, 0.0, 0.0, 0.0, 1.0],
                [1.0, 0.0, 0.0, 0.0, 0.0, 0.962748, 0.2704, 0.419268, 0.0, -0.2704, 0.962748, -0.0, 0.0, 0.0, 0.0, 1.0],
                [1.0, 0.0, 0.0, 0.0, 0.0, 0.962249, 0.272172, 0.419268, 0.0, -0.272172, 0.962249, -0.0, 0.0, 0.0, 0.0, 1.0],
                [1.0, 0.0, 0.0, 0.0, 0.0, 0.961611, 0.274416, 0.419268, 0.0, -0.274416, 0.961611, -0.0, 0.0, 0.0, 0.0, 1.0],
                [1.0, 0.0, 0.0, 0.0, 0.0, 0.960871, 0.276997, 0.419268, 0.0, -0.276997, 0.960871, -0.0, 0.0, 0.0, 0.0, 1.0],
                [1.0, 0.0, 0.0, 0.0, 0.0, 0.960065, 0.279778, 0.419268, 0.0, -0.279778, 0.960065, -0.0, 0.0, 0.0, 0.0, 1.0],
                [1.0, 0.0, 0.0, 0.0, 0.0, 0.959231, 0.282624, 0.419268, 0.0, -0.282624, 0.959231, -0.0, 0.0, 0.0, 0.0, 1.0],
                [1.0, 0.0, 0.0, 0.0, 0.0, 0.958408, 0.2854, 0.419268, 0.0, -0.2854, 0.958408, -0.0, 0.0, 0.0, 0.0, 1.0],
                [1.0, 0.0, 0.0, 0.0, 0.0, 0.957639, 0.287972, 0.419268, 0.0, -0.287972, 0.957639, -0.0, 0.0, 0.0, 0.0, 1.0],
                [1.0, 0.0, 0.0, 0.0, 0.0, 0.956965, 0.290205, 0.419268, 0.0, -0.290205, 0.956965, -0.0, 0.0, 0.0, 0.0, 1.0],
                [1.0, 0.0, 0.0, 0.0, 0.0, 0.956429, 0.291965, 0.419268, 0.0, -0.291965, 0.956429, -0.0, 0.0, 0.0, 0.0, 1.0],
                [1.0, 0.0, 0.0, 0.0, 0.0, 0.956076, 0.293119, 0.419268, 0.0, -0.293119, 0.956076, -0.0, 0.0, 0.0, 0.0, 1.0],
                [1.0, 0.0, 0.0, 0.0, 0.0, 0.955949, 0.293534, 0.419268, 0.0, -0.293534, 0.955949, -0.0, 0.0, 0.0, 0.0, 1.0],
                [1.0, 0.0, 0.0, 0.0, 0.0, 0.956578, 0.291476, 0.419268, 0.0, -0.291476, 0.956578, -0.0, 0.0, 0.0, 0.0, 1.0],
                [1.0, 0.0, 0.0, 0.0, 0.0, 0.958355, 0.285579, 0.419267, 0.0, -0.285579, 0.958355, -0.0, 0.0, 0.0, 0.0, 1.0],
                [1.0, 0.0, 0.0, 0.0, 0.0, 0.961088, 0.276243, 0.419268, 0.0, -0.276243, 0.961088, -0.0, 0.0, 0.0, 0.0, 1.0],
                [1.0, 0.0, 0.0, -0.0, 0.0, 0.96456, 0.263864, 0.419268, 0.0, -0.263864, 0.96456, 0.0, 0.0, 0.0, 0.0, 1.0],
                [1.0, 0.0, 0.0, 0.0, 0.0, 0.968545, 0.248839, 0.419268, 0.0, -0.248839, 0.968545, 0.0, 0.0, 0.0, 0.0, 1.0],
                [1.0, 0.0, 0.0, 0.0, 0.0, 0.972819, 0.231568, 0.419268, 0.0, -0.231568, 0.972819, 0.0, 0.0, 0.0, 0.0, 1.0],
                [1.0, 0.0, 0.0, 0.0, 0.0, 0.977169, 0.212463, 0.419268, 0.0, -0.212463, 0.977169, -0.0, 0.0, 0.0, 0.0, 1.0],
                [1.0, 0.0, 0.0, 0.0, 0.0, 0.981405, 0.191946, 0.419268, 0.0, -0.191946, 0.981405, 0.0, 0.0, 0.0, 0.0, 1.0],
                [1.0, 0.0, 0.0, 0.0, 0.0, 0.985366, 0.170453, 0.419268, 0.0, -0.170453, 0.985366, -0.0, 0.0, 0.0, 0.0, 1.0],
                [1.0, 0.0, 0.0, 0.0, 0.0, 0.988923, 0.148429, 0.419268, 0.0, -0.148429, 0.988923, -0.0, 0.0, 0.0, 0.0, 1.0],
                [1.0, 0.0, 0.0, 0.0, 0.0, 0.991988, 0.126331, 0.419268, 0.0, -0.126331, 0.991988, -0.0, 0.0, 0.0, 0.0, 1.0],
                [1.0, 0.0, 0.0, 0.0, 0.0, 0.994512, 0.104619, 0.419268, 0.0, -0.104619, 0.994512, 0.0, 0.0, 0.0, 0.0, 1.0],
                [1.0, 0.0, 0.0, 0.0, 0.0, 0.996486, 0.083759, 0.419268, 0.0, -0.083759, 0.996486, -0.0, 0.0, 0.0, 0.0, 1.0],
                [1.0, 0.0, 0.0, 0.0, 0.0, 0.997936, 0.064214, 0.419268, 0.0, -0.064214, 0.997936, -0.0, 0.0, 0.0, 0.0, 1.0],
                [1.0, 0.0, 0.0, 0.0, 0.0, 0.998921, 0.046444, 0.419268, 0.0, -0.046444, 0.998921, -0.0, 0.0, 0.0, 0.0, 1.0],
                [1.0, 0.0, 0.0, 0.0, 0.0, 0.999522, 0.030905, 0.419268, 0.0, -0.030905, 0.999522, 0.0, 0.0, 0.0, 0.0, 1.0],
