{
    "animation": [
        {
            "name": "Root",
            "time": [0.0, 0.0333, 0.0667, 0.1, 0.1333, 0.1667, 0.2, 0.2333, 0.2667, 0.3, 0.3333, 0.3667, 0.4, 0.4333, 0.4667, 0.5, 0.5333],
            "transform": [
                [1.0, 0.0, 0.0, -0.000507, 0.0, 0.965926, 0.258819, -0.38794, 0.0, -0.258819, 0.965926, 0.751415, 0.0, 0.0, 0.0, 1.0],
                [1.0, 0.0, 0.0, -0.000507, 0.0, 0.967838, 0.251576, -0.38794, 0.0, -0.251576, 0.967838, 0.755953, 0.0, 0.0, 0.0, 1.0],
                [1.0, 0.0, 0.0, -0.000507, 0.0, 0.972619, 0.232404, -0.38794, 0.0, -0.232404, 0.972619, 0.766775, 0.0, 0.0, 0.0, 1.0],
                [1.0, 0.0, 0.0, -0.000507, 0.0, 0.978735, 0.205127, -0.38794, 0.0, -0.205127, 0.978735, 0.779692, 0.0, 0.0, 0.0, 1.0],
                [1.0, 0.0, 0.0, -0.000507, 0.0, 0.984808, 0.173648, -0.38794, 0.0, -0.173648, 0.984808, 0.790514, 0.0, 0.0, 0.0, 1.0],
                [1.0, 0.0, 0.0, -0.000507, 0.0, 0.989868, 0.141991, -0.38794, 0.0, -0.141991, 0.989868, 0.795052, 0.0, 0.0, 0.0, 1.0],
                [1.0, 0.0, 0.0, -0.000507, 0.0, 0.99345, 0.114267, -0.38794, 0.0, -0.114267, 0.99345, 0.77223, 0.0, 0.0, 0.0, 1.0],
                [1.0, 0.0, 0.0, -0.000507, 0.0, 0.995514, 0.094616, -0.38794, 0.0, -0.094616, 0.995514, 0.729847, 0.0, 0.0, 0.0, 1.0],
                [1.0, 0.0, 0.0, -0.000507, 0.0, 0.996195, 0.087156, -0.38794, 0.0, -0.087156, 0.996195, 0.707026, 0.0, 0.0, 0.0, 1.0],
                [1.0, 0.0, 0.0, -0.000507, 0.0, 0.995514, 0.094616, -0.38794, 0.0, -0.094616, 0.995514, 0.708933, 0.0, 0.0, 0.0, 1.0],
                [1.0, 0.0, 0.0, -0.000507, 0.0, 0.99345, 0.114267, -0.38794, 0.0, -0.114267, 0.99345, 0.713961, 0.0, 0.0, 0.0, 1.0],
                [1.0, 0.0, 0.0, -0.000507, 0.0, 0.989868, 0.141991, -0.38794, 0.0, -0.141991, 0.989868, 0.721071, 0.0, 0.0, 0.0, 1.0],
                [1.0, 0.0, 0.0, -0.000507, 0.0, 0.984808, 0.173648, -0.38794, 0.0, -0.173648, 0.984808, 0.72922, 0.0, 0.0, 0.0, 1.0],
                [1.0, 0.0, 0.0, -0.000507, 0.0, 0.978735, 0.205127, -0.38794, 0.0, -0.205127, 0.978735, 0.73737, 0.0, 0.0, 0.0, 1.0],
                [1.0, 0.0, 0.0, -0.000507, 0.0, 0.972619, 0.232404, -0.38794, 0.0, -0.232404, 0.972619, 0.744479, 0.0, 0.0, 0.0, 1.0],
                [1.0, 0.0, 0.0, -0.000507, 0.0, 0.967838, 0.251576, -0.38794, 0.0, -0.251576, 0.967838, 0.749507, 0.0, 0.0, 0.0, 1.0],
                [1.0, 0.0, 0.0, -0.000507, 0.0, 0.965926, 0.258819, -0.38794, 0.0, -0.258819, 0.965926, 0.751415, 0.0, 0.0, 0.0, 1.0]
            ]
        },
        {
            "name": "Torso",
            "time": [0.0, 0.0333, 0.0667, 0.1, 0.1333, 0.1667, 0.2, 0.2333, 0.2667, 0.3, 0.3333, 0.3667, 0.4, 0.4333, 0.4667, 0.5, 0.5333],
            "transform": [
                [0.99383, 0.052418, 0.097743, 0.0, -0.061016, 0.994324, 0.087163, 0.179686, -0.092619, -0.092589, 0.991387, 0.0, 0.0, 0.0, 0.0, 1.0],
                [0.99383, 0.052418, 0.097743, 0.0, -0.05975, 0.995492, 0.073659, 0.179686, -0.093441, -0.079045, 0.992482, -0.0, 0.0, 0.0, 0.0, 1.0],
                [0.99383, 0.052418, 0.097743, 0.0, -0.056353, 0.99769, 0.037938, 0.179686, -0.095529, -0.043212, 0.994488, -0.0, 0.0, 0.0, 0.0, 1.0],
                [0.99383, 0.052418, 0.097743, 0.0, -0.051415, 0.998596, -0.012752, 0.179686, -0.098274, 0.007648, 0.99513, -0.0, 0.0, 0.0, 0.0, 1.0],
                [0.99383, 0.052418, 0.097743, 0.0, -0.045583, 0.996441, -0.0709, 0.179686, -0.101112, 0.066007, 0.992683, -0.0, 0.0, 0.0, 0.0, 1.0],
                [0.99383, 0.052418, 0.097743, 0.0, -0.039594, 0.990879, -0.128806, 0.179686, -0.103603, 0.124141, 0.986841, -0.0, 0.0, 0.0, 0.0, 1.0],
                [0.99383, 0.052418, 0.097743, 0.0, -0.034267, 0.983272, -0.17889, 0.179686, -0.105485, 0.174437, 0.979002, -0.0, 0.0, 0.0, 0.0, 1.0],
                [0.99383, 0.052418, 0.097743, 0.0, -0.030454, 0.976367, -0.213963, 0.179686, -0.106648, 0.209666, 0.971939, 0.0, 0.0, 0.0, 0.0, 1.0],
                [0.99383, 0.052418, 0.097743, 0.0, -0.028999, 0.973422, -0.227174, 0.179686, -0.107053, 0.222938, 0.968937, 0.0, 0.0, 0.0, 0.0, 1.0],
                [0.993831, 0.052414, 0.097737, 0.0, -0.031099, 0.977624, -0.208048, 0.179686, -0.106454, 0.203725, 0.973223, 0.0, 0.0, 0.0, 0.0, 1.0],
                [0.993833, 0.052405, 0.097723, 0.0, -0.036364, 0.986569, -0.159246, 0.179686, -0.104756, 0.15471, 0.98239, 0.0, 0.0, 0.0, 0.0, 1.0],
                [0.993834, 0.0524, 0.097713, 0.0, -0.043217, 0.994649, -0.093842, 0.179686, -0.102107, 0.089041, 0.99078, 0.0, 0.0, 0.0, 0.0, 1.0],
                [0.993834, 0.052403, 0.097716, 0.0, -0.050126, 0.998414, -0.025612, 0.179686, -0.098903, 0.020556, 0.994885, 0.0, 0.0, 0.0, 0.0, 1.0],
                [0.99383, 0.052418, 0.097743, 0.0, -0.055718, 0.997954, 0.031346, 0.179686, -0.0959, -0.036599, 0.994718, -0.0, 0.0, 0.0, 0.0, 1.0],
                [0.993828, 0.052427, 0.097762, 0.0, -0.059091, 0.996032, 0.066554, 0.179686, -0.093885, -0.07192, 0.992982, 0.0, 0.0, 0.0, 0.0, 1.0],
                [0.993829, 0.052423, 0.097753, 0.0, -0.060638, 0.994699, 0.083053, 0.179686, -0.092881, -0.088468, 0.991739, -0.0, 0.0, 0.0, 0.0, 1.0],
                [0.99383, 0.052418, 0.097743, 0.0, -0.061016, 0.994324, 0.087163, 0.179686, -0.092619, -0.092589, 0.991387, 0.0, 0.0, 0.0, 0.0, 1.0]
            ]
        },
        {
            "name": "Chest",
            "time": [0.0, 0.0333, 0.0667, 0.1, 0.1333, 0.1667, 0.2, 0.2333, 0.2667, 0.3, 0.3333, 0.3667, 0.4, 0.4333, 0.4667, 0.5, 0.5333],
            "transform": [
                [0.988707, -0.147391, -0.027088, -0.0, 0.129288, 0.93034, -0.343149, 0.419268, 0.075778, 0.335771, 0.93889, -0.0, 0.0, 0.0, 0.0, 1.0],
                [0.988664, -0.147034, -0.030414, 0.0, 0.130965, 0.943545, -0.304254, 0.419268, 0.073433, 0.296822, 0.952105, 0.0, 0.0, 0.0, 0.0, 1.0],
                [0.988571, -0.145572, -0.039204, 0.0, 0.134713, 0.969707, -0.203766, 0.419268, 0.067679, 0.196156, 0.978234, 0.0, 0.0, 0.0, 0.0, 1.0],
                [0.988483, -0.142295, -0.051507, 0.0, 0.138667, 0.987984, -0.068252, 0.419268, 0.0606, 0.060323, 0.996338, -0.0, 0.0, 0.0, 0.0, 1.0],
                [0.988387, -0.137251, -0.065214, -0.0, 0.141697, 0.987483, 0.069282, 0.419268, 0.054889, -0.077719, 0.995463, 0.0, 0.0, 0.0, 0.0, 1.0],
                [0.988156, -0.131801, -0.078587, 0.0, 0.143767, 0.974226, 0.173821, 0.419268, 0.053652, -0.183061, 0.981637, 0.0, 0.0, 0.0, 0.0, 1.0],
                [0.987566, -0.128431, -0.090656, 0.0, 0.145293, 0.965878, 0.214406, 0.419268, 0.060026, -0.224911, 0.972529, -0.0, 0.0, 0.0, 0.0, 1.0],
                [0.985836, -0.13314, -0.101984, -0.0, 0.150378, 0.970966, 0.186043, 0.419268, 0.074253, -0.198744, 0.977235, 0.0, 0.0, 0.0, 0.0, 1.0],
                [0.982798, -0.147048, -0.111738, 0.0, 0.159669, 0.980573, 0.113943, 0.419268, 0.092813, -0.129824, 0.987184, 0.0, 0.0, 0.0, 0.0, 1.0],
                [0.979265, -0.165238, -0.117199, 0.0, 0.168186, 0.985631, 0.015652, 0.419268, 0.112929, -0.035038, 0.992985, -0.0, 0.0, 0.0, 0.0, 1.0],
                [0.976336, -0.182016, -0.116784, -0.0, 0.172128, 0.980965, -0.089882, 0.419268, 0.130921, 0.067653, 0.989082, 0.0, 0.0, 0.0, 0.0, 1.0],
                [0.97523, -0.191512, -0.110678, 0.0, 0.169277, 0.968265, -0.183872, 0.419268, 0.142379, 0.160582, 0.976699, -0.0, 0.0, 0.0, 0.0, 1.0],
                [0.977093, -0.189785, -0.09629, 0.0, 0.160421, 0.954143, -0.252737, 0.419268, 0.13984, 0.231501, 0.962732, -0.0, 0.0, 0.0, 0.0, 1.0],
                [0.980932, -0.179402, -0.074753, 0.0, 0.149672, 0.942666, -0.298294, 0.419268, 0.123982, 0.281418, 0.951542, -0.0, 0.0, 0.0, 0.0, 1.0],
                [0.984869, -0.165252, -0.052194, 0.0, 0.139638, 0.935094, -0.325729, 0.419267, 0.102634, 0.313512, 0.944021, -0.0, 0.0, 0.0, 0.0, 1.0],
                [0.987668, -0.152746, -0.034364, 0.0, 0.13222, 0.931301, -0.339404, 0.419268, 0.083846, 0.330675, 0.940013, -0.0, 0.0, 0.0, 0.0, 1.0],
                [0.988707, -0.147391, -0.027088, -0.0, 0.129288, 0.93034, -0.343149, 0.419268, 0.075778, 0.335771, 0.93889, -0.0, 0.0, 0.0, 0.0, 1.0]
            ]
        },
        {
            "name": "Shoulder_FR",
            "time": [0.0, 0.0333, 0.0667, 0.1, 0.1333, 0.1667, 0.2, 0.2333, 0.2667, 0.3, 0.3333, 0.3667, 0.4, 0.4333, 0.4667, 0.5, 0.5333],
            "transform": [
                [0.327172, 0.456831, 0.827203, 0.0, -0.813836, -0.308656, 0.492343, 0.299477, 0.480238, -0.834289, 0.270802, -0.0, 0.0, 0.0, 0.0, 1.0],
                [0.327018, 0.454624, 0.828478, -0.0, -0.797132, -0.338176, 0.500218, 0.299477, 0.507583, -0.823987, 0.251806, -0.0, 0.0, 0.0, 0.0, 1.0],
                [0.326946, 0.452395, 0.829726, -0.0, -0.779469, -0.367343, 0.507431, 0.299477, 0.534354, -0.812648, 0.232527, -0.0, 0.0, 0.0, 0.0, 1.0],
                [0.326956, 0.450148, 0.830943, -0.0, -0.76088, -0.396103, 0.513969, 0.299477, 0.560502, -0.800293, 0.213, -0.0, 0.0, 0.0, 0.0, 1.0],
                [0.327048, 0.447886, 0.832129, 0.0, -0.741396, -0.424404, 0.51982, 0.299477, 0.585979, -0.786943, 0.19326, 0.0, 0.0, 0.0, 0.0, 1.0],
                [0.327222, 0.445614, 0.833279, -0.0, -0.721058, -0.452194, 0.524973, 0.299477, 0.610739, -0.772625, 0.173345, 0.0, 0.0, 0.0, 0.0, 1.0],
                [0.327209, 0.44575, 0.833211, -0.0, -0.722303, -0.450539, 0.524683, 0.299477, 0.609272, -0.773513, 0.174547, 0.0, 0.0, 0.0, 0.0, 1.0],
                [0.327174, 0.446143, 0.833015, 0.0, -0.725869, -0.445769, 0.523836, 0.299477, 0.605038, -0.776045, 0.177997, 0.0, 0.0, 0.0, 0.0, 1.0],
                [0.327124, 0.446767, 0.8327, 0.0, -0.731477, -0.438167, 0.522447, 0.299477, 0.598274, -0.780006, 0.183465, -0.0, 0.0, 0.0, 0.0, 1.0],
                [0.327066, 0.447594, 0.832278, 0.0, -0.738831, -0.428004, 0.520521, 0.299477, 0.5892, -0.785157, 0.190711, 0.0, 0.0, 0.0, 0.0, 1.0],
                [0.327011, 0.448599, 0.831759, 0.0, -0.747624, -0.415548, 0.518053, 0.299477, 0.578034, -0.791252, 0.199495, 0.0, 0.0, 0.0, 0.0, 1.0],
                [0.326966, 0.449754, 0.831152, 0.0, -0.757547, -0.401071, 0.515039, 0.299477, 0.564992, -0.798037, 0.209573, -0.0, 0.0, 0.0, 0.0, 1.0],
                [0.326943, 0.451033, 0.830468, -0.0, -0.768292, -0.384854, 0.511482, 0.299477, 0.550305, -0.805268, 0.2207, -0.0, 0.0, 0.0, 0.0, 1.0],
                [0.326946, 0.452407, 0.829719, -0.0, -0.779564, -0.367191, 0.507395, 0.299477, 0.534214, -0.812711, 0.232629, -0.0, 0.0, 0.0, 0.0, 1.0],
                [0.326984, 0.45385, 0.828916, -0.0, -0.791082, -0.348387, 0.502808, 0.299477, 0.516983, -0.820151, 0.245115, -0.0, 0.0, 0.0, 0.0, 1.0],
                [0.327058, 0.455333, 0.828073, 0.0, -0.802584, -0.328764, 0.497769, 0.299477, 0.498891, -0.827397, 0.257918, -0.0, 0.0, 0.0, 0.0, 1.0],
                [0.327172, 0.456831, 0.827203, 0.0, -0.813836, -0.308656, 0.492343, 0.299477, 0.480238, -0.834289, 0.270802, -0.0, 0.0, 0.0, 0.0, 1.0]
            ]
        },
        {
            "name": "Thigh_FR",
            "time": [0.0, 0.0333, 0.0667, 0.1, 0.1333, 0.1667, 0.2, 0.2333, 0.2667, 0.3, 0.3333, 0.3667, 0.4, 0.4333, 0.4667, 0.5, 0.5333],
            "transform": [
                [-0.021849, -0.937249, 0.347976, -0.0, 0.929124, 0.109472, 0.353193, 0.204694, -0.369123, 0.33103, 0.868428, 0.0, 0.0, 0.0, 0.0, 1.0],
                [-0.006499, -0.93674, 0.349965, -0.0, 0.925755, 0.12668, 0.356272, 0.204693, -0.378068, 0.326297, 0.866369, -0.0, 0.0, 0.0, 0.0, 1.0],
                [0.009315, -0.935926, 0.352073, 0.0, 0.92195, 0.144372, 0.359396, 0.204693, -0.387198, 0.321245, 0.864222, 0.0, 0.0, 0.0, 0.0, 1.0],
                [0.087822, -0.935422, 0.342451, 0.0, 0.903768, 0.219395, 0.367518, 0.204693, -0.418916, 0.27722, 0.864672, -0.0, 0.0, 0.0, 0.0, 1.0],
                [0.166853, -0.927935, 0.333312, 0.0, 0.878843, 0.293218, 0.376375, 0.204694, -0.446985, 0.230129, 0.864433, 0.0, 0.0, 0.0, 0.0, 1.0],
                [0.245484, -0.913377, 0.324777, 0.0, 0.8473, 0.364936, 0.385882, 0.204693, -0.470978, 0.180456, 0.86349, -0.0, 0.0, 0.0, 0.0, 1.0],
                [0.322776, -0.891827, 0.316955, -0.0, 0.809425, 0.433667, 0.395934, 0.204694, -0.490557, 0.128754, 0.861845, 0.0, 0.0, 0.0, 0.0, 1.0],
                [0.397812, -0.863529, 0.30994, 0.0, 0.765658, 0.498594, 0.406412, 0.204693, -0.505483, 0.075632, 0.859515, -0.0, 0.0, 0.0, 0.0, 1.0],
                [0.469734, -0.828886, 0.303806, 0.0, 0.716573, 0.558995, 0.41719, 0.204693, -0.515629, 0.02173, 0.856536, -0.0, 0.0, 0.0, 0.0, 1.0],
                [0.537775, -0.788437, 0.298604, -0.0, 0.662855, 0.614266, 0.428136, 0.204693, -0.520981, -0.03231, 0.852957, -0.0, 0.0, 0.0, 0.0, 1.0],
                [0.464042, -0.832405, 0.302932, -0.0, 0.721355, 0.553586, 0.41616, 0.204694, -0.514112, 0.025406, 0.857346, 0.0, 0.0, 0.0, 0.0, 1.0],
                [0.386422, -0.869258, 0.30833, -0.0, 0.773873, 0.48745, 0.404367, 0.204693, -0.501795, 0.082352, 0.861058, 0.0, 0.0, 0.0, 0.0, 1.0],
                [0.305972, -0.898515, 0.314725, -0.0, 0.819711, 0.416764, 0.392915, 0.204693, -0.484206, 0.137762, 0.864041, 0.0, 0.0, 0.0, 0.0, 1.0],
                [0.22381, -0.9199, 0.322015, 0.0, 0.858358, 0.342541, 0.381952, 0.204693, -0.461661, 0.190919, 0.866267, -0.0, 0.0, 0.0, 0.0, 1.0],
                [0.141069, -0.933353, 0.330078, 0.0, 0.889508, 0.265861, 0.371609, 0.204694, -0.434598, 0.241185, 0.86773, -0.0, 0.0, 0.0, 0.0, 1.0],
                [0.058845, -0.939024, 0.33878, 0.0, 0.913063, 0.187818, 0.361995, 0.204694, -0.403551, 0.288026, 0.86844, -0.0, 0.0, 0.0, 0.0, 1.0],
                [-0.021849, -0.937249, 0.347976, -0.0, 0.929124, 0.109472, 0.353193, 0.204694, -0.369123, 0.33103, 0.868428, 0.0, 0.0, 0.0, 0.0, 1.0]
            ]
        },
        {
            "name": "Leg_FR",
            "time": [0.0, 0.0333, 0.0667, 0.1, 0.1333, 0.1667, 0.2, 0.2333, 0.2667, 0.3, 0.3333, 0.3667, 0.4, 0.4333, 0.4667, 0.5, 0.5333],
            "transform": [
                [0.765382, 0.640447, 0.063395, 0.0, -0.63383, 0.767203, -0.09828, 0.213815, -0.11158, 0.03504, 0.993137, -0.0, 0.0, 0.0, 0.0, 1.0],
                [0.875064, 0.481804, 0.046132, 0.0, -0.480865, 0.876268, -0.030383, 0.213815, -0.055063, 0.004403, 0.998473, -0.0, 0.0, 0.0, 0.0, 1.0],
                [0.952335, 0.304645, 0.015762, -0.0, -0.305017, 0.951748, 0.033777, 0.213815, -0.004712, -0.036975, 0.999305, -0.0, 0.0, 0.0, 0.0, 1.0],
                [0.992457, 0.119837, -0.025852, -0.0, -0.11707, 0.989013, 0.090265, 0.213815, 0.036385, -0.086558, 0.995582, 0.0, 0.0, 0.0, 0.0, 1.0],
                [0.95813, 0.286291, -0.004939, 0.0, -0.282544, 0.948106, 0.145822, 0.213815, 0.046431, -0.138321, 0.989298, 0.0, 0.0, 0.0, 0.0, 1.0],
                [0.777494, 0.626689, 0.052577, 0.0, -0.623883, 0.758074, 0.189986, 0.213815, 0.079205, -0.180515, 0.980378, 0.0, 0.0, 0.0, 0.0, 1.0],
                [0.478706, 0.869968, 0.118308, -0.0, -0.869151, 0.450516, 0.203991, 0.213815, 0.124166, -0.20048, 0.971798, 0.0, 0.0, 0.0, 0.0, 1.0],
                [0.27328, 0.94852, 0.160085, 0.0, -0.948656, 0.238192, 0.208127, 0.213815, 0.159282, -0.208742, 0.964912, 0.0, 0.0, 0.0, 0.0, 1.0],
                [0.187601, 0.964836, 0.184115, -0.0, -0.966085, 0.147383, 0.212033, 0.213815, 0.177441, -0.217648, 0.959762, 0.0, 0.0, 0.0, 0.0, 1.0],
                [0.170905, 0.964635, 0.200674, -0.0, -0.969777, 0.128693, 0.207293, 0.213815, 0.174137, -0.230036, 0.957476, 0.0, 0.0, 0.0, 0.0, 1.0],
                [0.470906, 0.86335, 0.181311, -0.0, -0.881707, 0.453847, 0.128902, 0.213815, 0.029, -0.220564, 0.974941, -0.0, 0.0, 0.0, 0.0, 1.0],
                [0.888716, 0.41418, 0.196571, -0.0, -0.418435, 0.907995, -0.021382, 0.213815, -0.187341, -0.06325, 0.980257, -0.0, 0.0, 0.0, 0.0, 1.0],
                [0.965262, 0.112243, 0.235945, 0.0, -0.094471, 0.991861, -0.085361, 0.213815, -0.243606, 0.060106, 0.96801, 0.0, 0.0, 0.0, 0.0, 1.0],
                [0.961668, 0.160792, 0.222128, 0.0, -0.14388, 0.985454, -0.090433, 0.213815, -0.233438, 0.055007, 0.970815, 0.0, 0.0, 0.0, 0.0, 1.0],
                [0.939638, 0.288449, 0.184058, -0.0, -0.273941, 0.956485, -0.100464, 0.213815, -0.205028, 0.043978, 0.977768, -0.0, 0.0, 0.0, 0.0, 1.0],
                [0.877484, 0.462273, 0.127776, -0.0, -0.451396, 0.886045, -0.105668, 0.213815, -0.162062, 0.035044, 0.986158, 0.0, 0.0, 0.0, 0.0, 1.0],
                [0.765382, 0.640447, 0.063395, 0.0, -0.63383, 0.767203, -0.09828, 0.213815, -0.11158, 0.03504, 0.993137, -0.0, 0.0, 0.0, 0.0, 1.0]
            ]
        },
        {
            "name": "Shoulder_FL",
            "time": [0.0, 0.0333, 0.0667, 0.1, 0.1333, 0.1667, 0.2, 0.2333, 0.2667, 0.3, 0.3333, 0.3667, 0.4, 0.4333, 0.4667, 0.5, 0.5333],
            "transform": [
                [0.500421, -0.50495, -0.703281, 0.0, 0.669953, -0.288682, 0.683978, 0.299477, -0.5484, -0.813442, 0.19383, -0.0, 0.0, 0.0, 0.0, 1.0],
                [0.500222, -0.507081, -0.701889, -0.0, 0.649718, -0.316041, 0.691365, 0.299477, -0.572403, -0.801865, 0.171369, -0.0, 0.0, 0.0, 0.0, 1.0],
                [0.499942, -0.509228, -0.700532, -0.0, 0.62864, -0.343001, 0.697969, 0.299477, -0.595709, -0.789327, 0.148641, -0.0, 0.0, 0.0, 0.0, 1.0],
                [0.499583, -0.511388, -0.699213, -0.0, 0.606758, -0.369513, 0.703779, 0.299477, -0.618273, -0.775849, 0.125687, -0.0, 0.0, 0.0, 0.0, 1.0],
                [0.499145, -0.513557, -0.697935, 0.0, 0.584111, -0.395529, 0.708781, 0.299477, -0.640053, -0.761456, 0.102548, 0.0, 0.0, 0.0, 0.0, 1.0],
                [0.498629, -0.515731, -0.6967, -0.0, 0.560742, -0.421001, 0.71297, 0.299477, -0.661012, -0.746177, 0.079269, 0.0, 0.0, 0.0, 0.0, 1.0],
                [0.498662, -0.515601, -0.696773, -0.0, 0.562166, -0.419486, 0.712741, 0.299477, -0.659776, -0.747119, 0.080671, 0.0, 0.0, 0.0, 0.0, 1.0],
                [0.498756, -0.515225, -0.696984, 0.0, 0.566247, -0.415119, 0.712067, 0.299477, -0.656206, -0.749813, 0.084701, 0.0, 0.0, 0.0, 0.0, 1.0],
                [0.4989, -0.514628, -0.697321, 0.0, 0.572681, -0.408154, 0.710948, 0.299477, -0.650488, -0.754034, 0.09109, -0.0, 0.0, 0.0, 0.0, 1.0],
                [0.499083, -0.513837, -0.697774, 0.0, 0.581149, -0.398833, 0.709365, 0.299477, -0.642793, -0.759542, 0.099565, 0.0, 0.0, 0.0, 0.0, 1.0],
                [0.499291, -0.512874, -0.698333, 0.0, 0.591321, -0.387396, 0.707294, 0.299477, -0.633283, -0.766084, 0.10985, 0.0, 0.0, 0.0, 0.0, 1.0],
                [0.499512, -0.511766, -0.698987, 0.0, 0.602865, -0.374085, 0.704709, 0.299477, -0.622127, -0.773406, 0.121666, -0.0, 0.0, 0.0, 0.0, 1.0],
                [0.499734, -0.510538, -0.699726, -0.0, 0.61545, -0.359152, 0.701591, 0.299477, -0.609498, -0.781255, 0.13473, -0.0, 0.0, 0.0, 0.0, 1.0],
                [0.499944, -0.509217, -0.700539, -0.0, 0.628753, -0.34286, 0.697937, 0.299477, -0.595588, -0.789395, 0.148761, -0.0, 0.0, 0.0, 0.0, 1.0],
                [0.500133, -0.507828, -0.701411, -0.0, 0.642464, -0.325487, 0.693757, 0.299477, -0.580609, -0.797602, 0.163474, -0.0, 0.0, 0.0, 0.0, 1.0],
                [0.500294, -0.506397, -0.70233, 0.0, 0.656287, -0.307325, 0.689085, 0.299477, -0.564794, -0.805676, 0.178589, -0.0, 0.0, 0.0, 0.0, 1.0],
                [0.500421, -0.50495, -0.703281, 0.0, 0.669953, -0.288682, 0.683978, 0.299477, -0.5484, -0.813442, 0.19383, -0.0, 0.0, 0.0, 0.0, 1.0]
            ]
        },
        {
            "name": "Thigh_FL",
            "time": [0.0, 0.0333, 0.0667, 0.1, 0.1333, 0.1667, 0.2, 0.2333, 0.2667, 0.3, 0.3333, 0.3667, 0.4, 0.4333, 0.4667, 0.5, 0.5333],
            "transform": [
                [0.171972, 0.833205, -0.525542, 0.0, -0.973297, 0.226055, 0.039902, 0.205241, 0.152048, 0.504646, 0.849831, -0.0, 0.0, 0.0, 0.0, 1.0],
                [0.288951, 0.837443, -0.463892, 0.0, -0.9374, 0.345888, 0.040526, 0.205241, 0.194394, 0.423142, 0.884964, 0.0, 0.0, 0.0, 0.0, 1.0],
                [0.40637, 0.822001, -0.39897, 0.0, -0.885392, 0.462117, 0.050288, 0.205241, 0.225708, 0.332809, 0.915584, -0.0, 0.0, 0.0, 0.0, 1.0],
                [0.520229, 0.786495, -0.332848, 0.0, -0.818308, 0.57059, 0.069276, 0.205241, 0.244405, 0.236332, 0.940433, 0.0, 0.0, 0.0, 0.0, 1.0],
                [0.62661, 0.731891, -0.26776, -0.0, -0.738248, 0.667525, 0.096957, 0.205241, 0.249698, 0.136919, 0.958595, -0.0, 0.0, 0.0, 0.0, 1.0],
                [0.743792, 0.64141, -0.188061, -0.0, -0.624555, 0.76715, 0.146329, 0.205241, 0.238128, 0.008616, 0.971196, 0.0, 0.0, 0.0, 0.0, 1.0],
                [0.702657, 0.682025, -0.20277, 0.0, -0.67251, 0.72966, 0.1238, 0.205241, 0.232388, 0.049376, 0.971369, 0.0, 0.0, 0.0, 0.0, 1.0],
                [0.58027, 0.770799, -0.262976, -0.0, -0.783482, 0.616481, 0.078153, 0.205241, 0.22236, 0.160687, 0.961632, 0.0, 0.0, 0.0, 0.0, 1.0],
                [0.383767, 0.850247, -0.360282, -0.0, -0.905442, 0.423104, 0.034039, 0.205241, 0.181379, 0.313151, 0.932222, 0.0, 0.0, 0.0, 0.0, 1.0],
                [0.1504, 0.868605, -0.472129, -0.0, -0.983783, 0.178703, 0.01538, 0.205241, 0.09773, 0.462159, 0.881395, -0.0, 0.0, 0.0, 0.0, 1.0],
                [-0.05809, 0.821119, -0.567792, -0.0, -0.998283, -0.052071, 0.02683, 0.205241, -0.007535, 0.568376, 0.822734, -0.0, 0.0, 0.0, 0.0, 1.0],
                [-0.195392, 0.753217, -0.628081, 0.0, -0.976155, -0.211124, 0.050487, 0.205241, -0.094575, 0.622969, 0.776508, 0.0, 0.0, 0.0, 0.0, 1.0],
                [-0.24381, 0.72093, -0.648703, -0.0, -0.961165, -0.268799, 0.062519, 0.205241, -0.129299, 0.638754, 0.758469, -0.0, 0.0, 0.0, 0.0, 1.0],
                [-0.211165, 0.739309, -0.639399, -0.0, -0.972004, -0.227787, 0.05763, 0.205241, -0.10304, 0.633668, 0.766712, 0.0, 0.0, 0.0, 0.0, 1.0],
                [-0.120959, 0.780516, -0.613322, 0.0, -0.992053, -0.116621, 0.047239, 0.205241, -0.034655, 0.614161, 0.788419, -0.0, 0.0, 0.0, 0.0, 1.0],
                [0.013842, 0.819106, -0.573475, -0.0, -0.998249, 0.044311, 0.039194, 0.205241, 0.057515, 0.571928, 0.818285, 0.0, 0.0, 0.0, 0.0, 1.0],
                [0.171972, 0.833205, -0.525542, 0.0, -0.973297, 0.226055, 0.039902, 0.205241, 0.152048, 0.504646, 0.849831, -0.0, 0.0, 0.0, 0.0, 1.0]
            ]
        },
        {
            "name": "Leg_FL",
            "time": [0.0, 0.0333, 0.0667, 0.1, 0.1333, 0.1667, 0.2, 0.2333, 0.2667, 0.3, 0.3333, 0.3667, 0.4, 0.4333, 0.4667, 0.5, 0.5333],
            "transform": [
                [0.912056, -0.399998, -0.090305, 0.0, 0.400837, 0.823187, 0.402111, 0.213815, -0.086506, -0.402945, 0.911127, -0.0, 0.0, 0.0, 0.0, 1.0],
                [0.919236, -0.381327, -0.097957, 0.0, 0.390476, 0.85121, 0.35067, 0.213815, -0.050338, -0.360599, 0.931362, -0.0, 0.0, 0.0, 0.0, 1.0],
                [0.925727, -0.362823, -0.106719, 0.0, 0.377909, 0.876527, 0.298135, 0.213815, -0.014627, -0.316322, 0.948539, -0.0, 0.0, 0.0, 0.0, 1.0],
                [0.93149, -0.344592, -0.11655, 0.0, 0.363195, 0.89898, 0.244797, 0.213815, 0.020421, -0.270356, 0.962544, 0.0, 0.0, 0.0, 0.0, 1.0],
                [0.93649, -0.326737, -0.127391, -0.0, 0.346416, 0.91844, 0.190957, 0.213815, 0.054609, -0.22296, 0.973297, 0.0, 0.0, 0.0, 0.0, 1.0],
                [0.940705, -0.309358, -0.139178, -0.0, 0.327679, 0.934814, 0.136924, 0.213815, 0.087747, -0.174411, 0.980755, 0.0, 0.0, 0.0, 0.0, 1.0],
                [0.846869, -0.505507, -0.165155, 0.0, 0.530812, 0.822442, 0.204521, 0.213815, 0.032443, -0.260868, 0.964829, 0.0, 0.0, 0.0, 0.0, 1.0],
                [0.551394, -0.795509, -0.251258, 0.0, 0.824706, 0.474365, 0.307957, 0.213815, -0.125794, -0.37702, 0.917623, -0.0, 0.0, 0.0, 0.0, 1.0],
                [0.351766, -0.884884, -0.305353, -0.0, 0.906588, 0.2408, 0.346573, 0.213815, -0.233148, -0.398742, 0.886931, 0.0, 0.0, 0.0, 0.0, 1.0],
                [0.368556, -0.883014, -0.290609, -0.0, 0.897883, 0.257168, 0.357309, 0.213815, -0.240774, -0.392621, 0.887624, -0.0, 0.0, 0.0, 0.0, 1.0],
                [0.414726, -0.868388, -0.271854, -0.0, 0.878116, 0.303612, 0.369774, 0.213815, -0.238569, -0.392074, 0.888461, -0.0, 0.0, 0.0, 0.0, 1.0],
                [0.484678, -0.838538, -0.248879, -0.0, 0.844564, 0.374604, 0.382601, 0.213815, -0.227594, -0.395632, 0.889762, -0.0, 0.0, 0.0, 0.0, 1.0],
                [0.571419, -0.790134, -0.221741, 0.0, 0.793664, 0.463336, 0.39423, 0.213815, -0.208754, -0.401258, 0.891859, 0.0, 0.0, 0.0, 0.0, 1.0],
                [0.666471, -0.720653, -0.190983, -0.0, 0.722664, 0.561513, 0.403063, 0.213815, -0.183229, -0.406647, 0.895023, -0.0, 0.0, 0.0, 0.0, 1.0],
                [0.76048, -0.629913, -0.157732, -0.0, 0.631138, 0.659862, 0.407734, 0.213815, -0.152755, -0.409624, 0.899374, -0.0, 0.0, 0.0, 0.0, 1.0],
                [0.844576, -0.520978, -0.123586, -0.0, 0.521897, 0.749416, 0.40743, 0.213815, -0.119645, -0.408605, 0.904835, -0.0, 0.0, 0.0, 0.0, 1.0],
                [0.912056, -0.399998, -0.090305, 0.0, 0.400837, 0.823187, 0.402111, 0.213815, -0.086506, -0.402945, 0.911127, -0.0, 0.0, 0.0, 0.0, 1.0]
            ]
        },
        {
            "name": "Head",
            "time": [0.0, 0.0333, 0.0667, 0.1, 0.1333, 0.1667, 0.2, 0.2333, 0.2667, 0.3, 0.3333, 0.3667, 0.4, 0.4333, 0.4667, 0.5, 0.5333],
            "transform": [
                [0.999971, -0.007585, 0.000576, 0.0, 0.007607, 0.996195, -0.086823, 0.299477, 8.4e-05, 0.086825, 0.996224, -0.0, 0.0, 0.0, 0.0, 1.0],
                [0.999986, -0.005353, 0.000223, -0.0, 0.005352, 0.996216, -0.086745, 0.299477, 0.000242, 0.086745, 0.996231, -0.0, 0.0, 0.0, 0.0, 1.0],
                [0.999999, 0.000707, -0.000735, -0.0, -0.000768, 0.996249, -0.086529, 0.299477, 0.000671, 0.08653, 0.996249, -0.0, 0.0, 0.0, 0.0, 1.0],
                [0.999951, 0.00964, -0.002145, -0.0, -0.009789, 0.99623, -0.0862, 0.299477, 0.001306, 0.086217, 0.996275, -0.0, 0.0, 0.0, 0.0, 1.0],
                [0.999783, 0.020486, -0.003853, 0.0, -0.020742, 0.996098, -0.085784, 0.299477, 0.002081, 0.085845, 0.996306, 0.0, 0.0, 0.0, 0.0, 1.0],
                [0.999462, 0.032289, -0.005707, -0.0, -0.032659, 0.995819, -0.08531, 0.299477, 0.002928, 0.08545, 0.996338, 0.0, 0.0, 0.0, 0.0, 1.0],
                [0.998999, 0.044088, -0.007554, -0.0, -0.044571, 0.995399, -0.084814, 0.299477, 0.00378, 0.085065, 0.996368, 0.0, 0.0, 0.0, 0.0, 1.0],
                [0.998448, 0.054925, -0.009247, 0.0, -0.05551, 0.99489, -0.084338, 0.299477, 0.004568, 0.084721, 0.996394, 0.0, 0.0, 0.0, 0.0, 1.0],
                [0.997903, 0.063844, -0.010637, 0.0, -0.064513, 0.994381, -0.083933, 0.299477, 0.005219, 0.084443, 0.996415, -0.0, 0.0, 0.0, 0.0, 1.0],
                [0.997487, 0.069892, -0.011578, 0.0, -0.070618, 0.99399, -0.083651, 0.299477, 0.005662, 0.084258, 0.996428, 0.0, 0.0, 0.0, 0.0, 1.0],
                [0.997325, 0.07212, -0.011924, 0.0, -0.072867, 0.993836, -0.083545, 0.299477, 0.005825, 0.084191, 0.996433, 0.0, 0.0, 0.0, 0.0, 1.0],
                [0.997744, 0.066226, -0.011008, 0.0, -0.066917, 0.994231, -0.083822, 0.299477, 0.005393, 0.08437, 0.99642, -0.0, 0.0, 0.0, 0.0, 1.0],
                [0.998636, 0.051478, -0.008709, -0.0, -0.052031, 0.995065, -0.084491, 0.299477, 0.004317, 0.084829, 0.996386, -0.0, 0.0, 0.0, 0.0, 1.0],
                [0.999462, 0.032289, -0.005707, -0.0, -0.032659, 0.995819, -0.08531, 0.299477, 0.002928, 0.08545, 0.996338, -0.0, 0.0, 0.0, 0.0, 1.0],
                [0.999911, 0.01309, -0.002689, -0.0, -0.013273, 0.996201, -0.08607, 0.299477, 0.001552, 0.086098, 0.996285, -0.0, 0.0, 0.0, 0.0, 1.0],
                [0.999998, -0.001679, -0.000358, 0.0, 0.001642, 0.99624, -0.086615, 0.299477, 0.000502, 0.086614, 0.996242, -0.0, 0.0, 0.0, 0.0, 1.0],
                [0.999971, -0.007585, 0.000576, 0.0, 0.007607, 0.996195, -0.086823, 0.299477, 8.4e-05, 0.086825, 0.996224, -0.0, 0.0, 0.0, 0.0, 1.0]
            ]
        },
        {
            "name": "Snout",
            "time": [0.0, 0.0333, 0.0667, 0.1, 0.1333, 0.1667, 0.2, 0.2333, 0.2667, 0.3, 0.3333, 0.3667, 0.4, 0.4333, 0.4667, 0.5, 0.5333],
            "transform": [
                [1.0, 0.0, 0.0, 0.0, -0.0, 1.0, -0.0, 0.145995, 0.0, 0.0, 1.0, 0.0, 0.0, 0.0, 0.0, 1.0],
                [1.0, 0.0, -0.0, 0.0, -0.0, 1.0, 0.0, 0.145995, 0.0, -0.0, 1.0, -0.0, 0.0, 0.0, 0.0, 1.0],
                [1.0, -0.0, 0.0, -0.0, -0.0, 1.0, -0.0, 0.145995, -0.0, 0.0, 1.0, 0.0, 0.0, 0.0, 0.0, 1.0],
                [1.0, 0.0, -0.0, -0.0, 0.0, 1.0, 0.0, 0.145995, -0.0, 0.0, 1.0, 0.0, 0.0, 0.0, 0.0, 1.0],
                [1.0, 0.0, 0.0, 0.0, -0.0, 1.0, -0.0, 0.145995, 0.0, -0.0, 1.0, -0.0, 0.0, 0.0, 0.0, 1.0],
                [1.0, 0.0, 0.0, 0.0, -0.0, 1.0, 0.0, 0.145995, -0.0, -0.0, 1.0, 0.0, 0.0, 0.0, 0.0, 1.0],
                [1.0, -0.0, -0.0, 0.0, -0.0, 1.0, 0.0, 0.145995, 0.0, 0.0, 1.0, 0.0, 0.0, 0.0, 0.0, 1.0],
                [1.0, -0.0, -0.0, 0.0, -0.0, 1.0, 0.0, 0.145995, -0.0, -0.0, 1.0, 0.0, 0.0, 0.0, 0.0, 1.0],
                [1.0, -0.0, -0.0, 0.0, -0.0, 1.0, 0.0, 0.145995, 0.0, -0.0, 1.0, -0.0, 0.0, 0.0, 0.0, 1.0],
                [1.0, -0.0, -0.0, 0.0, -0.0, 1.0, 0.0, 0.145995, -0.0, 0.0, 1.0, 0.0, 0.0, 0.0, 0.0, 1.0],
                [1.0, 0.0, 0.0, 0.0, 0.0, 1.0, 0.0, 0.145995, 0.0, -0.0, 1.0, -0.0, 0.0, 0.0, 0.0, 1.0],
                [1.0, 0.0, -0.0, -0.0, -0.0, 1.0, 0.0, 0.145995, 0.0, 0.0, 1.0, 0.0, 0.0, 0.0, 0.0, 1.0],
                [1.0, 0.0, -0.0, -0.0, 0.0, 1.0, 0.0, 0.145995, -0.0, -0.0, 1.0, -0.0, 0.0, 0.0, 0.0, 1.0],
                [1.0, 0.0, -0.0, 0.0, 0.0, 1.0, -0.0, 0.145995, -0.0, -0.0, 1.0, -0.0, 0.0, 0.0, 0.0, 1.0],
                [1.0, 0.0, -0.0, 0.0, -0.0, 1.0, -0.0, 0.145995, -0.0, -0.0, 1.0, -0.0, 0.0, 0.0, 0.0, 1.0],
                [1.0, 0.0, -0.0, 0.0, 0.0, 1.0, -0.0, 0.145995, 0.0, -0.0, 1.0, -0.0, 0.0, 0.0, 0.0, 1.0],
                [1.0, 0.0, 0.0, 0.0, -0.0, 1.0, -0.0, 0.145995, 0.0, 0.0, 1.0, 0.0, 0.0, 0.0, 0.0, 1.0]
            ]
        },
        {
            "name": "Jaw",
            "time": [0.0, 0.0333, 0.0667, 0.1, 0.1333, 0.1667, 0.2, 0.2333, 0.2667, 0.3, 0.3333, 0.3667, 0.4, 0.4333, 0.4667, 0.5, 0.5333],
            "transform": [
                [1.0, -0.0, 0.0, 0.0, -0.0, 0.913288, 0.407314, 0.145995, -0.0, -0.407314, 0.913288, 0.0, 0.0, 0.0, 0.0, 1.0],
                [1.0, -0.0, 0.0, 0.0, -0.0, 0.913288, 0.407314, 0.145995, -0.0, -0.407314, 0.913288, -0.0, 0.0, 0.0, 0.0, 1.0],
                [1.0, -0.0, 0.0, -0.0, -0.0, 0.913288, 0.407314, 0.145995, -0.0, -0.407314, 0.913288, 0.0, 0.0, 0.0, 0.0, 1.0],
                [1.0, 0.0, 0.0, -0.0, -0.0, 0.913288, 0.407314, 0.145995, -0.0, -0.407314, 0.913288, 0.0, 0.0, 0.0, 0.0, 1.0],
                [1.0, 0.0, 0.0, 0.0, -0.0, 0.913288, 0.407314, 0.145995, -0.0, -0.407314, 0.913288, -0.0, 0.0, 0.0, 0.0, 1.0],
                [1.0, -0.0, 0.0, 0.0, -0.0, 0.913288, 0.407314, 0.145995, -0.0, -0.407314, 0.913288, 0.0, 0.0, 0.0, 0.0, 1.0],
                [1.0, 0.0, 0.0, 0.0, -0.0, 0.913288, 0.407314, 0.145995, -0.0, -0.407314, 0.913288, 0.0, 0.0, 0.0, 0.0, 1.0],
                [1.0, 0.0, 0.0, 0.0, -0.0, 0.913288, 0.407314, 0.145995, -0.0, -0.407314, 0.913288, 0.0, 0.0, 0.0, 0.0, 1.0],
                [1.0, -0.0, 0.0, 0.0, -0.0, 0.913288, 0.407314, 0.145995, -0.0, -0.407314, 0.913288, -0.0, 0.0, 0.0, 0.0, 1.0],
                [1.0, 0.0, 0.0, 0.0, -0.0, 0.913288, 0.407314, 0.145995, -0.0, -0.407314, 0.913288, 0.0, 0.0, 0.0, 0.0, 1.0],
                [1.0, 0.0, 0.0, 0.0, -0.0, 0.913288, 0.407314, 0.145995, -0.0, -0.407314, 0.913288, -0.0, 0.0, 0.0, 0.0, 1.0],
                [1.0, -0.0, 0.0, -0.0, -0.0, 0.913288, 0.407314, 0.145995, -0.0, -0.407314, 0.913288, 0.0, 0.0, 0.0, 0.0, 1.0],
                [1.0, 0.0, 0.0, -0.0, -0.0, 0.913288, 0.407314, 0.145995, -0.0, -0.407314, 0.913288, -0.0, 0.0, 0.0, 0.0, 1.0],
                [1.0, -0.0, 0.0, 0.0, -0.0, 0.913288, 0.407314, 0.145995, -0.0, -0.407314, 0.913288, -0.0, 0.0, 0.0, 0.0, 1.0],
                [1.0, 0.0, 0.0, 0.0, -0.0, 0.913288, 0.407314, 0.145995, -0.0, -0.407314, 0.913288, -0.0, 0.0, 0.0, 0.0, 1.0],
                [1.0, 0.0, 0.0, 0.0, -0.0, 0.913288, 0.407314, 0.145995, -0.0, -0.407314, 0.913288, -0.0, 0.0, 0.0, 0.0, 1.0],
                [1.0, -0.0, 0.0, 0.0, -0.0, 0.913288, 0.407314, 0.145995, -0.0, -0.407314, 0.913288, 0.0, 0.0, 0.0, 0.0, 1.0]
            ]
        },
        {
            "name": "Ear_L",
            "time": [0.0, 0.0333, 0.0667, 0.1, 0.1333, 0.1667, 0.2, 0.2333, 0.2667, 0.3, 0.3333, 0.3667, 0.4, 0.4333, 0.4667, 0.5, 0.5333],
            "transform": [
                [0.893079, -0.054898, 0.446538, -0.096958, 0.447212, -0.0, -0.894428, 0.087677, 0.049102, 0.998492, 0.024551, 0.150216, 0.0, 0.0, 0.0, 1.0],
                [0.894494, -0.051246, 0.444135, -0.096958, 0.446509, 0.052146, -0.893259, 0.087677, 0.022616, 0.997324, 0.069526, 0.150216, 0.0, 0.0, 0.0, 1.0],
                [0.895812, -0.047444, 0.441894, -0.096958, 0.444416, 0.104272, -0.889731, 0.087677, -0.003864, 0.993416, 0.114493, 0.150216, 0.0, 0.0, 0.0, 1.0],
                [0.897029, -0.043507, 0.439825, -0.096958, 0.440937, 0.156163, -0.883848, 0.087677, -0.03023, 0.986773, 0.159267, 0.150216, 0.0, 0.0, 0.0, 1.0],
                [0.898139, -0.039452, 0.437938, -0.096958, 0.436083, 0.207604, -0.875632, 0.087677, -0.056372, 0.977417, 0.203662, 0.150216, 0.0, 0.0, 0.0, 1.0],
                [0.899138, -0.035295, 0.43624, -0.096958, 0.42988, 0.258386, -0.865124, 0.087677, -0.082184, 0.965397, 0.247497, 0.150216, 0.0, 0.0, 0.0, 1.0],
                [0.898908, -0.042298, 0.436091, -0.096958, 0.437045, 0.156807, -0.885666, 0.087677, -0.03092, 0.986723, 0.159441, 0.150216, 0.0, 0.0, 0.0, 1.0],
                [0.898312, -0.04932, 0.436581, -0.096958, 0.438845, 0.05273, -0.897014, 0.087677, 0.02122, 0.99739, 0.069011, 0.150216, 0.0, 0.0, 0.0, 1.0],
                [0.897354, -0.056244, 0.437713, -0.096958, 0.435168, -0.052157, -0.898837, 0.087677, 0.073384, 0.997054, -0.022327, 0.150216, 0.0, 0.0, 0.0, 1.0],
                [0.896049, -0.062957, 0.439468, -0.096958, 0.426078, -0.15612, -0.891114, 0.087677, 0.124712, 0.985729, -0.113067, 0.150216, 0.0, 0.0, 0.0, 1.0],
                [0.894426, -0.069353, 0.441805, -0.096958, 0.411817, -0.257479, -0.874134, 0.087677, 0.174379, 0.963792, -0.201735, 0.150216, 0.0, 0.0, 0.0, 1.0],
                [0.894339, -0.066868, 0.442365, -0.096958, 0.419962, -0.215406, -0.881608, 0.087677, 0.15424, 0.974232, -0.164564, 0.150216, 0.0, 0.0, 0.0, 1.0],
                [0.894196, -0.064405, 0.443018, -0.096958, 0.427236, -0.172836, -0.887467, 0.087677, 0.133726, 0.982843, -0.127033, 0.150216, 0.0, 0.0, 0.0, 1.0],
                [0.893998, -0.061969, 0.443765, -0.096958, 0.433615, -0.129887, -0.891688, 0.087677, 0.112896, 0.98959, -0.089248, 0.150216, 0.0, 0.0, 0.0, 1.0],
                [0.893746, -0.059568, 0.444602, -0.096958, 0.439079, -0.086682, -0.894257, 0.087677, 0.091808, 0.994453, -0.051316, 0.150216, 0.0, 0.0, 0.0, 1.0],
                [0.893439, -0.057209, 0.445527, -0.096958, 0.443615, -0.043345, -0.895169, 0.087677, 0.070523, 0.997421, -0.013347, 0.150216, 0.0, 0.0, 0.0, 1.0],
                [0.893079, -0.054898, 0.446538, -0.096958, 0.447212, -0.0, -0.894428, 0.087677, 0.049102, 0.998492, 0.024551, 0.150216, 0.0, 0.0, 0.0, 1.0]
            ]
        },
        {
            "name": "Ear_R",
            "time": [0.0, 0.0333, 0.0667, 0.1, 0.1333, 0.1667, 0.2, 0.2333, 0.2667, 0.3, 0.3333, 0.3667, 0.4, 0.4333, 0.4667, 0.5, 0.5333],
            "transform": [
                [0.893959, -0.032336, -0.44698, 0.100147, -0.447214, 0.0, -0.894427, 0.079381, 0.028922, 0.999477, -0.014461, 0.150261, 0.0, 0.0, 0.0, 1.0],
                [0.892812, -0.028681, -0.449517, 0.100147, -0.447754, 0.05213, -0.892636, 0.079381, 0.049035, 0.998228, 0.033701, 0.150261, 0.0, 0.0, 0.0, 1.0],
                [0.891733, -0.024876, -0.451878, 0.100147, -0.44724, 0.104236, -0.888319, 0.079381, 0.0692, 0.994241, 0.081825, 0.150261, 0.0, 0.0, 0.0, 1.0],
                [0.890729, -0.020937, -0.454052, 0.100147, -0.445669, 0.156103, -0.881482, 0.079381, 0.089334, 0.987519, 0.129715, 0.150261, 0.0, 0.0, 0.0, 1.0],
                [0.889804, -0.016879, -0.456032, 0.100147, -0.443048, 0.207516, -0.87215, 0.079381, 0.109355, 0.978086, 0.177171, 0.150261, 0.0, 0.0, 0.0, 1.0],
                [0.88896, -0.01272, -0.457808, 0.100147, -0.439388, 0.258266, -0.86037, 0.079381, 0.12918, 0.96599, 0.224, 0.150261, 0.0, 0.0, 0.0, 1.0],
                [0.888844, -0.019727, -0.457784, 0.100147, -0.449471, 0.15665, -0.879453, 0.079381, 0.089061, 0.987457, 0.130371, 0.150261, 0.0, 0.0, 0.0, 1.0],
                [0.889021, -0.026755, -0.457084, 0.100147, -0.455366, 0.052521, -0.888753, 0.079381, 0.047785, 0.998261, 0.034509, 0.150261, 0.0, 0.0, 0.0, 1.0],
                [0.889492, -0.033685, -0.455708, 0.100147, -0.456912, -0.052431, -0.887965, 0.079381, 0.006018, 0.998056, -0.062028, 0.150261, 0.0, 0.0, 0.0, 1.0],
                [0.890248, -0.040405, -0.45368, 0.100147, -0.454086, -0.156474, -0.87711, 0.079381, -0.035549, 0.986855, -0.157648, 0.150261, 0.0, 0.0, 0.0, 1.0],
                [0.891274, -0.046808, -0.451043, 0.100147, -0.447011, -0.257923, -0.856538, 0.079381, -0.076242, 0.965031, -0.250803, 0.150261, 0.0, 0.0, 0.0, 1.0],
                [0.891619, -0.04432, -0.450613, 0.100147, -0.448953, -0.215772, -0.867112, 0.079381, -0.058799, 0.975437, -0.212284, 0.150261, 0.0, 0.0, 0.0, 1.0],
                [0.892006, -0.041854, -0.450082, 0.100147, -0.450137, -0.173124, -0.876016, 0.079381, -0.041256, 0.98401, -0.173268, 0.150261, 0.0, 0.0, 0.0, 1.0],
                [0.892435, -0.039415, -0.449451, 0.100147, -0.450555, -0.1301, -0.883218, 0.079381, -0.023662, 0.990717, -0.133865, 0.150261, 0.0, 0.0, 0.0, 1.0],
                [0.892905, -0.037011, -0.448722, 0.100147, -0.450205, -0.086822, -0.888694, 0.079381, -0.006067, 0.995536, -0.094186, 0.150261, 0.0, 0.0, 0.0, 1.0],
                [0.893413, -0.034649, -0.447897, 0.100147, -0.449089, -0.043414, -0.892432, 0.079381, 0.011477, 0.998456, -0.054347, 0.150261, 0.0, 0.0, 0.0, 1.0],
                [0.893959, -0.032336, -0.44698, 0.100147, -0.447214, 0.0, -0.894427, 0.079381, 0.028922, 0.999477, -0.014461, 0.150261, 0.0, 0.0, 0.0, 1.0]
            ]
        },
        {
            "name": "Eye_L",
            "time": [0.0, 0.5333],
            "transform": [
                [1.0, 0.0, 0.0, -0.091231, -0.0, 1.0, -0.0, 0.174172, 0.0, 0.0, 1.0, 0.035693, 0.0, 0.0, 0.0, 1.0],
                [1.0, 0.0, 0.0, -0.091231, -0.0, 1.0, -0.0, 0.174172, 0.0, 0.0, 1.0, 0.035693, 0.0, 0.0, 0.0, 1.0]
            ]
        },
        {
            "name": "Eye_R",
            "time": [0.0, 0.5333],
            "transform": [
                [1.0, 0.0, 0.0, 0.092245, -0.0, 1.0, -0.0, 0.174172, 0.0, 0.0, 1.0, 0.035693, 0.0, 0.0, 0.0, 1.0],
                [1.0, 0.0, 0.0, 0.092245, -0.0, 1.0, -0.0, 0.174172, 0.0, 0.0, 1.0, 0.035693, 0.0, 0.0, 0.0, 1.0]
            ]
        },
        {
            "name": "EyeLid_L",
            "time": [0.0, 0.5333],
            "transform": [
                [1.0, 0.0, -0.0, -0.085893, -0.0, -0.0, -1.0, 0.222871, 0.0, 1.0, -0.0, 0.017216, 0.0, 0.0, 0.0, 1.0],
                [1.0, 0.0, -0.0, -0.085893, -0.0, -0.0, -1.0, 0.222871, 0.0, 1.0, -0.0, 0.017216, 0.0, 0.0, 0.0, 1.0]
            ]
        },
        {
            "name": "EyeLid_R",
            "time": [0.0, 0.5333],
            "transform": [
                [1.0, 0.0, -0.0, 0.090507, -0.0, -0.0, -1.0, 0.222871, 0.0, 1.0, -0.0, 0.017216, 0.0, 0.0, 0.0, 1.0],
                [1.0, 0.0, -0.0, 0.090507, -0.0, -0.0, -1.0, 0.222871, 0.0, 1.0, -0.0, 0.017216, 0.0, 0.0, 0.0, 1.0]
            ]
        },
        {
            "name": "Shoulder_RR",
            "time": [0.0, 0.0333, 0.0667, 0.1, 0.1333, 0.1667, 0.2, 0.2333, 0.2667, 0.3, 0.3333, 0.3667, 0.4, 0.4333, 0.4667, 0.5, 0.5333],
            "transform": [
                [0.742594, 0.372493, -0.556599, 0.0, 0.239291, 0.628645, 0.739963, -0.0, 0.625534, -0.682682, 0.377694, 0.0, 0.0, 0.0, 0.0, 1.0],
