{
    "animation": [
        {
            "name": "Root",
            "time": [0.0, 3.5667],
            "transform": [
                [1.0, 0.0, 0.0, -0.000507, 0.0, 1.0, 0.0, -0.523665, 0.0, 0.0, 1.0, 0.626391, 0.0, 0.0, 0.0, 1.0],
                [1.0, 0.0, 0.0, -0.000507, 0.0, 1.0, 0.0, -0.523665, 0.0, 0.0, 1.0, 0.626391, 0.0, 0.0, 0.0, 1.0]
            ]
        },
        {
            "name": "Torso",
            "time": [0.0, 0.0333, 0.0667, 0.1, 0.1333, 0.1667, 0.2, 0.2333, 0.2667, 0.3, 0.3333, 0.3667, 0.4, 0.4333, 0.4667, 0.5, 0.5333, 0.5667, 0.6, 0.6333, 0.6667, 0.7, 0.7333, 0.7667, 0.8, 0.8333, 0.8667, 0.9, 0.9333, 0.9667, 1.0, 1.0333, 1.0667, 1.1, 1.1333, 1.1667, 1.2, 1.2333, 1.2667, 1.3, 1.3333, 1.3667, 1.4, 1.4333, 1.4667, 1.5, 1.5333, 1.5667, 1.6, 1.6333, 1.6667, 1.7, 1.7333, 1.7667, 1.8, 1.8333, 1.8667, 1.9, 1.9333, 1.9667, 2.0, 2.0333, 2.0667, 2.1, 2.1333, 2.1667, 2.2, 2.2333, 2.2667, 2.3, 2.3333, 2.3667, 2.4, 2.4333, 2.4667, 2.5, 2.5333, 2.5667, 2.6, 2.6333, 2.6667, 2.7, 2.7333, 2.7667, 2.8, 2.8333, 2.8667, 2.9, 2.9333, 2.9667, 3.0, 3.0333, 3.0667, 3.1, 3.1333, 3.1667, 3.2, 3.2333, 3.2667, 3.3, 3.3333, 3.3667, 3.4, 3.4333, 3.4667, 3.5, 3.5333, 3.5667],
            "transform": [
                [1.0, 0.0, 0.0, 0.0, 0.0, 1.0, 0.0, 0.179686, 0.0, 0.0, 1.0, 0.0, 0.0, 0.0, 0.0, 1.0],
                [0.999999, -0.001717, 0.0, 0.0, 0.001717, 0.999999, 0.0, 0.179686, 0.0, 0.0, 1.0, 0.0, 0.0, 0.0, 0.0, 1.0],
                [0.999989, -0.004624, 0.0, 0.0, 0.004624, 0.999989, 0.0, 0.179686, 0.0, 0.0, 1.0, 0.0, 0.0, 0.0, 0.0, 1.0],
                [0.999965, -0.00841, 0.0, 0.0, 0.00841, 0.999965, 0.0, 0.179686, 0.0, 0.0, 1.0, 0.0, 0.0, 0.0, 0.0, 1.0],
                [0.999907, -0.013632, 0.0, 0.0, 0.013632, 0.999907, 0.0, 0.179686, 0.0, 0.0, 1.0, 0.0, 0.0, 0.0, 0.0, 1.0],
                [0.999786, -0.020668, 0.0, 0.0, 0.020668, 0.999786, 0.0, 0.179686, 0.0, 0.0, 1.0, 0.0, 0.0, 0.0, 0.0, 1.0],
                [0.999575, -0.029162, 0.0, 0.0, 0.029162, 0.999575, 0.0, 0.179686, 0.0, 0.0, 1.0, 0.0, 0.0, 0.0, 0.0, 1.0],
                [0.999256, -0.038578, 0.0, 0.0, 0.038578, 0.999256, 0.0, 0.179686, 0.0, 0.0, 1.0, 0.0, 0.0, 0.0, 0.0, 1.0],
                [0.998829, -0.048379, 0.0, 0.0, 0.048379, 0.998829, 0.0, 0.179686, 0.0, 0.0, 1.0, 0.0, 0.0, 0.0, 0.0, 1.0],
                [0.998315, -0.058028, 0.0, 0.0, 0.058028, 0.998315, 0.0, 0.179686, 0.0, 0.0, 1.0, 0.0, 0.0, 0.0, 0.0, 1.0],
                [0.997754, -0.06699, 0.0, 0.0, 0.06699, 0.997754, 0.0, 0.179686, 0.0, 0.0, 1.0, 0.0, 0.0, 0.0, 0.0, 1.0],
                [0.997204, -0.07473, 0.0, 0.0, 0.07473, 0.997204, 0.0, 0.179686, 0.0, 0.0, 1.0, 0.0, 0.0, 0.0, 0.0, 1.0],
                [0.996737, -0.080716, 0.0, 0.0, 0.080716, 0.996737, 0.0, 0.179686, 0.0, 0.0, 1.0, 0.0, 0.0, 0.0, 0.0, 1.0],
                [0.996417, -0.084578, 0.0, 0.0, 0.084578, 0.996417, 0.0, 0.179686, 0.0, 0.0, 1.0, 0.0, 0.0, 0.0, 0.0, 1.0],
                [0.996245, -0.086582, 0.0, 0.0, 0.086582, 0.996245, 0.0, 0.179686, 0.0, 0.0, 1.0, 0.0, 0.0, 0.0, 0.0, 1.0],
                [0.996195, -0.087156, 0.0, 0.0, 0.087156, 0.996195, 0.0, 0.179686, 0.0, 0.0, 1.0, 0.0, 0.0, 0.0, 0.0, 1.0],
                [0.996301, -0.085936, 0.0, 0.0, 0.085936, 0.996301, 0.0, 0.179686, 0.0, 0.0, 1.0, 0.0, 0.0, 0.0, 0.0, 1.0],
                [0.996574, -0.082708, 0.0, 0.0, 0.082708, 0.996574, 0.0, 0.179686, 0.0, 0.0, 1.0, 0.0, 0.0, 0.0, 0.0, 1.0],
                [0.996944, -0.078113, 0.0, 0.0, 0.078113, 0.996944, 0.0, 0.179686, 0.0, 0.0, 1.0, 0.0, 0.0, 0.0, 0.0, 1.0],
                [0.997353, -0.072713, 0.0, 0.0, 0.072713, 0.997353, 0.0, 0.179686, 0.0, 0.0, 1.0, 0.0, 0.0, 0.0, 0.0, 1.0],
                [0.997771, -0.066733, 0.0, 0.0, 0.066733, 0.997771, 0.0, 0.179686, 0.0, 0.0, 1.0, 0.0, 0.0, 0.0, 0.0, 1.0],
                [0.998179, -0.060318, 0.0, 0.0, 0.060318, 0.998179, 0.0, 0.179686, 0.0, 0.0, 1.0, 0.0, 0.0, 0.0, 0.0, 1.0],
                [0.998562, -0.05361, 0.0, 0.0, 0.05361, 0.998562, 0.0, 0.179686, 0.0, 0.0, 1.0, 0.0, 0.0, 0.0, 0.0, 1.0],
                [0.998906, -0.046755, 0.0, 0.0, 0.046755, 0.998906, 0.0, 0.179686, 0.0, 0.0, 1.0, 0.0, 0.0, 0.0, 0.0, 1.0],
                [0.999204, -0.039895, 0.0, 0.0, 0.039895, 0.999204, 0.0, 0.179686, 0.0, 0.0, 1.0, 0.0, 0.0, 0.0, 0.0, 1.0],
                [0.99945, -0.033175, 0.0, 0.0, 0.033175, 0.99945, 0.0, 0.179686, 0.0, 0.0, 1.0, 0.0, 0.0, 0.0, 0.0, 1.0],
                [0.999642, -0.02674, 0.0, 0.0, 0.02674, 0.999642, 0.0, 0.179686, 0.0, 0.0, 1.0, 0.0, 0.0, 0.0, 0.0, 1.0],
                [0.999785, -0.020735, 0.0, 0.0, 0.020735, 0.999785, 0.0, 0.179686, 0.0, 0.0, 1.0, 0.0, 0.0, 0.0, 0.0, 1.0],
                [0.999883, -0.015304, 0.0, 0.0, 0.015304, 0.999883, 0.0, 0.179686, 0.0, 0.0, 1.0, 0.0, 0.0, 0.0, 0.0, 1.0],
                [0.999944, -0.010574, 0.0, 0.0, 0.010574, 0.999944, 0.0, 0.179686, 0.0, 0.0, 1.0, 0.0, 0.0, 0.0, 0.0, 1.0],
                [0.999978, -0.006604, 0.0, 0.0, 0.006604, 0.999978, 0.0, 0.179686, 0.0, 0.0, 1.0, 0.0, 0.0, 0.0, 0.0, 1.0],
                [0.999994, -0.003436, 0.0, 0.0, 0.003436, 0.999994, 0.0, 0.179686, 0.0, 0.0, 1.0, 0.0, 0.0, 0.0, 0.0, 1.0],
                [0.999999, -0.001112, 0.0, 0.0, 0.001112, 0.999999, 0.0, 0.179686, 0.0, 0.0, 1.0, 0.0, 0.0, 0.0, 0.0, 1.0],
                [1.0, 0.0, 0.0, 0.0, 0.0, 1.0, 0.0, 0.179686, 0.0, 0.0, 1.0, 0.0, 0.0, 0.0, 0.0, 1.0],
                [1.0, 0.0, 0.0, 0.0, 0.0, 1.0, 0.0, 0.179686, 0.0, 0.0, 1.0, 0.0, 0.0, 0.0, 0.0, 1.0],
                [1.0, 0.0, 0.0, 0.0, 0.0, 1.0, 0.0, 0.179686, 0.0, 0.0, 1.0, 0.0, 0.0, 0.0, 0.0, 1.0],
                [1.0, 0.0, 0.0, 0.0, 0.0, 1.0, 0.0, 0.179686, 0.0, 0.0, 1.0, 0.0, 0.0, 0.0, 0.0, 1.0],
                [1.0, -0.000805, 0.0, 0.0, 0.000805, 1.0, 0.0, 0.179686, 0.0, 0.0, 1.0, 0.0, 0.0, 0.0, 0.0, 1.0],
                [0.999995, -0.003282, 0.0, 0.0, 0.003282, 0.999995, 0.0, 0.179686, 0.0, 0.0, 1.0, 0.0, 0.0, 0.0, 0.0, 1.0],
                [0.999972, -0.007526, 0.0, 0.0, 0.007526, 0.999972, 0.0, 0.179686, 0.0, 0.0, 1.0, 0.0, 0.0, 0.0, 0.0, 1.0],
                [0.999907, -0.013632, 0.0, 0.0, 0.013632, 0.999907, 0.0, 0.179686, 0.0, 0.0, 1.0, 0.0, 0.0, 0.0, 0.0, 1.0],
                [0.999767, -0.02157, 0.0, 0.0, 0.02157, 0.999767, 0.0, 0.179686, 0.0, 0.0, 1.0, 0.0, 0.0, 0.0, 0.0, 1.0],
                [0.999525, -0.030808, 0.0, 0.0, 0.030808, 0.999525, 0.0, 0.179686, 0.0, 0.0, 1.0, 0.0, 0.0, 0.0, 0.0, 1.0],
                [0.999172, -0.040691, 0.0, 0.0, 0.040691, 0.999172, 0.0, 0.179686, 0.0, 0.0, 1.0, 0.0, 0.0, 0.0, 0.0, 1.0],
                [0.998721, -0.050562, 0.0, 0.0, 0.050562, 0.998721, 0.0, 0.179686, 0.0, 0.0, 1.0, 0.0, 0.0, 0.0, 0.0, 1.0],
                [0.998212, -0.059767, 0.0, 0.0, 0.059767, 0.998212, 0.0, 0.179686, 0.0, 0.0, 1.0, 0.0, 0.0, 0.0, 0.0, 1.0],
                [0.997709, -0.067653, 0.0, 0.0, 0.067653, 0.997709, 0.0, 0.179686, 0.0, 0.0, 1.0, 0.0, 0.0, 0.0, 0.0, 1.0],
                [0.99729, -0.073567, 0.0, 0.0, 0.073567, 0.99729, 0.0, 0.179686, 0.0, 0.0, 1.0, 0.0, 0.0, 0.0, 0.0, 1.0],
                [0.997005, -0.07734, 0.0, 0.0, 0.07734, 0.997005, 0.0, 0.179686, 0.0, 0.0, 1.0, 0.0, 0.0, 0.0, 0.0, 1.0],
                [0.996737, -0.080716, 0.0, 0.0, 0.080716, 0.996737, 0.0, 0.179686, 0.0, 0.0, 1.0, 0.0, 0.0, 0.0, 0.0, 1.0],
                [0.996388, -0.084916, 0.0, 0.0, 0.084916, 0.996388, 0.0, 0.179686, 0.0, 0.0, 1.0, 0.0, 0.0, 0.0, 0.0, 1.0],
                [0.996195, -0.087156, 0.0, 0.0, 0.087156, 0.996195, 0.0, 0.179686, 0.0, 0.0, 1.0, 0.0, 0.0, 0.0, 0.0, 1.0],
                [0.996291, -0.086048, 0.0, 0.0, 0.086048, 0.996291, 0.0, 0.179686, 0.0, 0.0, 1.0, 0.0, 0.0, 0.0, 0.0, 1.0],
                [0.996435, -0.084359, 0.0, 0.0, 0.084359, 0.996435, 0.0, 0.179686, 0.0, 0.0, 1.0, 0.0, 0.0, 0.0, 0.0, 1.0],
                [0.996633, -0.081989, 0.0, 0.0, 0.081989, 0.996633, 0.0, 0.179686, 0.0, 0.0, 1.0, 0.0, 0.0, 0.0, 0.0, 1.0],
                [0.996944, -0.078113, 0.0, 0.0, 0.078113, 0.996944, 0.0, 0.179686, 0.0, 0.0, 1.0, 0.0, 0.0, 0.0, 0.0, 1.0],
                [0.997392, -0.07217, 0.0, 0.0, 0.07217, 0.997392, 0.0, 0.179686, 0.0, 0.0, 1.0, 0.0, 0.0, 0.0, 0.0, 1.0],
                [0.997908, -0.064656, 0.0, 0.0, 0.064656, 0.997908, 0.0, 0.179686, 0.0, 0.0, 1.0, 0.0, 0.0, 0.0, 0.0, 1.0],
                [0.998412, -0.056335, 0.0, 0.0, 0.056335, 0.998412, 0.0, 0.179686, 0.0, 0.0, 1.0, 0.0, 0.0, 0.0, 0.0, 1.0],
                [0.998849, -0.047972, 0.0, 0.0, 0.047972, 0.998849, 0.0, 0.179686, 0.0, 0.0, 1.0, 0.0, 0.0, 0.0, 0.0, 1.0],
                [0.999192, -0.0402, 0.0, 0.0, 0.0402, 0.999192, 0.0, 0.179686, 0.0, 0.0, 1.0, 0.0, 0.0, 0.0, 0.0, 1.0],
                [0.999452, -0.0331, 0.0, 0.0, 0.0331, 0.999452, 0.0, 0.179686, 0.0, 0.0, 1.0, 0.0, 0.0, 0.0, 0.0, 1.0],
                [0.999646, -0.02662, 0.0, 0.0, 0.02662, 0.999646, 0.0, 0.179686, 0.0, 0.0, 1.0, 0.0, 0.0, 0.0, 0.0, 1.0],
                [0.999786, -0.020706, 0.0, 0.0, 0.020706, 0.999786, 0.0, 0.179686, 0.0, 0.0, 1.0, 0.0, 0.0, 0.0, 0.0, 1.0],
                [0.999883, -0.015304, 0.0, 0.0, 0.015304, 0.999883, 0.0, 0.179686, 0.0, 0.0, 1.0, 0.0, 0.0, 0.0, 0.0, 1.0],
                [0.999946, -0.010407, 0.0, 0.0, 0.010407, 0.999946, 0.0, 0.179686, 0.0, 0.0, 1.0, 0.0, 0.0, 0.0, 0.0, 1.0],
                [0.999981, -0.006199, 0.0, 0.0, 0.006199, 0.999981, 0.0, 0.179686, 0.0, 0.0, 1.0, 0.0, 0.0, 0.0, 0.0, 1.0],
                [0.999996, -0.002908, 0.0, 0.0, 0.002908, 0.999996, 0.0, 0.179686, 0.0, 0.0, 1.0, 0.0, 0.0, 0.0, 0.0, 1.0],
                [1.0, -0.000765, 0.0, 0.0, 0.000765, 1.0, 0.0, 0.179686, 0.0, 0.0, 1.0, 0.0, 0.0, 0.0, 0.0, 1.0],
                [1.0, 0.0, 0.0, 0.0, 0.0, 1.0, 0.0, 0.179686, 0.0, 0.0, 1.0, 0.0, 0.0, 0.0, 0.0, 1.0],
                [1.0, 0.0, 0.0, 0.0, 0.0, 1.0, 0.0, 0.179686, 0.0, 0.0, 1.0, 0.0, 0.0, 0.0, 0.0, 1.0],
                [1.0, 0.0, 0.0, 0.0, 0.0, 1.0, 0.0, 0.179686, 0.0, 0.0, 1.0, 0.0, 0.0, 0.0, 0.0, 1.0],
                [1.0, 0.0, 0.0, 0.0, 0.0, 1.0, 0.0, 0.179686, 0.0, 0.0, 1.0, 0.0, 0.0, 0.0, 0.0, 1.0],
                [1.0, 0.0, 0.0, 0.0, 0.0, 1.0, 0.0, 0.179686, 0.0, 0.0, 1.0, 0.0, 0.0, 0.0, 0.0, 1.0],
                [0.999998, -0.001925, 0.0, 0.0, 0.001925, 0.999998, 0.0, 0.179686, 0.0, 0.0, 1.0, 0.0, 0.0, 0.0, 0.0, 1.0],
                [0.999976, -0.006879, 0.0, 0.0, 0.006879, 0.999976, 0.0, 0.179686, 0.0, 0.0, 1.0, 0.0, 0.0, 0.0, 0.0, 1.0],
                [0.999907, -0.013632, 0.0, 0.0, 0.013632, 0.999907, 0.0, 0.179686, 0.0, 0.0, 1.0, 0.0, 0.0, 0.0, 0.0, 1.0],
                [0.999777, -0.02113, 0.0, 0.0, 0.02113, 0.999777, 0.0, 0.179686, 0.0, 0.0, 1.0, 0.0, 0.0, 0.0, 0.0, 1.0],
                [0.999579, -0.029023, 0.0, 0.0, 0.029023, 0.999579, 0.0, 0.179686, 0.0, 0.0, 1.0, 0.0, 0.0, 0.0, 0.0, 1.0],
                [0.99931, -0.037136, 0.0, 0.0, 0.037136, 0.99931, 0.0, 0.179686, 0.0, 0.0, 1.0, 0.0, 0.0, 0.0, 0.0, 1.0],
                [0.998974, -0.045295, 0.0, 0.0, 0.045295, 0.998974, 0.0, 0.179686, 0.0, 0.0, 1.0, 0.0, 0.0, 0.0, 0.0, 1.0],
                [0.998577, -0.053327, 0.0, 0.0, 0.053327, 0.998577, 0.0, 0.179686, 0.0, 0.0, 1.0, 0.0, 0.0, 0.0, 0.0, 1.0],
                [0.998134, -0.061058, 0.0, 0.0, 0.061058, 0.998134, 0.0, 0.179686, 0.0, 0.0, 1.0, 0.0, 0.0, 0.0, 0.0, 1.0],
                [0.997664, -0.068314, 0.0, 0.0, 0.068314, 0.997664, 0.0, 0.179686, 0.0, 0.0, 1.0, 0.0, 0.0, 0.0, 0.0, 1.0],
                [0.997189, -0.074924, 0.0, 0.0, 0.074924, 0.997189, 0.0, 0.179686, 0.0, 0.0, 1.0, 0.0, 0.0, 0.0, 0.0, 1.0],
                [0.996737, -0.080716, 0.0, 0.0, 0.080716, 0.996737, 0.0, 0.179686, 0.0, 0.0, 1.0, 0.0, 0.0, 0.0, 0.0, 1.0],
                [0.996358, -0.085267, 0.0, 0.0, 0.085267, 0.996358, 0.0, 0.179686, 0.0, 0.0, 1.0, 0.0, 0.0, 0.0, 0.0, 1.0],
                [0.996195, -0.087156, 0.0, 0.0, 0.087156, 0.996195, 0.0, 0.179686, 0.0, 0.0, 1.0, 0.0, 0.0, 0.0, 0.0, 1.0],
                [0.996247, -0.086554, 0.0, 0.0, 0.086554, 0.996247, 0.0, 0.179686, 0.0, 0.0, 1.0, 0.0, 0.0, 0.0, 0.0, 1.0],
                [0.996398, -0.084799, 0.0, 0.0, 0.084799, 0.996398, 0.0, 0.179686, 0.0, 0.0, 1.0, 0.0, 0.0, 0.0, 0.0, 1.0],
                [0.996636, -0.081961, 0.0, 0.0, 0.081961, 0.996636, 0.0, 0.179686, 0.0, 0.0, 1.0, 0.0, 0.0, 0.0, 0.0, 1.0],
                [0.996944, -0.078113, 0.0, 0.0, 0.078113, 0.996944, 0.0, 0.179686, 0.0, 0.0, 1.0, 0.0, 0.0, 0.0, 0.0, 1.0],
                [0.997307, -0.073342, 0.0, 0.0, 0.073342, 0.997307, 0.0, 0.179686, 0.0, 0.0, 1.0, 0.0, 0.0, 0.0, 0.0, 1.0],
                [0.997699, -0.067797, 0.0, 0.0, 0.067797, 0.997699, 0.0, 0.179686, 0.0, 0.0, 1.0, 0.0, 0.0, 0.0, 0.0, 1.0],
                [0.998098, -0.061641, 0.0, 0.0, 0.061641, 0.998098, 0.0, 0.179686, 0.0, 0.0, 1.0, 0.0, 0.0, 0.0, 0.0, 1.0],
                [0.998484, -0.055038, 0.0, 0.0, 0.055038, 0.998484, 0.0, 0.179686, 0.0, 0.0, 1.0, 0.0, 0.0, 0.0, 0.0, 1.0],
                [0.99884, -0.048155, 0.0, 0.0, 0.048155, 0.99884, 0.0, 0.179686, 0.0, 0.0, 1.0, 0.0, 0.0, 0.0, 0.0, 1.0],
                [0.999153, -0.041155, 0.0, 0.0, 0.041155, 0.999153, 0.0, 0.179686, 0.0, 0.0, 1.0, 0.0, 0.0, 0.0, 0.0, 1.0],
                [0.999415, -0.034204, 0.0, 0.0, 0.034204, 0.999415, 0.0, 0.179686, 0.0, 0.0, 1.0, 0.0, 0.0, 0.0, 0.0, 1.0],
                [0.999623, -0.027468, 0.0, 0.0, 0.027468, 0.999623, 0.0, 0.179686, 0.0, 0.0, 1.0, 0.0, 0.0, 0.0, 0.0, 1.0],
                [0.999777, -0.021113, 0.0, 0.0, 0.021113, 0.999777, 0.0, 0.179686, 0.0, 0.0, 1.0, 0.0, 0.0, 0.0, 0.0, 1.0],
                [0.999883, -0.015304, 0.0, 0.0, 0.015304, 0.999883, 0.0, 0.179686, 0.0, 0.0, 1.0, 0.0, 0.0, 0.0, 0.0, 1.0],
                [0.999948, -0.010205, 0.0, 0.0, 0.010205, 0.999948, 0.0, 0.179686, 0.0, 0.0, 1.0, 0.0, 0.0, 0.0, 0.0, 1.0],
                [0.999982, -0.005971, 0.0, 0.0, 0.005971, 0.999982, 0.0, 0.179686, 0.0, 0.0, 1.0, 0.0, 0.0, 0.0, 0.0, 1.0],
                [0.999996, -0.002756, 0.0, 0.0, 0.002756, 0.999996, 0.0, 0.179686, 0.0, 0.0, 1.0, 0.0, 0.0, 0.0, 0.0, 1.0],
                [1.0, -0.000715, 0.0, 0.0, 0.000715, 1.0, 0.0, 0.179686, 0.0, 0.0, 1.0, 0.0, 0.0, 0.0, 0.0, 1.0],
                [1.0, 0.0, 0.0, 0.0, 0.0, 1.0, 0.0, 0.179686, 0.0, 0.0, 1.0, 0.0, 0.0, 0.0, 0.0, 1.0],
                [1.0, 0.0, 0.0, 0.0, 0.0, 1.0, 0.0, 0.179686, 0.0, 0.0, 1.0, 0.0, 0.0, 0.0, 0.0, 1.0]
            ]
        },
        {
            "name": "Chest",
            "time": [0.0, 0.0333, 0.0667, 0.1, 0.1333, 0.1667, 0.2, 0.2333, 0.2667, 0.3, 0.3333, 0.3667, 0.4, 0.4333, 0.4667, 0.5, 0.5333, 0.5667, 0.6, 0.6333, 0.6667, 0.7, 0.7333, 0.7667, 0.8, 0.8333, 0.8667, 0.9, 0.9333, 0.9667, 1.0, 1.0333, 1.0667, 1.1, 1.1333, 1.1667, 1.2, 1.2333, 1.2667, 1.3, 1.3333, 1.3667, 1.4, 1.4333, 1.4667, 1.5, 1.5333, 1.5667, 1.6, 1.6333, 1.6667, 1.7, 1.7333, 1.7667, 1.8, 1.8333, 1.8667, 1.9, 1.9333, 1.9667, 2.0, 2.0333, 2.0667, 2.1, 2.1333, 2.1667, 2.2, 2.2333, 2.2667, 2.3, 2.3333, 2.3667, 2.4, 2.4333, 2.4667, 2.5, 2.5333, 2.5667, 2.6, 2.6333, 2.6667, 2.7, 2.7333, 2.7667, 2.8, 2.8333, 2.8667, 2.9, 2.9333, 2.9667, 3.0, 3.0333, 3.0667, 3.1, 3.1333, 3.1667, 3.2, 3.2333, 3.2667, 3.3, 3.3333, 3.3667, 3.4, 3.4333, 3.4667, 3.5, 3.5333, 3.5667],
            "transform": [
                [1.0, 0.0, 0.0, 0.0, 0.0, 1.0, 0.0, 0.419268, 0.0, 0.0, 1.0, 0.0, 0.0, 0.0, 0.0, 1.0],
                [0.999994, 0.00343, 0.0, 0.0, -0.00343, 0.999994, 0.0, 0.419268, 0.0, 0.0, 1.0, 0.0, 0.0, 0.0, 0.0, 1.0],
                [0.999957, 0.009241, 0.0, 0.0, -0.009241, 0.999957, 0.0, 0.419268, 0.0, 0.0, 1.0, -0.0, 0.0, 0.0, 0.0, 1.0],
                [0.999859, 0.016808, 0.0, 0.0, -0.016808, 0.999859, 0.0, 0.419268, 0.0, 0.0, 1.0, -0.0, 0.0, 0.0, 0.0, 1.0],
                [0.999629, 0.027247, 0.0, 0.0, -0.027247, 0.999629, 0.0, 0.419268, 0.0, 0.0, 1.0, 0.0, 0.0, 0.0, 0.0, 1.0],
                [0.999146, 0.041311, 0.0, -0.0, -0.041311, 0.999146, 0.0, 0.419268, 0.0, 0.0, 1.0, 0.0, 0.0, 0.0, 0.0, 1.0],
                [0.9983, 0.058287, 0.0, -0.0, -0.058287, 0.9983, 0.0, 0.419268, 0.0, 0.0, 1.0, -0.0, 0.0, 0.0, 0.0, 1.0],
                [0.997024, 0.077094, 0.0, 0.0, -0.077094, 0.997024, 0.0, 0.419268, 0.0, 0.0, 1.0, 0.0, 0.0, 0.0, 0.0, 1.0],
                [0.995319, 0.096649, 0.0, 0.0, -0.096649, 0.995319, 0.0, 0.419268, 0.0, 0.0, 1.0, -0.0, 0.0, 0.0, 0.0, 1.0],
                [0.993264, 0.115873, 0.0, 0.0, -0.115873, 0.993264, 0.0, 0.419268, 0.0, 0.0, 1.0, 0.0, 0.0, 0.0, 0.0, 1.0],
                [0.991023, 0.133694, 0.0, -0.0, -0.133694, 0.991023, 0.0, 0.419268, 0.0, 0.0, 1.0, 0.0, 0.0, 0.0, 0.0, 1.0],
                [0.988829, 0.149056, 0.0, -0.0, -0.149056, 0.988829, 0.0, 0.419268, 0.0, 0.0, 1.0, 0.0, 0.0, 0.0, 0.0, 1.0],
                [0.986968, 0.160915, 0.0, -0.0, -0.160915, 0.986968, 0.0, 0.419268, 0.0, 0.0, 1.0, 0.0, 0.0, 0.0, 0.0, 1.0],
                [0.985693, 0.168554, 0.0, -0.0, -0.168554, 0.985693, 0.0, 0.419268, 0.0, 0.0, 1.0, 0.0, 0.0, 0.0, 0.0, 1.0],
                [0.985007, 0.172515, 0.0, -0.0, -0.172515, 0.985007, 0.0, 0.419268, 0.0, 0.0, 1.0, -0.0, 0.0, 0.0, 0.0, 1.0],
                [0.984808, 0.173648, 0.0, -0.0, -0.173648, 0.984808, 0.0, 0.419268, 0.0, 0.0, 1.0, 0.0, 0.0, 0.0, 0.0, 1.0],
                [0.985229, 0.171239, 0.0, -0.0, -0.171239, 0.985229, 0.0, 0.419268, 0.0, 0.0, 1.0, 0.0, 0.0, 0.0, 0.0, 1.0],
                [0.986318, 0.164856, 0.0, -0.0, -0.164856, 0.986318, 0.0, 0.419268, 0.0, 0.0, 1.0, 0.0, 0.0, 0.0, 0.0, 1.0],
                [0.987795, 0.155761, 0.0, -0.0, -0.155761, 0.987795, 0.0, 0.419268, 0.0, 0.0, 1.0, 0.0, 0.0, 0.0, 0.0, 1.0],
                [0.989423, 0.145056, 0.0, 0.0, -0.145056, 0.989423, 0.0, 0.419268, 0.0, 0.0, 1.0, 0.0, 0.0, 0.0, 0.0, 1.0],
                [0.991091, 0.133185, 0.0, 0.0, -0.133185, 0.991091, 0.0, 0.419268, 0.0, 0.0, 1.0, -0.0, 0.0, 0.0, 0.0, 1.0],
                [0.992722, 0.12043, 0.0, -0.0, -0.12043, 0.992722, 0.0, 0.419268, 0.0, 0.0, 1.0, 0.0, 0.0, 0.0, 0.0, 1.0],
                [0.994251, 0.107076, 0.0, 0.0, -0.107076, 0.994251, 0.0, 0.419268, 0.0, 0.0, 1.0, 0.0, 0.0, 0.0, 0.0, 1.0],
                [0.995628, 0.09341, 0.0, -0.0, -0.09341, 0.995628, 0.0, 0.419268, 0.0, 0.0, 1.0, -0.0, 0.0, 0.0, 0.0, 1.0],
                [0.996817, 0.079722, 0.0, 0.0, -0.079722, 0.996817, 0.0, 0.419268, 0.0, 0.0, 1.0, 0.0, 0.0, 0.0, 0.0, 1.0],
                [0.997799, 0.066304, 0.0, -0.0, -0.066304, 0.997799, 0.0, 0.419268, 0.0, 0.0, 1.0, 0.0, 0.0, 0.0, 0.0, 1.0],
                [0.998571, 0.053448, 0.0, 0.0, -0.053448, 0.998571, 0.0, 0.419268, 0.0, 0.0, 1.0, -0.0, 0.0, 0.0, 0.0, 1.0],
                [0.999141, 0.041446, 0.0, -0.0, -0.041446, 0.999141, 0.0, 0.419268, 0.0, 0.0, 1.0, 0.0, 0.0, 0.0, 0.0, 1.0],
                [0.999532, 0.030589, 0.0, 0.0, -0.030589, 0.999532, 0.0, 0.419268, 0.0, 0.0, 1.0, 0.0, 0.0, 0.0, 0.0, 1.0],
                [0.999777, 0.021133, 0.0, 0.0, -0.021133, 0.999777, 0.0, 0.419268, 0.0, 0.0, 1.0, 0.0, 0.0, 0.0, 0.0, 1.0],
                [0.999913, 0.013198, 0.0, -0.0, -0.013198, 0.999913, 0.0, 0.419268, 0.0, 0.0, 1.0, 0.0, 0.0, 0.0, 0.0, 1.0],
                [0.999976, 0.006866, 0.0, 0.0, -0.006866, 0.999976, 0.0, 0.419268, 0.0, 0.0, 1.0, 0.0, 0.0, 0.0, 0.0, 1.0],
                [0.999998, 0.002221, 0.0, 0.0, -0.002221, 0.999998, 0.0, 0.419268, 0.0, 0.0, 1.0, -0.0, 0.0, 0.0, 0.0, 1.0],
                [1.0, 0.0, 0.0, 0.0, 0.0, 1.0, 0.0, 0.419268, 0.0, 0.0, 1.0, 0.0, 0.0, 0.0, 0.0, 1.0],
                [1.0, 0.0, 0.0, 0.0, 0.0, 1.0, 0.0, 0.419268, 0.0, 0.0, 1.0, 0.0, 0.0, 0.0, 0.0, 1.0],
                [1.0, 0.0, 0.0, 0.0, 0.0, 1.0, 0.0, 0.419268, 0.0, 0.0, 1.0, 0.0, 0.0, 0.0, 0.0, 1.0],
                [1.0, 0.0, 0.0, 0.0, 0.0, 1.0, 0.0, 0.419268, 0.0, 0.0, 1.0, 0.0, 0.0, 0.0, 0.0, 1.0],
                [0.999999, 0.001608, 0.0, -0.0, -0.001608, 0.999999, 0.0, 0.419268, 0.0, 0.0, 1.0, -0.0, 0.0, 0.0, 0.0, 1.0],
                [0.999979, 0.006558, 0.0, 0.0, -0.006558, 0.999979, 0.0, 0.419268, 0.0, 0.0, 1.0, -0.0, 0.0, 0.0, 0.0, 1.0],
                [0.999887, 0.015041, 0.0, -0.0, -0.015041, 0.999887, 0.0, 0.419268, 0.0, 0.0, 1.0, 0.0, 0.0, 0.0, 0.0, 1.0],
                [0.999629, 0.027247, 0.0, 0.0, -0.027247, 0.999629, 0.0, 0.419268, 0.0, 0.0, 1.0, 0.0, 0.0, 0.0, 0.0, 1.0],
                [0.99907, 0.043114, 0.0, -0.0, -0.043114, 0.99907, 0.0, 0.419268, 0.0, 0.0, 1.0, 0.0, 0.0, 0.0, 0.0, 1.0],
                [0.998102, 0.061576, 0.0, 0.0, -0.061576, 0.998102, 0.0, 0.419268, 0.0, 0.0, 1.0, 0.0, 0.0, 0.0, 0.0, 1.0],
                [0.996689, 0.081311, 0.0, 0.0, -0.081311, 0.996689, 0.0, 0.419268, 0.0, 0.0, 1.0, 0.0, 0.0, 0.0, 0.0, 1.0],
                [0.994886, 0.101001, 0.0, -0.0, -0.101001, 0.994886, 0.0, 0.419268, 0.0, 0.0, 1.0, 0.0, 0.0, 0.0, 0.0, 1.0],
                [0.992854, 0.119334, 0.0, 0.0, -0.119334, 0.992854, 0.0, 0.419268, 0.0, 0.0, 1.0, 0.0, 0.0, 0.0, 0.0, 1.0],
                [0.990844, 0.135011, 0.0, 0.0, -0.135011, 0.990844, 0.0, 0.419268, 0.0, 0.0, 1.0, -0.0, 0.0, 0.0, 0.0, 1.0],
                [0.989174, 0.14675, 0.0, 0.0, -0.14675, 0.989174, 0.0, 0.419268, 0.0, 0.0, 1.0, 0.0, 0.0, 0.0, 0.0, 1.0],
                [0.988035, 0.154229, 0.0, 0.0, -0.154229, 0.988035, 0.0, 0.419268, 0.0, 0.0, 1.0, 0.0, 0.0, 0.0, 0.0, 1.0],
                [0.986968, 0.160915, 0.0, -0.0, -0.160915, 0.986968, 0.0, 0.419268, 0.0, 0.0, 1.0, 0.0, 0.0, 0.0, 0.0, 1.0],
                [0.985578, 0.169222, 0.0, -0.0, -0.169222, 0.985578, 0.0, 0.419268, 0.0, 0.0, 1.0, -0.0, 0.0, 0.0, 0.0, 1.0],
                [0.984808, 0.173648, 0.0, -0.0, -0.173648, 0.984808, 0.0, 0.419268, 0.0, 0.0, 1.0, 0.0, 0.0, 0.0, 0.0, 1.0],
                [0.985191, 0.171461, 0.0, -0.0, -0.171461, 0.985191, 0.0, 0.419267, 0.0, 0.0, 1.0, 0.0, 0.0, 0.0, 0.0, 1.0],
                [0.985766, 0.168121, 0.0, -0.0, -0.168121, 0.985766, 0.0, 0.419268, 0.0, 0.0, 1.0, 0.0, 0.0, 0.0, 0.0, 1.0],
                [0.986554, 0.163433, 0.0, -0.0, -0.163433, 0.986554, 0.0, 0.419268, 0.0, 0.0, 1.0, 0.0, 0.0, 0.0, 0.0, 1.0],
                [0.987795, 0.155761, 0.0, -0.0, -0.155761, 0.987795, 0.0, 0.419268, 0.0, 0.0, 1.0, 0.0, 0.0, 0.0, 0.0, 1.0],
                [0.989581, 0.143978, 0.0, 0.0, -0.143978, 0.989581, 0.0, 0.419268, 0.0, 0.0, 1.0, 0.0, 0.0, 0.0, 0.0, 1.0],
                [0.991637, 0.129056, 0.0, 0.0, -0.129056, 0.991637, 0.0, 0.419268, 0.0, 0.0, 1.0, 0.0, 0.0, 0.0, 0.0, 1.0],
                [0.993652, 0.112501, 0.0, 0.0, -0.112501, 0.993652, 0.0, 0.419268, 0.0, 0.0, 1.0, 0.0, 0.0, 0.0, 0.0, 1.0],
                [0.995397, 0.095838, 0.0, 0.0, -0.095838, 0.995397, 0.0, 0.419268, 0.0, 0.0, 1.0, -0.0, 0.0, 0.0, 0.0, 1.0],
                [0.996768, 0.080331, 0.0, 0.0, -0.080331, 0.996768, 0.0, 0.419268, 0.0, 0.0, 1.0, -0.0, 0.0, 0.0, 0.0, 1.0],
                [0.997809, 0.066154, 0.0, -0.0, -0.066154, 0.997809, 0.0, 0.419268, 0.0, 0.0, 1.0, -0.0, 0.0, 0.0, 0.0, 1.0],
                [0.998584, 0.053207, 0.0, 0.0, -0.053207, 0.998584, 0.0, 0.419268, 0.0, 0.0, 1.0, 0.0, 0.0, 0.0, 0.0, 1.0],
                [0.999143, 0.041387, 0.0, -0.0, -0.041387, 0.999143, 0.0, 0.419268, 0.0, 0.0, 1.0, 0.0, 0.0, 0.0, 0.0, 1.0],
                [0.999532, 0.030589, 0.0, 0.0, -0.030589, 0.999532, 0.0, 0.419268, 0.0, 0.0, 1.0, 0.0, 0.0, 0.0, 0.0, 1.0],
                [0.999784, 0.0208, 0.0, 0.0, -0.0208, 0.999784, 0.0, 0.419268, 0.0, 0.0, 1.0, -0.0, 0.0, 0.0, 0.0, 1.0],
                [0.999923, 0.012388, 0.0, 0.0, -0.012388, 0.999923, 0.0, 0.419268, 0.0, 0.0, 1.0, 0.0, 0.0, 0.0, 0.0, 1.0],
                [0.999983, 0.005811, 0.0, -0.0, -0.005811, 0.999983, 0.0, 0.419268, 0.0, 0.0, 1.0, -0.0, 0.0, 0.0, 0.0, 1.0],
                [0.999999, 0.001529, 0.0, -0.0, -0.001529, 0.999999, 0.0, 0.419268, 0.0, 0.0, 1.0, 0.0, 0.0, 0.0, 0.0, 1.0],
                [1.0, 0.0, 0.0, 0.0, 0.0, 1.0, 0.0, 0.419268, 0.0, 0.0, 1.0, 0.0, 0.0, 0.0, 0.0, 1.0],
                [1.0, 0.0, 0.0, 0.0, 0.0, 1.0, 0.0, 0.419268, 0.0, 0.0, 1.0, 0.0, 0.0, 0.0, 0.0, 1.0],
                [1.0, 0.0, 0.0, 0.0, 0.0, 1.0, 0.0, 0.419268, 0.0, 0.0, 1.0, 0.0, 0.0, 0.0, 0.0, 1.0],
                [1.0, 0.0, 0.0, 0.0, 0.0, 1.0, 0.0, 0.419268, 0.0, 0.0, 1.0, 0.0, 0.0, 0.0, 0.0, 1.0],
                [1.0, 0.0, 0.0, 0.0, 0.0, 1.0, 0.0, 0.419268, 0.0, 0.0, 1.0, 0.0, 0.0, 0.0, 0.0, 1.0],
                [0.999993, 0.003846, 0.0, -0.0, -0.003846, 0.999993, 0.0, 0.419268, 0.0, 0.0, 1.0, -0.0, 0.0, 0.0, 0.0, 1.0],
                [0.999906, 0.013748, 0.0, -0.0, -0.013748, 0.999906, 0.0, 0.419268, 0.0, 0.0, 1.0, 0.0, 0.0, 0.0, 0.0, 1.0],
                [0.999629, 0.027247, 0.0, 0.0, -0.027247, 0.999629, 0.0, 0.419268, 0.0, 0.0, 1.0, 0.0, 0.0, 0.0, 0.0, 1.0],
                [0.999108, 0.042236, 0.0, -0.0, -0.042236, 0.999108, 0.0, 0.419268, 0.0, 0.0, 1.0, 0.0, 0.0, 0.0, 0.0, 1.0],
                [0.998316, 0.058009, 0.0, -0.0, -0.058009, 0.998316, 0.0, 0.419268, 0.0, 0.0, 1.0, 0.0, 0.0, 0.0, 0.0, 1.0],
                [0.997242, 0.074214, 0.0, -0.0, -0.074214, 0.997242, 0.0, 0.419268, 0.0, 0.0, 1.0, 0.0, 0.0, 0.0, 0.0, 1.0],
                [0.995897, 0.090499, 0.0, -0.0, -0.090499, 0.995897, 0.0, 0.419268, 0.0, 0.0, 1.0, 0.0, 0.0, 0.0, 0.0, 1.0],
                [0.994312, 0.106511, 0.0, 0.0, -0.106511, 0.994312, 0.0, 0.419268, 0.0, 0.0, 1.0, 0.0, 0.0, 0.0, 0.0, 1.0],
                [0.992542, 0.121901, 0.0, 0.0, -0.121901, 0.992542, 0.0, 0.419268, 0.0, 0.0, 1.0, 0.0, 0.0, 0.0, 0.0, 1.0],
                [0.990664, 0.136325, 0.0, 0.0, -0.136325, 0.990664, 0.0, 0.419268, 0.0, 0.0, 1.0, 0.0, 0.0, 0.0, 0.0, 1.0],
                [0.988771, 0.149442, 0.0, -0.0, -0.149442, 0.988771, 0.0, 0.419268, 0.0, 0.0, 1.0, 0.0, 0.0, 0.0, 0.0, 1.0],
                [0.986968, 0.160915, 0.0, -0.0, -0.160915, 0.986968, 0.0, 0.419268, 0.0, 0.0, 1.0, 0.0, 0.0, 0.0, 0.0, 1.0],
                [0.985458, 0.169917, 0.0, -0.0, -0.169917, 0.985458, 0.0, 0.419268, 0.0, 0.0, 1.0, 0.0, 0.0, 0.0, 0.0, 1.0],
                [0.984808, 0.173648, 0.0, -0.0, -0.173648, 0.984808, 0.0, 0.419268, 0.0, 0.0, 1.0, 0.0, 0.0, 0.0, 0.0, 1.0],
                [0.985016, 0.17246, 0.0, -0.0, -0.17246, 0.985016, 0.0, 0.419268, 0.0, 0.0, 1.0, -0.0, 0.0, 0.0, 0.0, 1.0],
                [0.985618, 0.168991, 0.0, -0.0, -0.168991, 0.985618, 0.0, 0.419268, 0.0, 0.0, 1.0, 0.0, 0.0, 0.0, 0.0, 1.0],
                [0.986563, 0.163379, 0.0, -0.0, -0.163379, 0.986563, 0.0, 0.419268, 0.0, 0.0, 1.0, -0.0, 0.0, 0.0, 0.0, 1.0],
                [0.987795, 0.155761, 0.0, -0.0, -0.155761, 0.987795, 0.0, 0.419268, 0.0, 0.0, 1.0, 0.0, 0.0, 0.0, 0.0, 1.0],
                [0.98924, 0.146304, 0.0, 0.0, -0.146304, 0.98924, 0.0, 0.419268, 0.0, 0.0, 1.0, 0.0, 0.0, 0.0, 0.0, 1.0],
                [0.990805, 0.135297, 0.0, 0.0, -0.135297, 0.990805, 0.0, 0.419268, 0.0, 0.0, 1.0, 0.0, 0.0, 0.0, 0.0, 1.0],
                [0.992399, 0.123061, 0.0, 0.0, -0.123061, 0.992399, 0.0, 0.419268, 0.0, 0.0, 1.0, 0.0, 0.0, 0.0, 0.0, 1.0],
                [0.99394, 0.10992, 0.0, 0.0, -0.10992, 0.99394, 0.0, 0.419268, 0.0, 0.0, 1.0, 0.0, 0.0, 0.0, 0.0, 1.0],
                [0.995362, 0.096202, 0.0, 0.0, -0.096202, 0.995362, 0.0, 0.419268, 0.0, 0.0, 1.0, 0.0, 0.0, 0.0, 0.0, 1.0],
                [0.996613, 0.082238, 0.0, 0.0, -0.082238, 0.996613, 0.0, 0.419268, 0.0, 0.0, 1.0, 0.0, 0.0, 0.0, 0.0, 1.0],
                [0.997661, 0.06836, 0.0, -0.0, -0.06836, 0.997661, 0.0, 0.419268, 0.0, 0.0, 1.0, 0.0, 0.0, 0.0, 0.0, 1.0],
                [0.998492, 0.054903, 0.0, 0.0, -0.054903, 0.998492, 0.0, 0.419268, 0.0, 0.0, 1.0, 0.0, 0.0, 0.0, 0.0, 1.0],
                [0.999109, 0.042201, 0.0, -0.0, -0.042201, 0.999109, 0.0, 0.419268, 0.0, 0.0, 1.0, 0.0, 0.0, 0.0, 0.0, 1.0],
                [0.999532, 0.030589, 0.0, 0.0, -0.030589, 0.999532, 0.0, 0.419268, 0.0, 0.0, 1.0, 0.0, 0.0, 0.0, 0.0, 1.0],
                [0.999792, 0.020395, 0.0, 0.0, -0.020395, 0.999792, 0.0, 0.419268, 0.0, 0.0, 1.0, -0.0, 0.0, 0.0, 0.0, 1.0],
                [0.999929, 0.011932, 0.0, -0.0, -0.011932, 0.999929, 0.0, 0.419268, 0.0, 0.0, 1.0, -0.0, 0.0, 0.0, 0.0, 1.0],
                [0.999985, 0.005507, 0.0, 0.0, -0.005507, 0.999985, 0.0, 0.419268, 0.0, 0.0, 1.0, -0.0, 0.0, 0.0, 0.0, 1.0],
                [0.999999, 0.001428, 0.0, 0.0, -0.001428, 0.999999, 0.0, 0.419268, 0.0, 0.0, 1.0, 0.0, 0.0, 0.0, 0.0, 1.0],
                [1.0, 0.0, 0.0, 0.0, 0.0, 1.0, 0.0, 0.419268, 0.0, 0.0, 1.0, 0.0, 0.0, 0.0, 0.0, 1.0],
                [1.0, 0.0, 0.0, 0.0, 0.0, 1.0, 0.0, 0.419268, 0.0, 0.0, 1.0, 0.0, 0.0, 0.0, 0.0, 1.0]
            ]
        },
        {
            "name": "Shoulder_FR",
            "time": [0.0, 0.0333, 0.0667, 0.1, 0.1333, 0.1667, 0.2, 0.2333, 0.2667, 0.3, 0.3333, 0.3667, 0.4, 0.4333, 0.4667, 0.5, 0.5333, 0.5667, 0.6, 0.6333, 0.6667, 0.7, 0.7333, 0.7667, 0.8, 0.8333, 0.8667, 0.9, 0.9333, 0.9667, 1.0, 1.0333, 1.0667, 1.1, 1.1333, 1.1667, 1.2, 1.2333, 1.2667, 1.3, 1.3333, 1.3667, 1.4, 1.4333, 1.4667, 1.5, 1.5333, 1.5667, 1.6, 1.6333, 1.6667, 1.7, 1.7333, 1.7667, 1.8, 1.8333, 1.8667, 1.9, 1.9333, 1.9667, 2.0, 2.0333, 2.0667, 2.1, 2.1333, 2.1667, 2.2, 2.2333, 2.2667, 2.3, 2.3333, 2.3667, 2.4, 2.4333, 3.5667],
            "transform": [
                [0.333958, 0.478972, 0.811824, 0.0, -0.924808, 1e-06, 0.380435, 0.299477, 0.182218, -0.87783, 0.442958, 0.0, 0.0, 0.0, 0.0, 1.0],
                [0.333958, 0.478972, 0.811824, 0.0, -0.924808, 1e-06, 0.380435, 0.299477, 0.182218, -0.87783, 0.442958, 0.0, 0.0, 0.0, 0.0, 1.0],
                [0.333958, 0.478972, 0.811824, 0.0, -0.924807, 1e-06, 0.380435, 0.299477, 0.182218, -0.87783, 0.442958, -0.0, 0.0, 0.0, 0.0, 1.0],
                [0.333958, 0.478972, 0.811824, -0.0, -0.924808, 1e-06, 0.380435, 0.299477, 0.182218, -0.87783, 0.442958, 0.0, 0.0, 0.0, 0.0, 1.0],
                [0.333958, 0.478972, 0.811824, -0.0, -0.924808, 1e-06, 0.380435, 0.299477, 0.182218, -0.87783, 0.442958, 0.0, 0.0, 0.0, 0.0, 1.0],
                [0.333958, 0.478972, 0.811824, 0.0, -0.924807, 1e-06, 0.380435, 0.299477, 0.182218, -0.87783, 0.442958, 0.0, 0.0, 0.0, 0.0, 1.0],
                [0.333958, 0.478973, 0.811824, 0.0, -0.924808, 1e-06, 0.380435, 0.299477, 0.182218, -0.87783, 0.442958, 0.0, 0.0, 0.0, 0.0, 1.0],
                [0.333958, 0.478972, 0.811824, 0.0, -0.924808, 1e-06, 0.380435, 0.299477, 0.182218, -0.87783, 0.442958, -0.0, 0.0, 0.0, 0.0, 1.0],
                [0.333958, 0.478972, 0.811824, 0.0, -0.924807, 1e-06, 0.380435, 0.299477, 0.182218, -0.87783, 0.442958, 0.0, 0.0, 0.0, 0.0, 1.0],
                [0.333958, 0.478972, 0.811824, 0.0, -0.924807, 1e-06, 0.380435, 0.299477, 0.182218, -0.87783, 0.442958, 0.0, 0.0, 0.0, 0.0, 1.0],
                [0.333958, 0.478972, 0.811824, -0.0, -0.924807, 1e-06, 0.380435, 0.299477, 0.182218, -0.87783, 0.442958, 0.0, 0.0, 0.0, 0.0, 1.0],
                [0.333958, 0.478972, 0.811824, 0.0, -0.924808, 1e-06, 0.380435, 0.299477, 0.182218, -0.87783, 0.442958, 0.0, 0.0, 0.0, 0.0, 1.0],
                [0.333958, 0.478973, 0.811824, -0.0, -0.924808, 1e-06, 0.380435, 0.299477, 0.182218, -0.87783, 0.442958, 0.0, 0.0, 0.0, 0.0, 1.0],
                [0.333958, 0.478973, 0.811824, -0.0, -0.924808, 1e-06, 0.380435, 0.299477, 0.182218, -0.87783, 0.442958, -0.0, 0.0, 0.0, 0.0, 1.0],
                [0.333958, 0.478972, 0.811824, -0.0, -0.924808, 1e-06, 0.380435, 0.299477, 0.182218, -0.87783, 0.442958, 0.0, 0.0, 0.0, 0.0, 1.0],
                [0.333958, 0.478973, 0.811824, 0.0, -0.924808, 1e-06, 0.380435, 0.299477, 0.182218, -0.87783, 0.442958, 0.0, 0.0, 0.0, 0.0, 1.0],
                [0.333958, 0.478972, 0.811824, 0.0, -0.924807, 1e-06, 0.380435, 0.299477, 0.182218, -0.87783, 0.442958, 0.0, 0.0, 0.0, 0.0, 1.0],
                [0.333958, 0.478973, 0.811824, 0.0, -0.924808, 1e-06, 0.380435, 0.299477, 0.182218, -0.87783, 0.442958, -0.0, 0.0, 0.0, 0.0, 1.0],
                [0.333958, 0.478973, 0.811824, 0.0, -0.924808, 1e-06, 0.380435, 0.299477, 0.182218, -0.87783, 0.442958, 0.0, 0.0, 0.0, 0.0, 1.0],
                [0.333958, 0.478972, 0.811824, -0.0, -0.924808, 1e-06, 0.380435, 0.299477, 0.182218, -0.87783, 0.442958, 0.0, 0.0, 0.0, 0.0, 1.0],
                [0.333958, 0.478972, 0.811824, -0.0, -0.924808, 1e-06, 0.380435, 0.299477, 0.182218, -0.87783, 0.442958, -0.0, 0.0, 0.0, 0.0, 1.0],
                [0.333958, 0.478972, 0.811824, 0.0, -0.924807, 1e-06, 0.380435, 0.299477, 0.182218, -0.87783, 0.442958, 0.0, 0.0, 0.0, 0.0, 1.0],
                [0.333958, 0.478972, 0.811824, 0.0, -0.924808, 1e-06, 0.380435, 0.299477, 0.182218, -0.87783, 0.442958, 0.0, 0.0, 0.0, 0.0, 1.0],
                [0.333958, 0.478972, 0.811824, -0.0, -0.924808, 1e-06, 0.380435, 0.299477, 0.182218, -0.87783, 0.442958, 0.0, 0.0, 0.0, 0.0, 1.0],
                [0.333958, 0.478973, 0.811824, 0.0, -0.924808, 1e-06, 0.380435, 0.299477, 0.182218, -0.87783, 0.442958, 0.0, 0.0, 0.0, 0.0, 1.0],
                [0.333958, 0.478973, 0.811824, -0.0, -0.924808, 1e-06, 0.380435, 0.299477, 0.182218, -0.87783, 0.442958, -0.0, 0.0, 0.0, 0.0, 1.0],
                [0.333958, 0.478973, 0.811824, -0.0, -0.924808, 1e-06, 0.380435, 0.299477, 0.182218, -0.87783, 0.442958, 0.0, 0.0, 0.0, 0.0, 1.0],
                [0.333958, 0.478972, 0.811824, -0.0, -0.924808, 1e-06, 0.380435, 0.299477, 0.182218, -0.87783, 0.442958, -0.0, 0.0, 0.0, 0.0, 1.0],
                [0.333958, 0.478972, 0.811824, 0.0, -0.924808, 1e-06, 0.380435, 0.299477, 0.182218, -0.87783, 0.442958, -0.0, 0.0, 0.0, 0.0, 1.0],
                [0.333958, 0.478972, 0.811824, 0.0, -0.924808, 1e-06, 0.380435, 0.299477, 0.182218, -0.87783, 0.442958, -0.0, 0.0, 0.0, 0.0, 1.0],
                [0.333958, 0.478972, 0.811824, 0.0, -0.924808, 1e-06, 0.380435, 0.299477, 0.182218, -0.87783, 0.442958, 0.0, 0.0, 0.0, 0.0, 1.0],
                [0.333958, 0.478972, 0.811824, 0.0, -0.924807, 1e-06, 0.380435, 0.299477, 0.182218, -0.87783, 0.442958, -0.0, 0.0, 0.0, 0.0, 1.0],
                [0.333958, 0.478972, 0.811824, 0.0, -0.924808, 1e-06, 0.380435, 0.299477, 0.182218, -0.87783, 0.442958, -0.0, 0.0, 0.0, 0.0, 1.0],
                [0.333958, 0.478972, 0.811824, 0.0, -0.924808, 1e-06, 0.380435, 0.299477, 0.182218, -0.87783, 0.442958, 0.0, 0.0, 0.0, 0.0, 1.0],
                [0.333958, 0.478972, 0.811824, 0.0, -0.924808, 1e-06, 0.380435, 0.299477, 0.182218, -0.87783, 0.442958, 0.0, 0.0, 0.0, 0.0, 1.0],
                [0.333958, 0.478972, 0.811824, 0.0, -0.924808, 1e-06, 0.380435, 0.299477, 0.182218, -0.87783, 0.442958, 0.0, 0.0, 0.0, 0.0, 1.0],
                [0.333958, 0.478972, 0.811824, 0.0, -0.924808, 1e-06, 0.380435, 0.299477, 0.182218, -0.87783, 0.442958, 0.0, 0.0, 0.0, 0.0, 1.0],
                [0.333958, 0.478972, 0.811824, 0.0, -0.924808, 1e-06, 0.380435, 0.299477, 0.182218, -0.87783, 0.442958, -0.0, 0.0, 0.0, 0.0, 1.0],
                [0.333958, 0.478972, 0.811824, 0.0, -0.924808, 1e-06, 0.380435, 0.299477, 0.182218, -0.87783, 0.442958, -0.0, 0.0, 0.0, 0.0, 1.0],
                [0.333958, 0.478972, 0.811824, 0.0, -0.924807, 1e-06, 0.380435, 0.299477, 0.182218, -0.87783, 0.442958, 0.0, 0.0, 0.0, 0.0, 1.0],
                [0.333958, 0.478972, 0.811824, -0.0, -0.924808, 1e-06, 0.380435, 0.299477, 0.182218, -0.87783, 0.442958, 0.0, 0.0, 0.0, 0.0, 1.0],
                [0.333958, 0.478972, 0.811824, -0.0, -0.924807, 1e-06, 0.380435, 0.299477, 0.182218, -0.87783, 0.442958, 0.0, 0.0, 0.0, 0.0, 1.0],
                [0.333958, 0.478972, 0.811824, -0.0, -0.924808, 1e-06, 0.380435, 0.299477, 0.182218, -0.87783, 0.442958, 0.0, 0.0, 0.0, 0.0, 1.0],
                [0.333958, 0.478972, 0.811824, -0.0, -0.924808, 1e-06, 0.380435, 0.299477, 0.182218, -0.87783, 0.442958, -0.0, 0.0, 0.0, 0.0, 1.0],
                [0.333958, 0.478973, 0.811824, 0.0, -0.924808, 1e-06, 0.380435, 0.299477, 0.182218, -0.87783, 0.442958, -0.0, 0.0, 0.0, 0.0, 1.0],
                [0.333958, 0.478972, 0.811824, 0.0, -0.924808, 1e-06, 0.380435, 0.299477, 0.182218, -0.87783, 0.442958, 0.0, 0.0, 0.0, 0.0, 1.0],
                [0.333958, 0.478972, 0.811824, -0.0, -0.924808, 1e-06, 0.380435, 0.299477, 0.182218, -0.87783, 0.442958, -0.0, 0.0, 0.0, 0.0, 1.0],
                [0.333958, 0.478973, 0.811824, -0.0, -0.924808, 1e-06, 0.380435, 0.299477, 0.182218, -0.87783, 0.442958, -0.0, 0.0, 0.0, 0.0, 1.0],
                [0.333958, 0.478972, 0.811824, 0.0, -0.924808, 1e-06, 0.380435, 0.299477, 0.182218, -0.87783, 0.442958, -0.0, 0.0, 0.0, 0.0, 1.0],
                [0.333958, 0.478973, 0.811824, -0.0, -0.924808, 1e-06, 0.380435, 0.299477, 0.182218, -0.87783, 0.442958, 0.0, 0.0, 0.0, 0.0, 1.0],
                [0.333958, 0.478972, 0.811824, 0.0, -0.924808, 1e-06, 0.380435, 0.299477, 0.182218, -0.87783, 0.442958, -0.0, 0.0, 0.0, 0.0, 1.0],
                [0.333958, 0.478973, 0.811824, 0.0, -0.924808, 1e-06, 0.380435, 0.299477, 0.182218, -0.87783, 0.442958, 0.0, 0.0, 0.0, 0.0, 1.0],
                [0.333958, 0.478972, 0.811824, -0.0, -0.924808, 1e-06, 0.380435, 0.299477, 0.182218, -0.87783, 0.442958, 0.0, 0.0, 0.0, 0.0, 1.0],
                [0.333958, 0.478972, 0.811824, -0.0, -0.924807, 1e-06, 0.380435, 0.299477, 0.182218, -0.87783, 0.442958, 0.0, 0.0, 0.0, 0.0, 1.0],
                [0.333958, 0.478973, 0.811824, 0.0, -0.924808, 1e-06, 0.380435, 0.299477, 0.182218, -0.87783, 0.442958, -0.0, 0.0, 0.0, 0.0, 1.0],
                [0.333958, 0.478973, 0.811824, 0.0, -0.924808, 1e-06, 0.380435, 0.299477, 0.182218, -0.87783, 0.442958, 0.0, 0.0, 0.0, 0.0, 1.0],
                [0.333958, 0.478972, 0.811824, 0.0, -0.924808, 1e-06, 0.380435, 0.299477, 0.182218, -0.87783, 0.442958, -0.0, 0.0, 0.0, 0.0, 1.0],
                [0.333958, 0.478972, 0.811824, -0.0, -0.924808, 1e-06, 0.380435, 0.299477, 0.182218, -0.87783, 0.442958, 0.0, 0.0, 0.0, 0.0, 1.0],
                [0.333958, 0.478972, 0.811824, -0.0, -0.924808, 1e-06, 0.380435, 0.299477, 0.182218, -0.87783, 0.442958, -0.0, 0.0, 0.0, 0.0, 1.0],
                [0.333958, 0.478973, 0.811824, -0.0, -0.924808, 1e-06, 0.380435, 0.299477, 0.182218, -0.87783, 0.442958, -0.0, 0.0, 0.0, 0.0, 1.0],
                [0.333958, 0.478973, 0.811824, 0.0, -0.924808, 1e-06, 0.380435, 0.299477, 0.182218, -0.87783, 0.442958, -0.0, 0.0, 0.0, 0.0, 1.0],
                [0.333958, 0.478972, 0.811824, -0.0, -0.924807, 1e-06, 0.380435, 0.299477, 0.182218, -0.87783, 0.442958, 0.0, 0.0, 0.0, 0.0, 1.0],
                [0.333958, 0.478973, 0.811824, -0.0, -0.924808, 1e-06, 0.380435, 0.299477, 0.182218, -0.87783, 0.442958, 0.0, 0.0, 0.0, 0.0, 1.0],
                [0.333958, 0.478972, 0.811824, -0.0, -0.924808, 1e-06, 0.380435, 0.299477, 0.182218, -0.87783, 0.442958, 0.0, 0.0, 0.0, 0.0, 1.0],
                [0.333958, 0.478972, 0.811824, 0.0, -0.924808, 1e-06, 0.380435, 0.299477, 0.182218, -0.87783, 0.442958, -0.0, 0.0, 0.0, 0.0, 1.0],
                [0.333958, 0.478972, 0.811824, 0.0, -0.924807, 1e-06, 0.380435, 0.299477, 0.182218, -0.87783, 0.442958, 0.0, 0.0, 0.0, 0.0, 1.0],
                [0.333958, 0.478973, 0.811824, 0.0, -0.924808, 1e-06, 0.380435, 0.299477, 0.182218, -0.87783, 0.442958, -0.0, 0.0, 0.0, 0.0, 1.0],
                [0.333958, 0.478972, 0.811824, -0.0, -0.924807, 1e-06, 0.380435, 0.299477, 0.182218, -0.87783, 0.442958, 0.0, 0.0, 0.0, 0.0, 1.0],
                [0.333958, 0.478972, 0.811824, 0.0, -0.924807, 1e-06, 0.380435, 0.299477, 0.182218, -0.87783, 0.442958, 0.0, 0.0, 0.0, 0.0, 1.0],
                [0.333958, 0.478972, 0.811824, 0.0, -0.924808, 1e-06, 0.380435, 0.299477, 0.182218, -0.87783, 0.442958, 0.0, 0.0, 0.0, 0.0, 1.0],
                [0.333958, 0.478972, 0.811824, 0.0, -0.924808, 1e-06, 0.380435, 0.299477, 0.182218, -0.87783, 0.442958, 0.0, 0.0, 0.0, 0.0, 1.0],
                [0.333958, 0.478972, 0.811824, 0.0, -0.924808, 1e-06, 0.380435, 0.299477, 0.182218, -0.87783, 0.442958, 0.0, 0.0, 0.0, 0.0, 1.0],
                [0.333958, 0.478972, 0.811824, 0.0, -0.924808, 1e-06, 0.380435, 0.299477, 0.182218, -0.87783, 0.442958, 0.0, 0.0, 0.0, 0.0, 1.0],
                [0.333958, 0.478972, 0.811824, 0.0, -0.924808, 1e-06, 0.380435, 0.299477, 0.182218, -0.87783, 0.442958, 0.0, 0.0, 0.0, 0.0, 1.0],
                [0.333958, 0.478972, 0.811824, 0.0, -0.924808, 1e-06, 0.380435, 0.299477, 0.182218, -0.87783, 0.442958, 0.0, 0.0, 0.0, 0.0, 1.0]
