{
    "animation": [
        {
            "name": "Root",
            "time": [0.0, 0.0333, 0.0667, 0.1, 0.1333, 0.1667, 0.2, 0.2333, 0.2667, 0.3, 0.3333, 0.3667, 0.4, 0.4333, 0.4667, 0.5, 0.5333, 0.5667, 0.6, 0.6333, 0.6667, 0.7, 0.7333, 0.7667, 0.8, 0.8333, 0.8667, 0.9, 0.9333, 0.9667, 1.0, 1.0333, 1.0667, 1.1, 1.1333, 1.1667, 1.2, 1.2333, 1.2667, 1.3, 1.3333, 1.8],
            "transform": [
                [1.0, 0.0, 0.0, -0.000507, 0.0, 1.0, 0.0, -0.523665, 0.0, 0.0, 1.0, 0.626391, 0.0, 0.0, 0.0, 1.0],
                [1.0, 0.0, 0.0, -0.000507, 0.0, 1.0, 0.000851, -0.523665, 0.0, -0.000851, 1.0, 0.626391, 0.0, 0.0, 0.0, 1.0],
                [1.0, 0.0, 0.0, -0.000507, 0.0, 0.999995, 0.003184, -0.523665, 0.0, -0.003184, 0.999995, 0.626391, 0.0, 0.0, 0.0, 1.0],
                [1.0, 0.0, 0.0, -0.000507, 0.0, 0.999978, 0.00667, -0.523665, 0.0, -0.00667, 0.999978, 0.626391, 0.0, 0.0, 0.0, 1.0],
                [1.0, 0.0, 0.0, -0.000507, 0.0, 0.99994, 0.01098, -0.523665, 0.0, -0.01098, 0.99994, 0.626391, 0.0, 0.0, 0.0, 1.0],
                [1.0, 0.0, 0.0, -0.000507, 0.0, 0.999875, 0.015783, -0.523665, 0.0, -0.015783, 0.999875, 0.626391, 0.0, 0.0, 0.0, 1.0],
                [1.0, 0.0, 0.0, -0.000507, 0.0, 0.999785, 0.020751, -0.523665, 0.0, -0.020751, 0.999785, 0.626391, 0.0, 0.0, 0.0, 1.0],
                [1.0, 0.0, 0.0, -0.000507, 0.0, 0.999673, 0.025554, -0.523665, 0.0, -0.025554, 0.999673, 0.626391, 0.0, 0.0, 0.0, 1.0],
                [1.0, 0.0, 0.0, -0.000507, 0.0, 0.999554, 0.029862, -0.523665, 0.0, -0.029862, 0.999554, 0.626391, 0.0, 0.0, 0.0, 1.0],
                [1.0, 0.0, 0.0, -0.000507, 0.0, 0.999444, 0.033346, -0.523665, 0.0, -0.033346, 0.999444, 0.626391, 0.0, 0.0, 0.0, 1.0],
                [1.0, 0.0, 0.0, -0.000507, 0.0, 0.999363, 0.035678, -0.523665, 0.0, -0.035678, 0.999363, 0.626391, 0.0, 0.0, 0.0, 1.0],
                [1.0, 0.0, 0.0, -0.000507, 0.0, 0.999333, 0.036528, -0.523665, 0.0, -0.036528, 0.999333, 0.626391, 0.0, 0.0, 0.0, 1.0],
                [1.0, 0.0, 0.0, -0.000507, 0.0, 0.999333, 0.036528, -0.523665, 0.0, -0.036528, 0.999333, 0.626391, 0.0, 0.0, 0.0, 1.0],
                [1.0, 0.0, 0.0, -0.000507, 0.0, 0.999333, 0.036528, -0.523665, 0.0, -0.036528, 0.999333, 0.626391, 0.0, 0.0, 0.0, 1.0],
                [1.0, 0.0, 0.0, -0.000507, 0.0, 0.999333, 0.036528, -0.523665, 0.0, -0.036528, 0.999333, 0.626391, 0.0, 0.0, 0.0, 1.0],
                [1.0, 0.0, 0.0, -0.000507, 0.0, 0.999333, 0.036528, -0.523665, 0.0, -0.036528, 0.999333, 0.626391, 0.0, 0.0, 0.0, 1.0],
                [1.0, 0.0, 0.0, -0.000507, 0.0, 0.999333, 0.036528, -0.523665, 0.0, -0.036528, 0.999333, 0.626391, 0.0, 0.0, 0.0, 1.0],
                [1.0, 0.0, 0.0, -0.000507, 0.0, 0.999333, 0.036528, -0.523665, 0.0, -0.036528, 0.999333, 0.626391, 0.0, 0.0, 0.0, 1.0],
                [1.0, 0.0, 0.0, -0.000507, 0.0, 0.999333, 0.036528, -0.523665, 0.0, -0.036528, 0.999333, 0.626391, 0.0, 0.0, 0.0, 1.0],
                [1.0, 0.0, 0.0, -0.000507, 0.0, 0.999333, 0.036528, -0.523665, 0.0, -0.036528, 0.999333, 0.626391, 0.0, 0.0, 0.0, 1.0],
                [1.0, 0.0, 0.0, -0.000507, 0.0, 0.999333, 0.036528, -0.523665, 0.0, -0.036528, 0.999333, 0.626391, 0.0, 0.0, 0.0, 1.0],
                [1.0, 0.0, 0.0, -0.000507, 0.0, 0.999333, 0.036528, -0.523665, 0.0, -0.036528, 0.999333, 0.626391, 0.0, 0.0, 0.0, 1.0],
                [1.0, 0.0, 0.0, -0.000507, 0.0, 0.999333, 0.036528, -0.523665, 0.0, -0.036528, 0.999333, 0.626391, 0.0, 0.0, 0.0, 1.0],
                [1.0, 0.0, 0.0, -0.000507, 0.0, 0.999333, 0.036528, -0.523665, 0.0, -0.036528, 0.999333, 0.626391, 0.0, 0.0, 0.0, 1.0],
                [1.0, 0.0, 0.0, -0.000507, 0.0, 0.999333, 0.036528, -0.523665, 0.0, -0.036528, 0.999333, 0.626391, 0.0, 0.0, 0.0, 1.0],
                [1.0, 0.0, 0.0, -0.000507, 0.0, 0.999333, 0.036528, -0.523665, 0.0, -0.036528, 0.999333, 0.626391, 0.0, 0.0, 0.0, 1.0],
                [1.0, 0.0, 0.0, -0.000507, 0.0, 0.999333, 0.036528, -0.523665, 0.0, -0.036528, 0.999333, 0.626391, 0.0, 0.0, 0.0, 1.0],
                [1.0, 0.0, 0.0, -0.000507, 0.0, 0.999333, 0.036528, -0.523665, 0.0, -0.036528, 0.999333, 0.626391, 0.0, 0.0, 0.0, 1.0],
                [1.0, 0.0, 0.0, -0.000507, 0.0, 0.999333, 0.036528, -0.523665, 0.0, -0.036528, 0.999333, 0.626391, 0.0, 0.0, 0.0, 1.0],
                [1.0, 0.0, 0.0, -0.000507, 0.0, 0.999333, 0.036528, -0.523665, 0.0, -0.036528, 0.999333, 0.626391, 0.0, 0.0, 0.0, 1.0],
                [1.0, 0.0, 0.0, -0.000507, 0.0, 0.999333, 0.036528, -0.523665, 0.0, -0.036528, 0.999333, 0.626391, 0.0, 0.0, 0.0, 1.0],
                [1.0, 0.0, 0.0, -0.000507, 0.0, 0.999333, 0.036528, -0.523665, 0.0, -0.036528, 0.999333, 0.626391, 0.0, 0.0, 0.0, 1.0],
                [1.0, 0.0, 0.0, -0.000507, 0.0, 0.999333, 0.036528, -0.523665, 0.0, -0.036528, 0.999333, 0.626391, 0.0, 0.0, 0.0, 1.0],
                [1.0, 0.0, 0.0, -0.000507, 0.0, 0.999333, 0.036528, -0.523665, 0.0, -0.036528, 0.999333, 0.626391, 0.0, 0.0, 0.0, 1.0],
                [1.0, 0.0, 0.0, -0.000507, 0.0, 0.999333, 0.036528, -0.523665, 0.0, -0.036528, 0.999333, 0.626391, 0.0, 0.0, 0.0, 1.0],
                [1.0, 0.0, 0.0, -0.000507, 0.0, 0.999333, 0.036528, -0.523665, 0.0, -0.036528, 0.999333, 0.626391, 0.0, 0.0, 0.0, 1.0],
                [1.0, 0.0, 0.0, -0.000507, 0.0, 0.999333, 0.036528, -0.523665, 0.0, -0.036528, 0.999333, 0.626391, 0.0, 0.0, 0.0, 1.0],
                [1.0, 0.0, 0.0, -0.000507, 0.0, 0.999333, 0.036528, -0.523665, 0.0, -0.036528, 0.999333, 0.626391, 0.0, 0.0, 0.0, 1.0],
                [1.0, 0.0, 0.0, -0.000507, 0.0, 0.999333, 0.036528, -0.523665, 0.0, -0.036528, 0.999333, 0.626391, 0.0, 0.0, 0.0, 1.0],
                [1.0, 0.0, 0.0, -0.000507, 0.0, 0.999333, 0.036528, -0.523665, 0.0, -0.036528, 0.999333, 0.626391, 0.0, 0.0, 0.0, 1.0],
                [1.0, 0.0, 0.0, -0.000507, 0.0, 0.999333, 0.036528, -0.523665, 0.0, -0.036528, 0.999333, 0.626391, 0.0, 0.0, 0.0, 1.0],
                [1.0, 0.0, 0.0, -0.000507, 0.0, 0.999333, 0.036528, -0.523665, 0.0, -0.036528, 0.999333, 0.626391, 0.0, 0.0, 0.0, 1.0]
            ]
        },
        {
            "name": "Torso",
            "time": [0.0, 0.0333, 0.0667, 0.1, 0.1333, 0.1667, 0.2, 0.2333, 0.2667, 0.3, 0.3333, 0.3667, 0.4, 0.4333, 0.4667, 0.5, 0.5333, 0.5667, 0.6, 0.6333, 0.6667, 0.7, 0.7333, 0.7667, 0.8, 0.8333, 0.8667, 0.9, 0.9333, 0.9667, 1.0, 1.0333, 1.0667, 1.1, 1.1333, 1.1667, 1.2, 1.2333, 1.2667, 1.3, 1.3333, 1.3667, 1.4, 1.4333, 1.4667, 1.5, 1.5333, 1.5667, 1.6, 1.6333, 1.6667, 1.7, 1.8],
            "transform": [
                [1.0, 0.0, 0.0, 0.0, 0.0, 1.0, 0.0, 0.179686, 0.0, 0.0, 1.0, 0.0, 0.0, 0.0, 0.0, 1.0],
                [1.0, -0.00024, -0.000807, 0.0, 0.000241, 0.999998, 0.001895, 0.179686, 0.000807, -0.001895, 0.999998, 0.0, 0.0, 0.0, 0.0, 1.0],
                [0.999979, -0.000889, -0.00646, 0.0, 0.000934, 0.999974, 0.007098, 0.179686, 0.006454, -0.007104, 0.999954, -0.0, 0.0, 0.0, 0.0, 1.0],
                [0.999761, -0.001777, -0.02181, -0.0, 0.002102, 0.999887, 0.014882, 0.179686, 0.021781, -0.014924, 0.999651, 0.0, 0.0, 0.0, 0.0, 1.0],
                [0.998659, -0.002612, -0.051704, 0.0, 0.003883, 0.999692, 0.024495, 0.179686, 0.051624, -0.024663, 0.998362, 0.0, 0.0, 0.0, 0.0, 1.0],
                [0.994893, -0.002969, -0.100892, 0.0, 0.006546, 0.999361, 0.035137, 0.179686, 0.100723, -0.035618, 0.994277, -0.0, 0.0, 0.0, 0.0, 1.0],
                [0.984796, -0.002313, -0.173701, 0.0, 0.010444, 0.998891, 0.045907, 0.179686, 0.173402, -0.047023, 0.983728, -0.0, 0.0, 0.0, 0.0, 1.0],
                [0.93993, 0.002015, -0.341361, 0.0, 0.01804, 0.998292, 0.055565, 0.179686, 0.34089, -0.058386, 0.938288, -0.0, 0.0, 0.0, 0.0, 1.0],
                [0.835587, 0.010054, -0.549266, 0.0, 0.028873, 0.997647, 0.062184, 0.179686, 0.548599, -0.067819, 0.83333, 0.0, 0.0, 0.0, 0.0, 1.0],
                [0.766324, 0.015247, -0.642273, 0.0, 0.036608, 0.997058, 0.067347, 0.179686, 0.641411, -0.075122, 0.763511, -0.0, 0.0, 0.0, 0.0, 1.0],
                [0.830986, 0.011616, -0.556173, -0.0, 0.0363, 0.996519, 0.075049, 0.179686, 0.555108, -0.082554, 0.827671, -0.0, 0.0, 0.0, 0.0, 1.0],
                [0.946611, -0.0, -0.322379, 0.0, 0.028097, 0.996195, 0.082503, 0.179686, 0.321152, -0.087156, 0.943009, -0.0, 0.0, 0.0, 0.0, 1.0],
                [0.999608, -0.014015, -0.024248, 0.0, 0.016053, 0.996164, 0.086023, 0.179686, 0.022949, -0.086378, 0.995998, -0.0, 0.0, 0.0, 0.0, 1.0],
                [0.984717, -0.022875, 0.172654, 0.0, 0.007925, 0.996195, 0.086786, 0.179686, -0.173982, -0.084091, 0.981152, -0.0, 0.0, 0.0, 0.0, 1.0],
                [0.973152, -0.025705, 0.228723, 0.0, 0.005765, 0.996155, 0.087424, 0.179686, -0.230091, -0.083759, 0.969558, -0.0, 0.0, 0.0, 0.0, 1.0],
                [0.971062, -0.026463, 0.237357, 0.0, 0.005591, 0.996089, 0.08818, 0.179686, -0.238762, -0.084301, 0.967412, -0.0, 0.0, 0.0, 0.0, 1.0],
                [0.978053, -0.025521, 0.206788, 0.0, 0.007149, 0.995996, 0.089111, 0.179686, -0.208235, -0.085677, 0.974319, -0.0, 0.0, 0.0, 0.0, 1.0],
                [0.992422, -0.022135, 0.120866, 0.0, 0.011254, 0.99588, 0.089981, 0.179686, -0.12236, -0.087939, 0.988582, -0.0, 0.0, 0.0, 0.0, 1.0],
                [0.999829, -0.016707, -0.007978, 0.0, 0.017359, 0.995772, 0.090203, 0.179686, 0.006437, -0.090326, 0.995892, -0.0, 0.0, 0.0, 0.0, 1.0],
                [0.986604, -0.00987, -0.162837, 0.0, 0.024686, 0.995706, 0.089216, 0.179686, 0.161257, -0.092041, 0.982611, -0.0, 0.0, 0.0, 0.0, 1.0],
                [0.946723, -0.002577, -0.322037, 0.0, 0.032243, 0.995702, 0.08682, 0.179686, 0.32043, -0.092578, 0.942738, -0.0, 0.0, 0.0, 0.0, 1.0],
                [0.885842, 0.004076, -0.463969, 0.0, 0.039074, 0.995754, 0.08335, 0.179686, 0.462339, -0.091964, 0.881921, -0.0, 0.0, 0.0, 0.0, 1.0],
                [0.819459, 0.00914, -0.573065, 0.0, 0.044546, 0.995833, 0.079581, 0.179686, 0.571404, -0.090741, 0.815637, -0.0, 0.0, 0.0, 0.0, 1.0],
                [0.766977, 0.011962, -0.641563, 0.0, 0.048425, 0.995896, 0.07646, 0.179686, 0.639845, -0.089711, 0.76325, -0.0, 0.0, 0.0, 0.0, 1.0],
                [0.746216, 0.012057, -0.665594, 0.0, 0.050694, 0.995904, 0.074875, 0.179686, 0.66377, -0.089615, 0.742548, -0.0, 0.0, 0.0, 0.0, 1.0],
                [0.779789, 0.005983, -0.626013, 0.0, 0.052361, 0.995827, 0.07474, 0.179686, 0.623848, -0.09106, 0.776223, -0.0, 0.0, 0.0, 0.0, 1.0],
                [0.860192, -0.008274, -0.509904, 0.0, 0.054335, 0.995664, 0.075507, 0.179686, 0.507068, -0.092656, 0.856911, -0.0, 0.0, 0.0, 0.0, 1.0],
                [0.946878, -0.028643, -0.320314, 0.0, 0.056238, 0.995426, 0.077231, 0.179686, 0.316637, -0.091143, 0.944158, -0.0, 0.0, 0.0, 0.0, 1.0],
                [0.995601, -0.051305, -0.078403, 0.0, 0.057559, 0.995156, 0.079703, 0.179686, 0.073934, -0.083865, 0.993731, -0.0, 0.0, 0.0, 0.0, 1.0],
                [0.983008, -0.071289, 0.169156, 0.0, 0.057983, 0.994916, 0.082345, 0.179686, -0.174166, -0.071138, 0.982144, -0.0, 0.0, 0.0, 0.0, 1.0],
                [0.924485, -0.085138, 0.371589, 0.0, 0.057656, 0.994756, 0.084474, 0.179686, -0.376833, -0.05667, 0.924546, -0.0, 0.0, 0.0, 0.0, 1.0],
                [0.861518, -0.092404, 0.499248, 0.0, 0.057061, 0.994691, 0.085639, 0.179686, -0.504511, -0.045292, 0.862217, -0.0, 0.0, 0.0, 0.0, 1.0],
                [0.835205, -0.094227, 0.541806, 0.0, 0.056667, 0.994713, 0.085639, 0.179686, -0.547011, -0.040823, 0.836129, -0.0, 0.0, 0.0, 0.0, 1.0],
                [0.846562, -0.092663, 0.524163, 0.0, 0.056215, 0.994788, 0.08507, 0.179686, -0.529314, -0.042551, 0.847358, -0.0, 0.0, 0.0, 0.0, 1.0],
                [0.871539, -0.089346, 0.482118, 0.0, 0.055223, 0.994888, 0.084543, 0.179686, -0.487207, -0.047059, 0.872018, -0.0, 0.0, 0.0, 0.0, 1.0],
                [0.902375, -0.084317, 0.422622, 0.0, 0.053655, 0.995024, 0.083953, 0.179686, -0.427598, -0.053081, 0.902409, -0.0, 0.0, 0.0, 0.0, 1.0],
                [0.932202, -0.077761, 0.353488, 0.0, 0.051467, 0.995203, 0.0832, 0.179686, -0.358262, -0.059367, 0.931732, -0.0, 0.0, 0.0, 0.0, 1.0],
                [0.956265, -0.070137, 0.283967, 0.0, 0.048608, 0.995432, 0.082172, 0.179686, -0.288433, -0.064775, 0.955306, -0.0, 0.0, 0.0, 0.0, 1.0],
                [0.972508, -0.062163, 0.224419, 0.0, 0.045024, 0.995721, 0.080704, 0.179686, -0.228476, -0.068381, 0.971145, -0.0, 0.0, 0.0, 0.0, 1.0],
                [0.982712, -0.054261, 0.177011, 0.0, 0.040976, 0.996122, 0.077864, 0.179686, -0.18055, -0.069264, 0.981124, -0.0, 0.0, 0.0, 0.0, 1.0],
                [0.989541, -0.046485, 0.13656, 0.0, 0.036729, 0.996647, 0.073111, 0.179686, -0.139501, -0.067331, 0.98793, -0.0, 0.0, 0.0, 0.0, 1.0],
                [0.993947, -0.039061, 0.102685, 0.0, 0.032288, 0.997243, 0.066811, 0.179686, -0.105012, -0.063091, 0.992468, -0.0, 0.0, 0.0, 0.0, 1.0],
                [0.996674, -0.032134, 0.074889, 0.0, 0.027714, 0.997854, 0.059329, 0.179686, -0.076635, -0.057056, 0.995425, -0.0, 0.0, 0.0, 0.0, 1.0],
                [0.998282, -0.02579, 0.052613, 0.0, 0.023105, 0.99843, 0.051028, 0.179686, -0.053846, -0.049724, 0.99731, -0.0, 0.0, 0.0, 0.0, 1.0],
                [0.999177, -0.020077, 0.035258, 0.0, 0.018581, 0.998933, 0.042273, 0.179686, -0.03607, -0.041583, 0.998484, -0.0, 0.0, 0.0, 0.0, 1.0],
                [0.99964, -0.015022, 0.022215, 0.0, 0.014275, 0.999339, 0.033434, 0.179686, -0.022703, -0.033104, 0.999194, -0.0, 0.0, 0.0, 0.0, 1.0],
                [0.999861, -0.010644, 0.012867, 0.0, 0.010321, 0.999637, 0.024882, 0.179686, -0.013127, -0.024746, 0.999608, -0.0, 0.0, 0.0, 0.0, 1.0],
                [0.999954, -0.006964, 0.006595, 0.0, 0.006851, 0.999832, 0.016998, 0.179686, -0.006713, -0.016952, 0.999834, -0.0, 0.0, 0.0, 0.0, 1.0],
                [0.999988, -0.004011, 0.002787, 0.0, 0.003983, 0.99994, 0.01017, 0.179686, -0.002827, -0.010158, 0.999944, -0.0, 0.0, 0.0, 0.0, 1.0],
                [0.999998, -0.001828, 0.000827, 0.0, 0.001824, 0.999987, 0.004792, 0.179686, -0.000836, -0.00479, 0.999988, -0.0, 0.0, 0.0, 0.0, 1.0],
                [1.0, -0.000469, 0.000104, 0.0, 0.000469, 0.999999, 0.001266, 0.179686, -0.000104, -0.001266, 0.999999, -0.0, 0.0, 0.0, 0.0, 1.0],
                [1.0, 0.0, 0.0, 0.0, 0.0, 1.0, -0.0, 0.179686, 0.0, 0.0, 1.0, -0.0, 0.0, 0.0, 0.0, 1.0],
                [1.0, 0.0, 0.0, 0.0, 0.0, 1.0, -0.0, 0.179686, 0.0, 0.0, 1.0, -0.0, 0.0, 0.0, 0.0, 1.0]
            ]
        },
        {
            "name": "Chest",
            "time": [0.1, 0.1333, 0.1667, 0.2, 0.2333, 0.2667, 0.3, 0.3333, 0.3667, 0.4, 0.4333, 0.4667, 0.5, 0.5333, 0.5667, 0.6, 0.6333, 0.6667, 0.7, 0.7333, 0.7667, 0.8, 0.8333, 0.8667, 0.9, 0.9333, 0.9667, 1.0, 1.0333, 1.0667, 1.1, 1.1333, 1.1667, 1.2, 1.2333, 1.2667, 1.3, 1.3333, 1.3667, 1.4, 1.4333, 1.4667, 1.5, 1.5333, 1.5667, 1.6, 1.6333, 1.6667, 1.7, 1.7333, 1.7667, 1.8, 0.0],
            "transform": [
                [1.0, 0.0, 0.0, 0.0, 0.0, 1.0, 0.0, 0.419268, 0.0, 0.0, 1.0, 0.0, 0.0, 0.0, 0.0, 1.0],
                [1.0, 0.0, -0.0, 0.0, -0.0, 1.0, -0.0, 0.419268, -0.0, -0.0, 1.0, 0.0, 0.0, 0.0, 0.0, 1.0],
                [0.991466, 0.000919, -0.130361, 0.0, -0.000888, 1.0, 0.000299, 0.419268, 0.130361, -0.00018, 0.991467, 0.0, 0.0, 0.0, 0.0, 1.0],
                [0.965921, 0.00333, -0.258817, 0.0, -0.003106, 0.999994, 0.001275, 0.419268, 0.25882, -0.000428, 0.965926, 0.0, 0.0, 0.0, 0.0, 1.0],
                [0.977819, 0.006651, -0.209344, -0.0, -0.00629, 0.999977, 0.002392, 0.419268, 0.209355, -0.001022, 0.977839, 0.0, 0.0, 0.0, 0.0, 1.0],
                [0.996877, 0.010231, -0.078305, 0.0, -0.010022, 0.999945, 0.003059, 0.419268, 0.078332, -0.002264, 0.996925, 0.0, 0.0, 0.0, 0.0, 1.0],
                [0.994959, 0.013292, 0.099399, -0.0, -0.013643, 0.999903, 0.002852, 0.419268, -0.099352, -0.004193, 0.995044, -0.0, 0.0, 0.0, 0.0, 1.0],
                [0.959843, 0.015155, 0.28013, 0.0, -0.016323, 0.999865, 0.001839, 0.419268, -0.280064, -0.006337, 0.95996, -0.0, 0.0, 0.0, 0.0, 1.0],
                [0.905945, 0.015516, 0.423112, 0.0, -0.017393, 0.999849, 0.000575, 0.419268, -0.423039, -0.00788, 0.906077, 0.0, 0.0, 0.0, 0.0, 1.0],
                [0.860437, 0.015227, 0.509329, -0.0, -0.01738, 0.999849, -0.000531, 0.419268, -0.509261, -0.008396, 0.860571, -0.0, 0.0, 0.0, 0.0, 1.0],
                [0.832848, 0.015173, 0.553294, -0.0, -0.017236, 0.99985, -0.001474, 0.419267, -0.553234, -0.008309, 0.832984, -0.0, 0.0, 0.0, 0.0, 1.0],
                [0.820998, 0.015301, 0.570725, -0.0, -0.017138, 0.999851, -0.002153, 0.419268, -0.570673, -0.008014, 0.821138, -0.0, 0.0, 0.0, 0.0, 1.0],
                [0.818709, 0.015516, 0.573999, 0.0, -0.017228, 0.999849, -0.002454, 0.419268, -0.573951, -0.00788, 0.818852, -0.0, 0.0, 0.0, 0.0, 1.0],
                [0.851889, 0.01765, 0.523424, -0.0, -0.019694, 0.999805, -0.001662, 0.419268, -0.523351, -0.008892, 0.852071, -0.0, 0.0, 0.0, 0.0, 1.0],
                [0.924703, 0.022815, 0.380006, 0.0, -0.025123, 0.999684, 0.001115, 0.419268, -0.379861, -0.010578, 0.924983, -0.0, 0.0, 0.0, 0.0, 1.0],
                [0.986723, 0.029498, 0.159713, 0.0, -0.030873, 0.999504, 0.006139, 0.419268, -0.159453, -0.010988, 0.987144, -0.0, 0.0, 0.0, 0.0, 1.0],
                [0.994464, 0.035306, -0.098968, -0.0, -0.034243, 0.999336, 0.012416, 0.419268, 0.09934, -0.008958, 0.995013, 0.0, 0.0, 0.0, 0.0, 1.0],
                [0.939276, 0.037586, -0.341097, -0.0, -0.033632, 0.999281, 0.017501, 0.419268, 0.34151, -0.004967, 0.939865, 0.0, 0.0, 0.0, 0.0, 1.0],
                [0.850417, 0.036687, -0.524829, 0.0, -0.030494, 0.999326, 0.020444, 0.419268, 0.525225, -0.001382, 0.850962, 0.0, 0.0, 0.0, 0.0, 1.0],
                [0.799314, 0.031423, -0.600091, 0.0, -0.024221, 0.999505, 0.020077, 0.419268, 0.600425, -0.001513, 0.79968, 0.0, 0.0, 0.0, 0.0, 1.0],
                [0.841739, 0.017674, -0.539596, 0.0, -0.013771, 0.999842, 0.011267, 0.419268, 0.53971, -0.002053, 0.841849, 0.0, 0.0, 0.0, 0.0, 1.0],
                [0.928828, -0.002956, -0.370499, 0.0, 0.001263, 0.999988, -0.004813, 0.419268, 0.370509, 0.004002, 0.92882, 0.0, 0.0, 0.0, 0.0, 1.0],
                [0.992026, -0.024257, -0.123674, 0.0, 0.021812, 0.99954, -0.021089, 0.419268, 0.124129, 0.018223, 0.992099, 0.0, 0.0, 0.0, 0.0, 1.0],
                [0.990447, -0.039664, 0.132064, 0.0, 0.044219, 0.998518, -0.031737, 0.419268, -0.13061, 0.037273, 0.990733, 0.0, 0.0, 0.0, 0.0, 1.0],
                [0.94669, -0.047033, 0.318694, 0.0, 0.061624, 0.997455, -0.035851, 0.419268, -0.316197, 0.053579, 0.947179, 0.0, 0.0, 0.0, 0.0, 1.0],
                [0.920648, -0.048769, 0.387336, 0.0, 0.06817, 0.997006, -0.0365, 0.419268, -0.384396, 0.060008, 0.921216, 0.0, 0.0, 0.0, 0.0, 1.0],
                [0.921635, -0.045168, 0.385421, 0.0, 0.064351, 0.997241, -0.037009, 0.419268, -0.382686, 0.058911, 0.921998, 0.0, 0.0, 0.0, 0.0, 1.0],
                [0.923734, -0.036318, 0.381309, 0.0, 0.054985, 0.997757, -0.038172, 0.419268, -0.379067, 0.056226, 0.92366, 0.0, 0.0, 0.0, 0.0, 1.0],
                [0.927845, -0.024553, 0.372158, 0.0, 0.04209, 0.99835, -0.03907, 0.419268, -0.370584, 0.051915, 0.927347, -0.0, 0.0, 0.0, 0.0, 1.0],
                [0.934765, -0.01214, 0.35506, 0.0, 0.027672, 0.998868, -0.038699, 0.419268, -0.354188, 0.046, 0.934042, -0.0, 0.0, 0.0, 0.0, 1.0],
                [0.945039, -0.001283, 0.326955, 0.0, 0.013806, 0.999257, -0.035985, 0.419268, -0.326666, 0.038521, 0.944355, 0.0, 0.0, 0.0, 0.0, 1.0],
                [0.958645, 0.005878, 0.284544, 0.0, 0.00274, 0.99955, -0.029881, 0.419268, -0.284591, 0.029425, 0.958197, 0.0, 0.0, 0.0, 0.0, 1.0],
                [0.974498, 0.007304, 0.224277, 0.0, -0.002991, 0.999804, -0.019563, 0.419267, -0.224376, 0.018394, 0.974329, 0.0, 0.0, 0.0, 0.0, 1.0],
                [0.993634, 0.002952, 0.112623, 0.0, -0.002228, 0.999976, -0.006551, 0.419268, -0.11264, 0.006258, 0.993616, 0.0, 0.0, 0.0, 0.0, 1.0],
                [1.0, 0.0, 0.0, 0.0, -0.0, 1.0, 0.0, 0.419268, -0.0, -0.0, 1.0, 0.0, 0.0, 0.0, 0.0, 1.0],
                [0.997894, 0.0, -0.064864, 0.0, 0.0, 1.0, -0.0, 0.419268, 0.064864, -0.0, 0.997894, 0.0, 0.0, 0.0, 0.0, 1.0],
                [0.993043, -0.0, -0.117749, -0.0, 0.0, 1.0, 0.0, 0.419268, 0.117749, -0.0, 0.993043, -0.0, 0.0, 0.0, 0.0, 1.0],
                [0.987142, 0.0, -0.159849, -0.0, -0.0, 1.0, -0.0, 0.419268, 0.159849, 0.0, 0.987141, 0.0, 0.0, 0.0, 0.0, 1.0],
                [0.981304, -0.0, -0.192462, 0.0, -0.0, 1.0, -0.0, 0.419268, 0.192462, -0.0, 0.981304, 0.0, 0.0, 0.0, 0.0, 1.0],
                [0.976197, -0.0, -0.216887, -0.0, 0.0, 1.0, 0.0, 0.419268, 0.216887, 0.0, 0.976197, 0.0, 0.0, 0.0, 0.0, 1.0],
                [0.972145, 0.0, -0.23438, 0.0, -0.0, 1.0, 0.0, 0.419268, 0.23438, -0.0, 0.972145, 0.0, 0.0, 0.0, 0.0, 1.0],
                [0.969232, -0.0, -0.24615, -0.0, -0.0, 1.0, -0.0, 0.419268, 0.24615, -0.0, 0.969232, -0.0, 0.0, 0.0, 0.0, 1.0],
                [0.967373, 0.0, -0.253356, 0.0, -0.0, 1.0, -0.0, 0.419268, 0.253356, -0.0, 0.967373, 0.0, 0.0, 0.0, 0.0, 1.0],
                [0.966377, -0.0, -0.257129, 0.0, -0.0, 1.0, -0.0, 0.419268, 0.257129, 0.0, 0.966377, 0.0, 0.0, 0.0, 0.0, 1.0],
                [0.96599, -0.0, -0.258581, -0.0, 0.0, 1.0, 0.0, 0.419268, 0.258581, 0.0, 0.96599, 0.0, 0.0, 0.0, 0.0, 1.0],
                [0.965926, 0.0, -0.258819, -0.0, 0.0, 1.0, 0.0, 0.419268, 0.258819, 0.0, 0.965926, 0.0, 0.0, 0.0, 0.0, 1.0],
                [0.969569, 0.0, -0.244818, 0.0, 0.0, 1.0, -0.0, 0.419268, 0.244818, 0.0, 0.969569, -0.0, 0.0, 0.0, 0.0, 1.0],
                [0.978037, 0.0, -0.20843, 0.0, -0.0, 1.0, -0.0, 0.419268, 0.20843, 0.0, 0.978037, -0.0, 0.0, 0.0, 0.0, 1.0],
                [0.987418, 0.0, -0.15813, 0.0, -0.0, 1.0, 0.0, 0.419268, 0.15813, -0.0, 0.987418, 0.0, 0.0, 0.0, 0.0, 1.0],
                [0.9947, 0.0, -0.102821, 0.0, -0.0, 1.0, -0.0, 0.419268, 0.102821, 0.0, 0.9947, 0.0, 0.0, 0.0, 0.0, 1.0],
                [0.998657, 0.0, -0.051807, 0.0, -0.0, 1.0, -0.0, 0.419268, 0.051807, 0.0, 0.998657, 0.0, 0.0, 0.0, 0.0, 1.0],
                [0.999895, 0.0, -0.014467, 0.0, -0.0, 1.0, 0.0, 0.419268, 0.014467, 0.0, 0.999895, 0.0, 0.0, 0.0, 0.0, 1.0],
                [1.0, 0.0, 0.0, 0.0, 0.0, 1.0, -0.0, 0.419268, 0.0, 0.0, 1.0, 0.0, 0.0, 0.0, 0.0, 1.0]
            ]
        },
        {
            "name": "Shoulder_FR",
            "time": [0.1, 0.1333, 0.1667, 0.2, 0.2333, 0.2667, 0.3, 0.3333, 0.3667, 0.4, 0.4333, 0.4667, 0.5, 0.5333, 0.5667, 0.6, 0.6333, 0.6667, 0.7, 0.7333, 0.7667, 0.8, 0.8333, 0.8667, 0.9, 0.9333, 0.9667, 1.0, 1.0333, 1.0667, 1.1, 1.1333, 1.1667, 1.2, 1.2333, 1.2667, 1.3, 1.3333, 1.3667, 1.4, 1.4333, 1.4667, 1.5, 1.5333, 1.5667, 1.6, 1.6333, 1.6667, 1.7, 1.7333, 1.7667, 1.8, 0.0],
            "transform": [
                [0.359856, 0.324445, 0.87478, 0.0, -0.924808, 1e-06, 0.380435, 0.299477, 0.12343, -0.945905, 0.300049, 0.0, 0.0, 0.0, 0.0, 1.0],
                [0.360378, 0.303778, 0.881956, -0.0, -0.927895, 0.01985, 0.372313, 0.299477, 0.095594, -0.952536, 0.289028, 0.0, 0.0, 0.0, 0.0, 1.0],
                [0.369731, 0.147548, 0.917349, 0.0, -0.92868, 0.027638, 0.369852, 0.299477, 0.029218, -0.988669, 0.147243, -0.0, 0.0, 0.0, 0.0, 1.0],
                [0.370872, -0.032297, 0.928122, -0.0, -0.927906, 0.028018, 0.371761, 0.299477, -0.038011, -0.999086, -0.019578, -0.0, 0.0, 0.0, 0.0, 1.0],
                [0.375843, -0.055047, 0.925047, 0.0, -0.925744, 0.022634, 0.377473, 0.299477, -0.041716, -0.998227, -0.042453, 0.0, 0.0, 0.0, 0.0, 1.0],
                [0.385332, -0.096311, 0.917738, 0.0, -0.921442, 0.01333, 0.388287, 0.299477, -0.04963, -0.995262, -0.083608, 0.0, 0.0, 0.0, 0.0, 1.0],
                [0.398538, -0.150945, 0.904645, 0.0, -0.915117, 0.000221, 0.403189, 0.299477, -0.061059, -0.988542, -0.138045, 0.0, 0.0, 0.0, 0.0, 1.0],
                [0.414561, -0.082565, 0.906268, -0.0, -0.90977, -0.014194, 0.41487, 0.299477, -0.02139, -0.996485, -0.081, -0.0, 0.0, 0.0, 0.0, 1.0],
                [0.405673, 0.177447, 0.896628, -0.0, -0.908944, -0.024911, 0.416175, 0.299477, 0.096185, -0.983815, 0.151183, -0.0, 0.0, 0.0, 0.0, 1.0],
                [0.334436, 0.51168, 0.791414, -0.0, -0.91256, -0.033884, 0.407536, 0.299477, 0.235344, -0.858508, 0.455607, -0.0, 0.0, 0.0, 0.0, 1.0],
                [0.21838, 0.77818, 0.588852, -0.0, -0.918066, -0.040753, 0.394327, 0.299477, 0.330855, -0.626718, 0.705521, 0.0, 0.0, 0.0, 0.0, 1.0],
                [0.134678, 0.895348, 0.424517, 0.0, -0.921874, -0.043873, 0.384999, 0.299477, 0.363332, -0.443202, 0.819489, 0.0, 0.0, 0.0, 0.0, 1.0],
                [0.110463, 0.920707, 0.374295, -0.0, -0.923058, -0.044578, 0.38207, 0.299477, 0.36846, -0.387701, 0.844941, 0.0, 0.0, 0.0, 0.0, 1.0],
                [0.131381, 0.899564, 0.416563, 0.0, -0.923066, -0.042226, 0.382316, 0.299477, 0.361507, -0.434744, 0.824809, -0.0, 0.0, 0.0, 0.0, 1.0],
                [0.204575, 0.800101, 0.563905, 0.0, -0.921515, -0.036847, 0.386591, 0.299477, 0.33009, -0.598733, 0.729766, -0.0, 0.0, 0.0, 0.0, 1.0],
                [0.307488, 0.574365, 0.758654, 0.0, -0.917742, -0.031633, 0.395916, 0.299477, 0.251399, -0.817988, 0.517392, 0.0, 0.0, 0.0, 0.0, 1.0],
                [0.391851, 0.221961, 0.892853, 0.0, -0.912434, -0.03068, 0.408072, 0.299477, 0.117969, -0.974573, 0.190503, -0.0, 0.0, 0.0, 0.0, 1.0],
                [0.417726, -0.179109, 0.890744, 0.0, -0.907534, -0.035368, 0.418488, 0.299477, -0.043451, -0.983193, -0.177321, 0.0, 0.0, 0.0, 0.0, 1.0],
                [0.382746, -0.521052, 0.762896, 0.0, -0.904265, -0.042145, 0.424886, 0.299477, -0.189235, -0.852484, -0.487301, -0.0, 0.0, 0.0, 0.0, 1.0],
                [0.327981, -0.712572, 0.620217, -0.0, -0.903671, -0.045305, 0.425824, 0.299477, -0.275331, -0.700134, -0.65879, -0.0, 0.0, 0.0, 0.0, 1.0],
                [0.306998, -0.749515, 0.586498, -0.0, -0.907318, -0.044479, 0.418086, 0.299477, -0.287274, -0.660492, -0.693703, -0.0, 0.0, 0.0, 0.0, 1.0],
                [0.32257, -0.677344, 0.661176, 0.0, -0.915008, -0.04433, 0.400993, 0.299477, -0.242301, -0.734329, -0.634075, 0.0, 0.0, 0.0, 0.0, 1.0],
                [0.350433, -0.498585, 0.792849, 0.0, -0.924592, -0.04911, 0.37778, 0.299477, -0.149419, -0.865449, -0.478198, 0.0, 0.0, 0.0, 0.0, 1.0],
                [0.357861, -0.214161, 0.908884, 0.0, -0.933612, -0.063876, 0.352546, 0.299477, -0.017445, -0.974708, -0.222802, 0.0, 0.0, 0.0, 0.0, 1.0],
                [0.321672, 0.114238, 0.939934, -0.0, -0.939112, -0.088166, 0.332107, 0.299477, 0.120809, -0.989533, 0.078922, 0.0, 0.0, 0.0, 0.0, 1.0],
                [0.257075, 0.383178, 0.887179, 0.0, -0.940144, -0.113342, 0.321375, 0.299477, 0.223699, -0.916694, 0.331105, -0.0, 0.0, 0.0, 0.0, 1.0],
                [0.182743, 0.592611, 0.784485, -0.0, -0.937446, -0.135453, 0.320698, 0.299477, 0.29631, -0.794018, 0.530788, 0.0, 0.0, 0.0, 0.0, 1.0],
                [0.099016, 0.765716, 0.635512, 0.0, -0.932103, -0.152233, 0.328649, 0.299477, 0.348397, -0.624904, 0.698652, 0.0, 0.0, 0.0, 0.0, 1.0],
                [0.026945, 0.874952, 0.483459, 0.0, -0.927162, -0.158921, 0.339286, 0.299477, 0.373691, -0.457387, 0.80694, 0.0, 0.0, 0.0, 0.0, 1.0],
                [-0.014333, 0.925648, 0.378115, -0.0, -0.924748, -0.156102, 0.347093, 0.299477, 0.38031, -0.344686, 0.858228, 0.0, 0.0, 0.0, 0.0, 1.0],
                [-0.01271, 0.93389, 0.357334, -0.0, -0.925245, -0.146492, 0.349947, 0.299477, 0.379158, -0.326173, 0.865939, 0.0, 0.0, 0.0, 0.0, 1.0],
                [0.022358, 0.912065, 0.409435, 0.0, -0.927652, -0.133778, 0.348663, 0.299477, 0.372777, -0.387609, 0.843088, 0.0, 0.0, 0.0, 0.0, 1.0],
                [0.070926, 0.864412, 0.497756, 0.0, -0.931314, -0.121333, 0.343413, 0.299477, 0.357244, -0.487924, 0.796433, 0.0, 0.0, 0.0, 0.0, 1.0],
                [0.136835, 0.7633, 0.631387, 0.0, -0.935736, -0.109566, 0.335252, 0.299477, 0.325077, -0.636685, 0.699255, 0.0, 0.0, 0.0, 0.0, 1.0],
                [0.199811, 0.631411, 0.749263, -0.0, -0.937517, -0.099101, 0.333527, 0.299477, 0.284845, -0.76909, 0.572158, 0.0, 0.0, 0.0, 0.0, 1.0],
                [0.245275, 0.520185, 0.818076, -0.0, -0.936329, -0.091589, 0.338968, 0.299477, 0.251253, -0.849129, 0.464599, 0.0, 0.0, 0.0, 0.0, 1.0],
                [0.280223, 0.420285, 0.863038, -0.0, -0.934619, -0.085662, 0.345181, 0.299477, 0.219004, -0.90334, 0.368802, 0.0, 0.0, 0.0, 0.0, 1.0],
                [0.306376, 0.33708, 0.890231, 0.0, -0.932356, -0.082323, 0.352045, 0.299477, 0.191953, -0.93787, 0.289057, -0.0, 0.0, 0.0, 0.0, 1.0],
                [0.327122, 0.267169, 0.906428, 0.0, -0.929548, -0.081679, 0.359541, 0.299477, 0.170095, -0.960182, 0.221627, 0.0, 0.0, 0.0, 0.0, 1.0],
                [0.343481, 0.210532, 0.915258, 0.0, -0.927127, -0.079493, 0.36622, 0.299477, 0.149858, -0.97435, 0.167885, -0.0, 0.0, 0.0, 0.0, 1.0],
                [0.355554, 0.166235, 0.919754, 0.0, -0.925803, -0.072479, 0.370993, 0.299477, 0.128335, -0.983419, 0.12813, 0.0, 0.0, 0.0, 0.0, 1.0],
                [0.363823, 0.132808, 0.921952, -0.0, -0.925357, -0.061662, 0.374049, 0.299477, 0.106526, -0.989222, 0.100461, -0.0, 0.0, 0.0, 0.0, 1.0],
                [0.368969, 0.108653, 0.923069, -0.0, -0.92553, -0.048073, 0.375611, 0.299477, 0.085186, -0.992917, 0.082824, -0.0, 0.0, 0.0, 0.0, 1.0],
                [0.371736, 0.092116, 0.923757, 0.0, -0.926068, -0.032761, 0.375932, 0.299477, 0.064893, -0.995209, 0.073127, 0.0, 0.0, 0.0, 0.0, 1.0],
                [0.372831, 0.081516, 0.924312, -0.0, -0.926753, -0.016794, 0.375297, 0.299477, 0.046116, -0.996531, 0.069284, 0.0, 0.0, 0.0, 0.0, 1.0],
                [0.372872, 0.075149, 0.924835, 0.0, -0.927421, -0.001259, 0.374017, 0.299477, 0.029272, -0.997171, 0.069226, -0.0, 0.0, 0.0, 0.0, 1.0],
                [0.372096, 0.085852, 0.924215, -0.0, -0.927975, 0.012747, 0.372425, 0.299477, 0.020192, -0.996226, 0.084411, -0.0, 0.0, 0.0, 0.0, 1.0],
                [0.370956, 0.121097, 0.920721, 0.0, -0.928373, 0.024121, 0.370866, 0.299477, 0.022702, -0.992348, 0.121371, -0.0, 0.0, 0.0, 0.0, 1.0],
                [0.369468, 0.170989, 0.913376, 0.0, -0.928614, 0.03176, 0.369686, 0.299477, 0.034204, -0.984761, 0.170517, 0.0, 0.0, 0.0, 0.0, 1.0],
                [0.367158, 0.225532, 0.902403, -0.0, -0.928699, 0.034553, 0.369221, 0.299477, 0.052091, -0.973623, 0.222138, 0.0, 0.0, 0.0, 0.0, 1.0],
                [0.364013, 0.275038, 0.889859, -0.0, -0.928699, 0.034553, 0.369221, 0.299477, 0.070802, -0.960813, 0.268005, 0.0, 0.0, 0.0, 0.0, 1.0],
                [0.361114, 0.310736, 0.879227, -0.0, -0.928699, 0.034553, 0.369221, 0.299477, 0.08435, -0.949868, 0.301058, 0.0, 0.0, 0.0, 0.0, 1.0],
                [0.359856, 0.324445, 0.87478, 0.0, -0.928699, 0.034553, 0.369221, 0.299477, 0.089566, -0.945273, 0.313746, -0.0, 0.0, 0.0, 0.0, 1.0]
            ]
        },
        {
            "name": "Thigh_FR",
            "time": [0.1, 0.1333, 0.1667, 0.2, 0.2333, 0.2667, 0.3, 0.3333, 0.3667, 0.4, 0.4333, 0.4667, 0.5, 0.5333, 0.5667, 0.6, 0.6333, 0.6667, 0.7, 0.7333, 0.7667, 0.8, 0.8333, 0.8667, 0.9, 0.9333, 0.9667, 1.0, 1.0333, 1.0667, 1.1, 1.1333, 1.1667, 1.2, 1.2333, 1.2667, 1.3, 1.3333, 1.3667, 1.4, 1.4333, 1.4667, 1.5, 1.5333, 1.5667, 1.6, 1.6333, 1.6667, 1.7, 1.7333, 1.7667, 1.8, 0.0],
            "transform": [
                [0.877652, -0.204251, 0.433599, 0.0, 0.055124, 0.941666, 0.332004, 0.189962, -0.476117, -0.267483, 0.837714, 0.0, 0.0, 0.0, 0.0, 1.0],
                [0.877652, -0.204251, 0.433599, -0.0, 0.055124, 0.941666, 0.332004, 0.189962, -0.476117, -0.267483, 0.837714, -0.0, 0.0, 0.0, 0.0, 1.0],
                [0.872005, -0.228138, 0.433083, -0.0, 0.079804, 0.939171, 0.334049, 0.189962, -0.482948, -0.256731, 0.837168, -0.0, 0.0, 0.0, 0.0, 1.0],
                [0.853626, -0.291876, 0.43143, 0.0, 0.146103, 0.929176, 0.339537, 0.189962, -0.499977, -0.226804, 0.835813, 0.0, 0.0, 0.0, 0.0, 1.0],
                [0.818635, -0.382567, 0.428344, 0.0, 0.241626, 0.906042, 0.347426, 0.189962, -0.521011, -0.180916, 0.834156, -0.0, 0.0, 0.0, 0.0, 1.0],
                [0.76461, -0.485686, 0.423652, -0.0, 0.352151, 0.865377, 0.356527, 0.189962, -0.539779, -0.123415, 0.832711, 0.0, 0.0, 0.0, 0.0, 1.0],
                [0.694095, -0.586384, 0.417595, 0.0, 0.462465, 0.807762, 0.365577, 0.189962, -0.551686, -0.060622, 0.831846, -0.0, 0.0, 0.0, 0.0, 1.0],
                [0.615723, -0.672334, 0.410915, 0.0, 0.559066, 0.740248, 0.373468, 0.189962, -0.555275, -0.000225, 0.831667, -0.0, 0.0, 0.0, 0.0, 1.0],
                [0.542552, -0.736102, 0.404711, 0.0, 0.632753, 0.675006, 0.379461, 0.189962, -0.552504, 0.050205, 0.831997, -0.0, 0.0, 0.0, 0.0, 1.0],
                [0.489023, -0.775053, 0.400187, -0.0, 0.678949, 0.626246, 0.383202, 0.189962, -0.547617, 0.084312, 0.83247, -0.0, 0.0, 0.0, 0.0, 1.0],
                [0.468541, -0.788479, 0.398459, 0.0, 0.695145, 0.607392, 0.38451, 0.189962, -0.545199, 0.096828, 0.832696, -0.0, 0.0, 0.0, 0.0, 1.0],
                [0.468541, -0.788479, 0.398459, -0.0, 0.695145, 0.607392, 0.38451, 0.189962, -0.545199, 0.096828, 0.832696, 0.0, 0.0, 0.0, 0.0, 1.0],
                [0.468541, -0.788479, 0.398459, -0.0, 0.695145, 0.607392, 0.38451, 0.189962, -0.545199, 0.096828, 0.832696, 0.0, 0.0, 0.0, 0.0, 1.0],
                [0.468541, -0.788479, 0.398459, 0.0, 0.695145, 0.607392, 0.38451, 0.189962, -0.545199, 0.096828, 0.832696, -0.0, 0.0, 0.0, 0.0, 1.0],
                [0.468541, -0.788479, 0.398459, -0.0, 0.695145, 0.607392, 0.38451, 0.189962, -0.545199, 0.096828, 0.832696, 0.0, 0.0, 0.0, 0.0, 1.0],
                [0.468541, -0.788479, 0.398459, 0.0, 0.695145, 0.607392, 0.38451, 0.189962, -0.545199, 0.096828, 0.832696, 0.0, 0.0, 0.0, 0.0, 1.0],
                [0.468541, -0.788479, 0.398459, -0.0, 0.695145, 0.607392, 0.38451, 0.189962, -0.545199, 0.096828, 0.832696, 0.0, 0.0, 0.0, 0.0, 1.0],
                [0.468541, -0.788479, 0.398459, -0.0, 0.695145, 0.607392, 0.38451, 0.189962, -0.545199, 0.096828, 0.832696, -0.0, 0.0, 0.0, 0.0, 1.0],
                [0.468541, -0.788479, 0.398459, -0.0, 0.695145, 0.607392, 0.38451, 0.189962, -0.545199, 0.096828, 0.832696, 0.0, 0.0, 0.0, 0.0, 1.0],
                [0.468541, -0.788479, 0.398459, 0.0, 0.695145, 0.607392, 0.38451, 0.189962, -0.545199, 0.096828, 0.832696, 0.0, 0.0, 0.0, 0.0, 1.0],
                [0.468541, -0.788479, 0.398459, 0.0, 0.695145, 0.607392, 0.38451, 0.189962, -0.545199, 0.096828, 0.832696, -0.0, 0.0, 0.0, 0.0, 1.0],
                [0.468541, -0.788479, 0.398459, 0.0, 0.695145, 0.607392, 0.38451, 0.189962, -0.545199, 0.096828, 0.832696, 0.0, 0.0, 0.0, 0.0, 1.0],
                [0.468541, -0.788479, 0.398459, -0.0, 0.695145, 0.607392, 0.38451, 0.189962, -0.545199, 0.096828, 0.832696, -0.0, 0.0, 0.0, 0.0, 1.0],
                [0.468541, -0.788479, 0.398459, 0.0, 0.695145, 0.607392, 0.38451, 0.189962, -0.545199, 0.096828, 0.832696, 0.0, 0.0, 0.0, 0.0, 1.0],
                [0.468541, -0.788479, 0.398459, -0.0, 0.695145, 0.607392, 0.38451, 0.189962, -0.545199, 0.096828, 0.832696, 0.0, 0.0, 0.0, 0.0, 1.0],
                [0.468541, -0.788479, 0.398459, -0.0, 0.695145, 0.607392, 0.38451, 0.189962, -0.545199, 0.096828, 0.832696, 0.0, 0.0, 0.0, 0.0, 1.0],
                [0.468541, -0.788479, 0.398459, 0.0, 0.695145, 0.607392, 0.38451, 0.189962, -0.545199, 0.096828, 0.832696, 0.0, 0.0, 0.0, 0.0, 1.0],
                [0.468541, -0.788479, 0.398459, 0.0, 0.695145, 0.607392, 0.38451, 0.189962, -0.545199, 0.096828, 0.832696, 0.0, 0.0, 0.0, 0.0, 1.0],
                [0.468541, -0.788479, 0.398459, 0.0, 0.695145, 0.607392, 0.38451, 0.189962, -0.545199, 0.096828, 0.832696, -0.0, 0.0, 0.0, 0.0, 1.0],
                [0.468541, -0.788479, 0.398459, -0.0, 0.695145, 0.607392, 0.38451, 0.189962, -0.545199, 0.096828, 0.832696, 0.0, 0.0, 0.0, 0.0, 1.0],
                [0.468541, -0.788479, 0.398459, -0.0, 0.695145, 0.607392, 0.38451, 0.189962, -0.545199, 0.096828, 0.832696, 0.0, 0.0, 0.0, 0.0, 1.0],
                [0.468541, -0.788479, 0.398459, 0.0, 0.695145, 0.607392, 0.38451, 0.189962, -0.545199, 0.096828, 0.832696, -0.0, 0.0, 0.0, 0.0, 1.0],
                [0.468541, -0.788479, 0.398459, 0.0, 0.695145, 0.607392, 0.38451, 0.189962, -0.545199, 0.096828, 0.832696, 0.0, 0.0, 0.0, 0.0, 1.0],
                [0.468541, -0.788479, 0.398459, 0.0, 0.695145, 0.607392, 0.38451, 0.189962, -0.545199, 0.096828, 0.832696, 0.0, 0.0, 0.0, 0.0, 1.0],
                [0.468541, -0.788479, 0.398459, -0.0, 0.695145, 0.607392, 0.38451, 0.189962, -0.545199, 0.096828, 0.832696, -0.0, 0.0, 0.0, 0.0, 1.0],
                [0.468541, -0.788479, 0.398459, 0.0, 0.695145, 0.607392, 0.38451, 0.189962, -0.545199, 0.096828, 0.832696, 0.0, 0.0, 0.0, 0.0, 1.0],
                [0.468541, -0.788479, 0.398459, 0.0, 0.695145, 0.607392, 0.38451, 0.189962, -0.545199, 0.096828, 0.832696, 0.0, 0.0, 0.0, 0.0, 1.0],
                [0.468541, -0.788479, 0.398459, -0.0, 0.695145, 0.607392, 0.38451, 0.189962, -0.545199, 0.096828, 0.832696, -0.0, 0.0, 0.0, 0.0, 1.0],
                [0.468541, -0.788479, 0.398459, 0.0, 0.695145, 0.607392, 0.38451, 0.189962, -0.545199, 0.096828, 0.832696, -0.0, 0.0, 0.0, 0.0, 1.0],
                [0.480323, -0.78085, 0.399453, -0.0, 0.685923, 0.61825, 0.383765, 0.189962, -0.546625, 0.089663, 0.832563, 0.0, 0.0, 0.0, 0.0, 1.0],
                [0.512452, -0.75872, 0.402166, 0.0, 0.659446, 0.647684, 0.381624, 0.189962, -0.550022, 0.069642, 0.832241, -0.0, 0.0, 0.0, 0.0, 1.0],
                [0.559564, -0.722447, 0.406151, 0.0, 0.616794, 0.690331, 0.378165, 0.189962, -0.553583, 0.038904, 0.831885, 0.0, 0.0, 0.0, 0.0, 1.0],
                [0.615723, -0.672334, 0.410915, -0.0, 0.559066, 0.740248, 0.373469, 0.189962, -0.555275, -0.000225, 0.831667, -0.0, 0.0, 0.0, 0.0, 1.0],
                [0.674783, -0.609638, 0.415945, -0.0, 0.488347, 0.791402, 0.367695, 0.189962, -0.553341, -0.044989, 0.831739, 0.0, 0.0, 0.0, 0.0, 1.0],
                [0.731009, -0.537203, 0.420759, 0.0, 0.408256, 0.838397, 0.361135, 0.189962, -0.546766, -0.092216, 0.832192, 0.0, 0.0, 0.0, 0.0, 1.0],
                [0.779867, -0.459572, 0.424971, -0.0, 0.32395, 0.877264, 0.354208, 0.189962, -0.535596, -0.138566, 0.833028, -0.0, 0.0, 0.0, 0.0, 1.0],
                [0.818635, -0.382567, 0.428344, -0.0, 0.241626, 0.906042, 0.347426, 0.189962, -0.521011, -0.180916, 0.834156, -0.0, 0.0, 0.0, 0.0, 1.0],
                [0.846588, -0.312564, 0.430804, 0.0, 0.167766, 0.924851, 0.341328, 0.189962, -0.505117, -0.21669, 0.835406, 0.0, 0.0, 0.0, 0.0, 1.0],
                [0.864631, -0.255792, 0.432415, 0.0, 0.108489, 0.93544, 0.336425, 0.189962, -0.490554, -0.243971, 0.836561, -0.0, 0.0, 0.0, 0.0, 1.0],
                [0.874492, -0.217959, 0.433309, 0.0, 0.069277, 0.940316, 0.333177, 0.189962, -0.480067, -0.261343, 0.837398, -0.0, 0.0, 0.0, 0.0, 1.0],
                [0.877652, -0.204251, 0.433599, 0.0, 0.055124, 0.941666, 0.332004, 0.189962, -0.476118, -0.267483, 0.837714, 0.0, 0.0, 0.0, 0.0, 1.0],
                [0.877652, -0.204251, 0.433599, 0.0, 0.055124, 0.941666, 0.332004, 0.189962, -0.476118, -0.267483, 0.837714, -0.0, 0.0, 0.0, 0.0, 1.0],
                [0.877652, -0.204251, 0.433599, 0.0, 0.055124, 0.941666, 0.332004, 0.189962, -0.476118, -0.267483, 0.837714, -0.0, 0.0, 0.0, 0.0, 1.0]
            ]
        },
        {
            "name": "Leg_FR",
            "time": [0.1, 0.1333, 0.1667, 0.2, 0.2333, 0.2667, 0.3, 0.3333, 0.3667, 0.4, 0.4333, 0.4667, 0.5, 0.5333, 0.5667, 0.6, 0.6333, 0.6667, 0.7, 0.7333, 0.7667, 0.8, 0.8333, 0.8667, 0.9, 0.9333, 0.9667, 1.0, 1.0333, 1.0667, 1.1, 1.1333, 1.1667, 1.2, 1.2333, 1.2667, 1.3, 1.3333, 1.3667, 1.4, 1.4333, 1.4667, 1.5, 1.5333, 1.5667, 1.6, 1.6333, 1.6667, 1.7, 1.7333, 1.7667, 1.8, 0.0],
            "transform": [
                [0.984976, 0.172685, -0.001589, 0.0, -0.172685, 0.984808, -0.018269, 0.239581, -0.00159, 0.018269, 0.999832, 0.0, 0.0, 0.0, 0.0, 1.0],
