{
    "animation": [
        {
            "name": "Root",
            "time": [0.0, 0.0333, 0.0667, 0.1, 0.1333, 0.1667, 0.2, 0.2333, 0.2667, 0.3, 0.3333, 0.3667, 0.4, 0.4333, 0.4667, 0.5, 0.5333, 0.5667, 0.6, 0.6333, 0.6667, 0.7, 0.7333, 0.7667, 0.8, 0.8333, 0.8667, 0.9, 0.9333, 0.9667, 1.0, 1.0333, 1.0667, 1.1, 1.1333, 1.1667, 1.2, 1.2333, 1.2667, 1.3, 1.3333, 1.3667, 1.4, 1.4333, 1.4667, 1.5, 1.5333, 1.5667, 1.6, 1.6333, 1.6667, 1.7, 1.7333, 1.7667, 1.8, 1.8333, 1.8667, 1.9, 1.9333, 1.9667, 2.0, 2.0333, 2.0667, 2.1, 2.1333, 2.1667, 2.2, 2.2333, 2.2667, 2.3, 2.3333, 2.3667, 2.4, 2.4333, 2.4667, 2.5, 2.5333, 2.5667, 2.6, 2.6333, 2.6667, 2.7, 2.7333, 2.7667, 2.8, 2.8333, 2.8667, 2.9, 2.9333, 2.9667, 3.0, 3.0333, 3.0667, 3.1, 3.1333, 3.1667, 3.2, 3.2333, 3.2667, 3.3, 3.3333, 3.3667, 3.4, 3.4333, 3.4667, 3.5, 3.5333, 3.5667, 3.6, 3.6333, 3.6667, 3.7, 3.7333, 3.7667, 3.8, 3.8333, 3.8667, 3.9, 3.9333, 3.9667, 4.0, 4.0333, 4.0667, 4.1, 4.1333, 4.1667, 4.2, 4.2333, 4.2667, 4.3, 4.3333, 4.3667, 4.4, 4.4333, 4.4667, 4.5, 4.5333, 4.5667, 4.6, 4.6333, 4.6667, 4.7, 4.7333, 4.7667, 4.8, 4.8333, 4.8667, 4.9, 4.9333, 4.9667, 5.0, 5.0333, 5.0667, 5.1, 5.1333, 5.1667, 5.2, 5.2333, 5.2667, 5.3, 5.3333, 5.3667, 5.4, 5.4333, 5.4667, 5.5, 5.5333, 5.5667, 5.6, 5.6333, 5.6667, 5.7, 5.7333, 5.7667, 5.8, 5.8333, 5.8667, 5.9, 5.9333, 5.9667],
            "transform": [
                [-0.0, 0.0, 1.0, -0.000507, 0.0, 1.0, 0.0, -0.523665, -1.0, 0.0, -0.0, 0.226391, 0.0, 0.0, 0.0, 1.0],
                [-0.0, 0.0, 1.0, -0.000507, 0.0, 1.0, 0.0, -0.523665, -1.0, 0.0, -0.0, 0.226391, 0.0, 0.0, 0.0, 1.0],
                [-0.0, 0.0, 1.0, -0.000507, 0.0, 1.0, 0.0, -0.523665, -1.0, 0.0, -0.0, 0.226391, 0.0, 0.0, 0.0, 1.0],
                [-0.0, 0.0, 1.0, -0.000507, 0.0, 1.0, 0.0, -0.523665, -1.0, 0.0, -0.0, 0.226391, 0.0, 0.0, 0.0, 1.0],
                [-0.0, 0.0, 1.0, -0.000507, 0.0, 1.0, 0.0, -0.523665, -1.0, 0.0, -0.0, 0.226391, 0.0, 0.0, 0.0, 1.0],
                [-0.0, 0.0, 1.0, -0.000507, 0.0, 1.0, 0.0, -0.523665, -1.0, 0.0, -0.0, 0.226391, 0.0, 0.0, 0.0, 1.0],
                [-0.0, 0.0, 1.0, -0.000507, 0.0, 1.0, 0.0, -0.523665, -1.0, 0.0, -0.0, 0.226391, 0.0, 0.0, 0.0, 1.0],
                [-0.0, 0.0, 1.0, -0.000507, 0.0, 1.0, 0.0, -0.523665, -1.0, 0.0, -0.0, 0.226391, 0.0, 0.0, 0.0, 1.0],
                [-0.0, 0.0, 1.0, -0.000507, 0.0, 1.0, 0.0, -0.523665, -1.0, 0.0, -0.0, 0.226391, 0.0, 0.0, 0.0, 1.0],
                [-0.0, 0.0, 1.0, -0.000507, 0.0, 1.0, 0.0, -0.523665, -1.0, 0.0, -0.0, 0.226391, 0.0, 0.0, 0.0, 1.0],
                [-0.0, 0.0, 1.0, -0.000507, 0.0, 1.0, 0.0, -0.523665, -1.0, 0.0, -0.0, 0.226391, 0.0, 0.0, 0.0, 1.0],
                [-0.0, 0.0, 1.0, -0.000507, 0.0, 1.0, 0.0, -0.523665, -1.0, 0.0, -0.0, 0.226391, 0.0, 0.0, 0.0, 1.0],
                [-0.0, 0.0, 1.0, -0.000507, 0.0, 1.0, 0.0, -0.523665, -1.0, 0.0, -0.0, 0.226391, 0.0, 0.0, 0.0, 1.0],
                [-0.0, 0.0, 1.0, -0.000507, 0.0, 1.0, 0.0, -0.523665, -1.0, 0.0, -0.0, 0.226391, 0.0, 0.0, 0.0, 1.0],
                [-0.0, 0.0, 1.0, -0.000507, 0.0, 1.0, 0.0, -0.523665, -1.0, 0.0, -0.0, 0.226391, 0.0, 0.0, 0.0, 1.0],
                [-0.0, 0.0, 1.0, -0.000507, 0.0, 1.0, 0.0, -0.523665, -1.0, 0.0, -0.0, 0.226391, 0.0, 0.0, 0.0, 1.0],
                [-0.0, 0.0, 1.0, -0.000507, 0.0, 1.0, 0.0, -0.523665, -1.0, 0.0, -0.0, 0.226391, 0.0, 0.0, 0.0, 1.0],
                [-0.0, 0.0, 1.0, -0.000507, 0.0, 1.0, 0.0, -0.523665, -1.0, 0.0, -0.0, 0.226391, 0.0, 0.0, 0.0, 1.0],
                [-0.0, 0.0, 1.0, -0.000507, 0.0, 1.0, 0.0, -0.523665, -1.0, 0.0, -0.0, 0.226391, 0.0, 0.0, 0.0, 1.0],
                [-0.0, 0.0, 1.0, -0.000507, 0.0, 1.0, 0.0, -0.523665, -1.0, 0.0, -0.0, 0.226391, 0.0, 0.0, 0.0, 1.0],
                [-0.0, 0.0, 1.0, -0.000507, 0.0, 1.0, 0.0, -0.523665, -1.0, 0.0, -0.0, 0.226391, 0.0, 0.0, 0.0, 1.0],
                [-0.0, 0.0, 1.0, -0.000507, 0.0, 1.0, 0.0, -0.523665, -1.0, 0.0, -0.0, 0.226391, 0.0, 0.0, 0.0, 1.0],
                [-0.0, 0.0, 1.0, -0.000507, 0.0, 1.0, 0.0, -0.523665, -1.0, 0.0, -0.0, 0.226391, 0.0, 0.0, 0.0, 1.0],
                [-0.0, 0.0, 1.0, -0.000507, 0.0, 1.0, 0.0, -0.523665, -1.0, 0.0, -0.0, 0.226391, 0.0, 0.0, 0.0, 1.0],
                [-0.0, 0.0, 1.0, -0.000507, 0.0, 1.0, 0.0, -0.523665, -1.0, 0.0, -0.0, 0.226391, 0.0, 0.0, 0.0, 1.0],
                [-0.0, 0.0, 1.0, -0.000507, 0.0, 1.0, 0.0, -0.523665, -1.0, 0.0, -0.0, 0.226391, 0.0, 0.0, 0.0, 1.0],
                [-0.0, 0.0, 1.0, -0.000507, 0.0, 1.0, 0.0, -0.523665, -1.0, 0.0, -0.0, 0.226391, 0.0, 0.0, 0.0, 1.0],
                [-0.0, 0.0, 1.0, -0.000507, 0.0, 1.0, 0.0, -0.523665, -1.0, 0.0, -0.0, 0.226391, 0.0, 0.0, 0.0, 1.0],
                [-0.0, 0.0, 1.0, -0.000507, 0.0, 1.0, 0.0, -0.523665, -1.0, 0.0, -0.0, 0.226391, 0.0, 0.0, 0.0, 1.0],
                [-0.0, 0.0, 1.0, -0.000507, 0.0, 1.0, 0.0, -0.523665, -1.0, 0.0, -0.0, 0.226391, 0.0, 0.0, 0.0, 1.0],
                [-0.0, 0.0, 1.0, -0.000507, 0.0, 1.0, 0.0, -0.523665, -1.0, 0.0, -0.0, 0.226391, 0.0, 0.0, 0.0, 1.0],
                [-0.0, 0.0, 1.0, -0.000507, 0.0, 1.0, 0.0, -0.523665, -1.0, 0.0, -0.0, 0.226391, 0.0, 0.0, 0.0, 1.0],
                [-0.0, 0.0, 1.0, -0.000507, 0.0, 1.0, 0.0, -0.523665, -1.0, 0.0, -0.0, 0.226391, 0.0, 0.0, 0.0, 1.0],
                [-0.0, 0.0, 1.0, -0.000507, 0.0, 1.0, 0.0, -0.523665, -1.0, 0.0, -0.0, 0.226391, 0.0, 0.0, 0.0, 1.0],
                [-0.0, 0.0, 1.0, -0.000507, 0.0, 1.0, 0.0, -0.523665, -1.0, 0.0, -0.0, 0.226391, 0.0, 0.0, 0.0, 1.0],
                [-0.0, 0.0, 1.0, -0.000507, 0.0, 1.0, 0.0, -0.523665, -1.0, 0.0, -0.0, 0.226391, 0.0, 0.0, 0.0, 1.0],
                [-0.0, 0.0, 1.0, -0.000507, 0.0, 1.0, 0.0, -0.523665, -1.0, 0.0, -0.0, 0.226391, 0.0, 0.0, 0.0, 1.0],
                [-0.0, 0.0, 1.0, -0.000507, 0.0, 1.0, 0.0, -0.523665, -1.0, 0.0, -0.0, 0.226391, 0.0, 0.0, 0.0, 1.0],
                [-0.0, 0.0, 1.0, -0.000507, 0.0, 1.0, 0.0, -0.523665, -1.0, 0.0, -0.0, 0.226391, 0.0, 0.0, 0.0, 1.0],
                [-0.0, 0.0, 1.0, -0.000507, 0.0, 1.0, 0.0, -0.523665, -1.0, 0.0, -0.0, 0.226391, 0.0, 0.0, 0.0, 1.0],
                [-0.0, 0.0, 1.0, -0.000507, 0.0, 1.0, 0.0, -0.523665, -1.0, 0.0, -0.0, 0.226391, 0.0, 0.0, 0.0, 1.0],
                [-0.0, 0.0, 1.0, -0.000507, 0.0, 1.0, 0.0, -0.523665, -1.0, 0.0, -0.0, 0.226391, 0.0, 0.0, 0.0, 1.0],
                [-0.0, 0.0, 1.0, -0.000507, 0.0, 1.0, 0.0, -0.523665, -1.0, 0.0, -0.0, 0.226391, 0.0, 0.0, 0.0, 1.0],
                [-0.0, 0.0, 1.0, -0.000507, 0.0, 1.0, 0.0, -0.523665, -1.0, 0.0, -0.0, 0.226391, 0.0, 0.0, 0.0, 1.0],
                [-0.0, 0.0, 1.0, -0.000507, 0.0, 1.0, 0.0, -0.523665, -1.0, 0.0, -0.0, 0.226391, 0.0, 0.0, 0.0, 1.0],
                [-0.0, 0.0, 1.0, -0.000507, 0.0, 1.0, 0.0, -0.523665, -1.0, 0.0, -0.0, 0.226391, 0.0, 0.0, 0.0, 1.0],
                [-0.0, 0.0, 1.0, -0.000507, 0.0, 1.0, 0.0, -0.523665, -1.0, 0.0, -0.0, 0.226391, 0.0, 0.0, 0.0, 1.0],
                [-0.0, 0.0, 1.0, -0.000507, 0.0, 1.0, 0.0, -0.523665, -1.0, 0.0, -0.0, 0.226391, 0.0, 0.0, 0.0, 1.0],
                [-0.0, 0.0, 1.0, -0.000507, 0.0, 1.0, 0.0, -0.523665, -1.0, 0.0, -0.0, 0.226391, 0.0, 0.0, 0.0, 1.0],
                [-0.0, 0.0, 1.0, -0.000507, 0.0, 1.0, 0.0, -0.523665, -1.0, 0.0, -0.0, 0.226391, 0.0, 0.0, 0.0, 1.0],
                [-0.0, 0.0, 1.0, -0.000507, 0.0, 1.0, 0.0, -0.523665, -1.0, 0.0, -0.0, 0.226391, 0.0, 0.0, 0.0, 1.0],
                [-0.0, 0.0, 1.0, -0.000507, 0.0, 1.0, 0.0, -0.523665, -1.0, 0.0, -0.0, 0.226391, 0.0, 0.0, 0.0, 1.0],
                [-0.0, 0.0, 1.0, -0.000507, 0.0, 1.0, 0.0, -0.523665, -1.0, 0.0, -0.0, 0.226391, 0.0, 0.0, 0.0, 1.0],
                [-0.0, 0.0, 1.0, -0.000507, 0.0, 1.0, 0.0, -0.523665, -1.0, 0.0, -0.0, 0.226391, 0.0, 0.0, 0.0, 1.0],
                [-0.0, 0.0, 1.0, -0.000507, 0.0, 1.0, 0.0, -0.523665, -1.0, 0.0, -0.0, 0.226391, 0.0, 0.0, 0.0, 1.0],
                [-0.0, 0.0, 1.0, -0.000507, 0.0, 1.0, 0.0, -0.523665, -1.0, 0.0, -0.0, 0.226391, 0.0, 0.0, 0.0, 1.0],
                [-0.0, 0.0, 1.0, -0.000507, 0.0, 1.0, 0.0, -0.523665, -1.0, 0.0, -0.0, 0.226391, 0.0, 0.0, 0.0, 1.0],
                [-0.0, 0.0, 1.0, -0.000507, 0.0, 1.0, 0.0, -0.523665, -1.0, 0.0, -0.0, 0.226391, 0.0, 0.0, 0.0, 1.0],
                [-0.0, 0.0, 1.0, -0.000507, 0.0, 1.0, 0.0, -0.523665, -1.0, 0.0, -0.0, 0.226391, 0.0, 0.0, 0.0, 1.0],
                [-0.0, 0.0, 1.0, -0.000507, 0.0, 1.0, 0.0, -0.523665, -1.0, 0.0, -0.0, 0.226391, 0.0, 0.0, 0.0, 1.0],
                [-0.0, 0.0, 1.0, -0.000507, 0.0, 1.0, 0.0, -0.523665, -1.0, 0.0, -0.0, 0.226391, 0.0, 0.0, 0.0, 1.0],
                [-0.0, 0.0, 1.0, -0.000507, 0.0, 1.0, 0.0, -0.523665, -1.0, 0.0, -0.0, 0.226391, 0.0, 0.0, 0.0, 1.0],
                [-0.0, 0.0, 1.0, -0.000507, 0.0, 1.0, 0.0, -0.523665, -1.0, 0.0, -0.0, 0.226391, 0.0, 0.0, 0.0, 1.0],
                [-0.0, 0.0, 1.0, -0.000507, 0.0, 1.0, 0.0, -0.523665, -1.0, 0.0, -0.0, 0.226391, 0.0, 0.0, 0.0, 1.0],
                [-0.0, 0.0, 1.0, -0.000507, 0.0, 1.0, 0.0, -0.523665, -1.0, 0.0, -0.0, 0.226391, 0.0, 0.0, 0.0, 1.0],
                [-0.0, 0.0, 1.0, -0.000507, 0.0, 1.0, 0.0, -0.523665, -1.0, 0.0, -0.0, 0.226391, 0.0, 0.0, 0.0, 1.0],
                [-0.0, 0.0, 1.0, -0.000507, 0.0, 1.0, 0.0, -0.523665, -1.0, 0.0, -0.0, 0.226391, 0.0, 0.0, 0.0, 1.0],
                [-0.0, 0.0, 1.0, -0.000507, 0.0, 1.0, 0.0, -0.523665, -1.0, 0.0, -0.0, 0.226391, 0.0, 0.0, 0.0, 1.0],
                [-0.0, 0.0, 1.0, -0.000507, 0.0, 1.0, 0.0, -0.523665, -1.0, 0.0, -0.0, 0.226391, 0.0, 0.0, 0.0, 1.0],
                [-0.0, 0.0, 1.0, -0.000507, 0.0, 1.0, 0.0, -0.523665, -1.0, 0.0, -0.0, 0.226391, 0.0, 0.0, 0.0, 1.0],
                [-0.0, 0.0, 1.0, -0.000507, 0.0, 1.0, 0.0, -0.523665, -1.0, 0.0, -0.0, 0.226391, 0.0, 0.0, 0.0, 1.0],
                [-0.0, 0.0, 1.0, -0.000507, 0.0, 1.0, 0.0, -0.523665, -1.0, 0.0, -0.0, 0.226391, 0.0, 0.0, 0.0, 1.0],
                [-0.0, 0.0, 1.0, -0.000507, 0.0, 1.0, 0.0, -0.523665, -1.0, 0.0, -0.0, 0.226391, 0.0, 0.0, 0.0, 1.0],
                [-0.0, 0.0, 1.0, -0.000507, 0.0, 1.0, 0.0, -0.523665, -1.0, 0.0, -0.0, 0.226391, 0.0, 0.0, 0.0, 1.0],
                [-0.0, 0.0, 1.0, -0.000507, 0.0, 1.0, 0.0, -0.523665, -1.0, 0.0, -0.0, 0.226391, 0.0, 0.0, 0.0, 1.0],
                [-0.0, 0.0, 1.0, -0.000507, 0.0, 1.0, 0.0, -0.523665, -1.0, 0.0, -0.0, 0.226391, 0.0, 0.0, 0.0, 1.0],
                [-0.0, 0.0, 1.0, -0.000507, 0.0, 1.0, 0.0, -0.523665, -1.0, 0.0, -0.0, 0.226391, 0.0, 0.0, 0.0, 1.0],
                [-0.0, 0.0, 1.0, -0.000507, 0.0, 1.0, 0.0, -0.523665, -1.0, 0.0, -0.0, 0.226391, 0.0, 0.0, 0.0, 1.0],
                [-0.0, 0.0, 1.0, -0.000507, 0.0, 1.0, 0.0, -0.523665, -1.0, 0.0, -0.0, 0.226391, 0.0, 0.0, 0.0, 1.0],
                [-0.0, 0.0, 1.0, -0.000507, 0.0, 1.0, 0.0, -0.523665, -1.0, 0.0, -0.0, 0.226391, 0.0, 0.0, 0.0, 1.0],
                [-0.0, 0.0, 1.0, -0.000507, 0.0, 1.0, 0.0, -0.523665, -1.0, 0.0, -0.0, 0.226391, 0.0, 0.0, 0.0, 1.0],
                [-0.0, 0.0, 1.0, -0.000507, 0.0, 1.0, 0.0, -0.523665, -1.0, 0.0, -0.0, 0.226391, 0.0, 0.0, 0.0, 1.0],
                [-0.0, 0.0, 1.0, -0.000507, 0.0, 1.0, 0.0, -0.523665, -1.0, 0.0, -0.0, 0.226391, 0.0, 0.0, 0.0, 1.0],
                [-0.0, 0.0, 1.0, -0.000507, 0.0, 1.0, 0.0, -0.523665, -1.0, 0.0, -0.0, 0.226391, 0.0, 0.0, 0.0, 1.0],
                [-0.0, 0.0, 1.0, -0.000507, 0.0, 1.0, 0.0, -0.523665, -1.0, 0.0, -0.0, 0.226391, 0.0, 0.0, 0.0, 1.0],
                [-0.0, 0.0, 1.0, -0.000507, 0.0, 1.0, 0.0, -0.523665, -1.0, 0.0, -0.0, 0.226391, 0.0, 0.0, 0.0, 1.0],
                [-0.0, 0.0, 1.0, -0.000507, 0.0, 1.0, 0.0, -0.523665, -1.0, 0.0, -0.0, 0.226391, 0.0, 0.0, 0.0, 1.0],
                [-0.0, 0.0, 1.0, -0.000507, 0.0, 1.0, 0.0, -0.523665, -1.0, 0.0, -0.0, 0.226391, 0.0, 0.0, 0.0, 1.0],
                [-0.0, 0.0, 1.0, -0.000507, 0.0, 1.0, 0.0, -0.523665, -1.0, 0.0, -0.0, 0.226391, 0.0, 0.0, 0.0, 1.0],
                [-0.0, 0.0, 1.0, -0.000507, 0.0, 1.0, 0.0, -0.523665, -1.0, 0.0, -0.0, 0.226391, 0.0, 0.0, 0.0, 1.0],
                [-0.0, 0.0, 1.0, -0.000507, 0.0, 1.0, 0.0, -0.523665, -1.0, 0.0, -0.0, 0.226391, 0.0, 0.0, 0.0, 1.0],
                [-0.0, 0.0, 1.0, -0.000507, 0.0, 1.0, 0.0, -0.523665, -1.0, 0.0, -0.0, 0.226391, 0.0, 0.0, 0.0, 1.0],
                [-0.0, 0.0, 1.0, -0.000507, 0.0, 1.0, 0.0, -0.523665, -1.0, 0.0, -0.0, 0.226391, 0.0, 0.0, 0.0, 1.0],
                [-0.0, 0.0, 1.0, -0.000507, 0.0, 1.0, 0.0, -0.523665, -1.0, 0.0, -0.0, 0.226391, 0.0, 0.0, 0.0, 1.0],
                [-0.0, 0.0, 1.0, -0.000507, 0.0, 1.0, 0.0, -0.523665, -1.0, 0.0, -0.0, 0.226391, 0.0, 0.0, 0.0, 1.0],
                [-0.0, 0.0, 1.0, -0.000507, 0.0, 1.0, 0.0, -0.523665, -1.0, 0.0, -0.0, 0.226391, 0.0, 0.0, 0.0, 1.0],
                [-0.0, 0.0, 1.0, -0.000507, 0.0, 1.0, 0.0, -0.523665, -1.0, 0.0, -0.0, 0.226391, 0.0, 0.0, 0.0, 1.0],
                [-0.0, 0.0, 1.0, -0.000507, 0.0, 1.0, 0.0, -0.523665, -1.0, 0.0, -0.0, 0.226391, 0.0, 0.0, 0.0, 1.0],
                [-0.0, 0.0, 1.0, -0.000507, 0.0, 1.0, 0.0, -0.523665, -1.0, 0.0, -0.0, 0.226391, 0.0, 0.0, 0.0, 1.0],
                [-0.0, 0.0, 1.0, -0.000507, 0.0, 1.0, 0.0, -0.523665, -1.0, 0.0, -0.0, 0.226391, 0.0, 0.0, 0.0, 1.0],
                [-0.0, 0.0, 1.0, -0.000507, 0.0, 1.0, 0.0, -0.523665, -1.0, 0.0, -0.0, 0.226391, 0.0, 0.0, 0.0, 1.0],
                [-0.0, 0.0, 1.0, -0.000507, 0.0, 1.0, 0.0, -0.523665, -1.0, 0.0, -0.0, 0.226391, 0.0, 0.0, 0.0, 1.0],
                [-0.0, 0.0, 1.0, -0.000507, 0.0, 1.0, 0.0, -0.523665, -1.0, 0.0, -0.0, 0.226391, 0.0, 0.0, 0.0, 1.0],
                [-0.0, 0.0, 1.0, -0.000507, 0.0, 1.0, 0.0, -0.523665, -1.0, 0.0, -0.0, 0.226391, 0.0, 0.0, 0.0, 1.0],
                [-0.0, 0.0, 1.0, -0.000507, 0.0, 1.0, 0.0, -0.523665, -1.0, 0.0, -0.0, 0.226391, 0.0, 0.0, 0.0, 1.0],
                [-0.0, 0.0, 1.0, -0.000507, 0.0, 1.0, 0.0, -0.523665, -1.0, 0.0, -0.0, 0.226391, 0.0, 0.0, 0.0, 1.0],
                [-0.0, 0.0, 1.0, -0.000507, 0.0, 1.0, 0.0, -0.523665, -1.0, 0.0, -0.0, 0.226391, 0.0, 0.0, 0.0, 1.0],
                [-0.0, 0.0, 1.0, -0.000507, 0.0, 1.0, 0.0, -0.523665, -1.0, 0.0, -0.0, 0.226391, 0.0, 0.0, 0.0, 1.0],
                [-0.0, 0.0, 1.0, -0.000507, 0.0, 1.0, 0.0, -0.523665, -1.0, 0.0, -0.0, 0.226391, 0.0, 0.0, 0.0, 1.0],
                [-0.0, 0.0, 1.0, -0.000507, 0.0, 1.0, 0.0, -0.523665, -1.0, 0.0, -0.0, 0.226391, 0.0, 0.0, 0.0, 1.0],
                [-0.0, 0.0, 1.0, -0.000507, 0.0, 1.0, 0.0, -0.523665, -1.0, 0.0, -0.0, 0.226391, 0.0, 0.0, 0.0, 1.0],
                [-0.0, 0.0, 1.0, -0.000507, 0.0, 1.0, 0.0, -0.523665, -1.0, 0.0, -0.0, 0.226391, 0.0, 0.0, 0.0, 1.0],
                [-0.0, 0.0, 1.0, -0.000507, 0.0, 1.0, 0.0, -0.523665, -1.0, 0.0, -0.0, 0.226391, 0.0, 0.0, 0.0, 1.0],
                [-0.0, 0.0, 1.0, -0.000507, 0.0, 1.0, 0.0, -0.523665, -1.0, 0.0, -0.0, 0.226391, 0.0, 0.0, 0.0, 1.0],
                [-0.0, 0.0, 1.0, -0.000507, 0.0, 1.0, 0.0, -0.523665, -1.0, 0.0, -0.0, 0.226391, 0.0, 0.0, 0.0, 1.0],
                [-0.0, 0.0, 1.0, -0.000507, 0.0, 1.0, 0.0, -0.523665, -1.0, 0.0, -0.0, 0.226391, 0.0, 0.0, 0.0, 1.0],
                [-0.0, 0.0, 1.0, -0.000507, 0.0, 1.0, 0.0, -0.523665, -1.0, 0.0, -0.0, 0.226391, 0.0, 0.0, 0.0, 1.0],
                [-0.0, 0.0, 1.0, -0.000507, 0.0, 1.0, 0.0, -0.523665, -1.0, 0.0, -0.0, 0.226391, 0.0, 0.0, 0.0, 1.0],
                [-0.0, 0.0, 1.0, -0.000507, 0.0, 1.0, 0.0, -0.523665, -1.0, 0.0, -0.0, 0.226391, 0.0, 0.0, 0.0, 1.0],
                [-0.0, 0.0, 1.0, -0.000507, 0.0, 1.0, 0.0, -0.523665, -1.0, 0.0, -0.0, 0.226391, 0.0, 0.0, 0.0, 1.0],
                [-0.0, 0.0, 1.0, -0.000507, 0.0, 1.0, 0.0, -0.523665, -1.0, 0.0, -0.0, 0.226391, 0.0, 0.0, 0.0, 1.0],
                [-0.0, 0.0, 1.0, -0.000507, 0.0, 1.0, 0.0, -0.523665, -1.0, 0.0, -0.0, 0.226391, 0.0, 0.0, 0.0, 1.0],
                [-0.0, 0.0, 1.0, -0.000507, 0.0, 1.0, 0.0, -0.523665, -1.0, 0.0, -0.0, 0.226391, 0.0, 0.0, 0.0, 1.0],
                [-0.0, 0.0, 1.0, -0.000507, 0.0, 1.0, 0.0, -0.523665, -1.0, 0.0, -0.0, 0.226391, 0.0, 0.0, 0.0, 1.0],
                [-0.0, 0.0, 1.0, -0.000507, 0.0, 1.0, 0.0, -0.523665, -1.0, 0.0, -0.0, 0.226391, 0.0, 0.0, 0.0, 1.0],
                [-0.0, 0.0, 1.0, -0.000507, 0.0, 1.0, 0.0, -0.523665, -1.0, 0.0, -0.0, 0.226391, 0.0, 0.0, 0.0, 1.0],
                [-0.0, 0.0, 1.0, -0.000507, 0.0, 1.0, 0.0, -0.523665, -1.0, 0.0, -0.0, 0.226391, 0.0, 0.0, 0.0, 1.0],
                [-0.0, 0.0, 1.0, -0.000507, 0.0, 1.0, 0.0, -0.523665, -1.0, 0.0, -0.0, 0.226391, 0.0, 0.0, 0.0, 1.0],
                [-0.0, 0.0, 1.0, -0.000507, 0.0, 1.0, 0.0, -0.523665, -1.0, 0.0, -0.0, 0.226391, 0.0, 0.0, 0.0, 1.0],
                [-0.0, 0.0, 1.0, -0.000507, 0.0, 1.0, 0.0, -0.523665, -1.0, 0.0, -0.0, 0.226391, 0.0, 0.0, 0.0, 1.0],
                [-0.0, 0.0, 1.0, -0.000507, 0.0, 1.0, 0.0, -0.523665, -1.0, 0.0, -0.0, 0.226391, 0.0, 0.0, 0.0, 1.0],
                [-0.0, 0.0, 1.0, -0.000507, 0.0, 1.0, 0.0, -0.523665, -1.0, 0.0, -0.0, 0.226391, 0.0, 0.0, 0.0, 1.0],
                [-0.0, 0.0, 1.0, -0.000507, 0.0, 1.0, 0.0, -0.523665, -1.0, 0.0, -0.0, 0.226391, 0.0, 0.0, 0.0, 1.0],
                [-0.0, 0.0, 1.0, -0.000507, 0.0, 1.0, 0.0, -0.523665, -1.0, 0.0, -0.0, 0.226391, 0.0, 0.0, 0.0, 1.0],
                [-0.0, 0.0, 1.0, -0.000507, 0.0, 1.0, 0.0, -0.523665, -1.0, 0.0, -0.0, 0.226391, 0.0, 0.0, 0.0, 1.0],
                [-0.0, 0.0, 1.0, -0.000507, 0.0, 1.0, 0.0, -0.523665, -1.0, 0.0, -0.0, 0.226391, 0.0, 0.0, 0.0, 1.0],
                [-0.0, 0.0, 1.0, -0.000507, 0.0, 1.0, 0.0, -0.523665, -1.0, 0.0, -0.0, 0.226391, 0.0, 0.0, 0.0, 1.0],
                [-0.0, 0.0, 1.0, -0.000507, 0.0, 1.0, 0.0, -0.523665, -1.0, 0.0, -0.0, 0.226391, 0.0, 0.0, 0.0, 1.0],
                [-0.0, 0.0, 1.0, -0.000507, 0.0, 1.0, 0.0, -0.523665, -1.0, 0.0, -0.0, 0.226391, 0.0, 0.0, 0.0, 1.0],
                [-0.0, 0.0, 1.0, -0.000507, 0.0, 1.0, 0.0, -0.523665, -1.0, 0.0, -0.0, 0.226391, 0.0, 0.0, 0.0, 1.0],
                [-0.0, 0.0, 1.0, -0.000507, 0.0, 1.0, 0.0, -0.523665, -1.0, 0.0, -0.0, 0.226391, 0.0, 0.0, 0.0, 1.0],
                [-0.0, 0.0, 1.0, -0.000507, 0.0, 1.0, 0.0, -0.523665, -1.0, 0.0, -0.0, 0.226391, 0.0, 0.0, 0.0, 1.0],
                [-0.0, 0.0, 1.0, -0.000507, 0.0, 1.0, 0.0, -0.523665, -1.0, 0.0, -0.0, 0.226391, 0.0, 0.0, 0.0, 1.0],
                [-0.0, 0.0, 1.0, -0.000507, 0.0, 1.0, 0.0, -0.523665, -1.0, 0.0, -0.0, 0.226391, 0.0, 0.0, 0.0, 1.0],
                [-0.0, 0.0, 1.0, -0.000507, 0.0, 1.0, 0.0, -0.523665, -1.0, 0.0, -0.0, 0.226391, 0.0, 0.0, 0.0, 1.0],
                [-0.0, 0.0, 1.0, -0.000507, 0.0, 1.0, 0.0, -0.523665, -1.0, 0.0, -0.0, 0.226391, 0.0, 0.0, 0.0, 1.0],
                [-0.0, 0.0, 1.0, -0.000507, 0.0, 1.0, 0.0, -0.523665, -1.0, 0.0, -0.0, 0.226391, 0.0, 0.0, 0.0, 1.0],
                [-0.0, 0.0, 1.0, -0.000507, 0.0, 1.0, 0.0, -0.523665, -1.0, 0.0, -0.0, 0.226391, 0.0, 0.0, 0.0, 1.0],
                [-0.0, 0.0, 1.0, -0.000507, 0.0, 1.0, 0.0, -0.523665, -1.0, 0.0, -0.0, 0.226391, 0.0, 0.0, 0.0, 1.0],
                [-0.0, 0.0, 1.0, -0.000507, 0.0, 1.0, 0.0, -0.523665, -1.0, 0.0, -0.0, 0.226391, 0.0, 0.0, 0.0, 1.0],
                [-0.0, 0.0, 1.0, -0.000507, 0.0, 1.0, 0.0, -0.523665, -1.0, 0.0, -0.0, 0.226391, 0.0, 0.0, 0.0, 1.0],
                [-0.0, 0.0, 1.0, -0.000507, 0.0, 1.0, 0.0, -0.523665, -1.0, 0.0, -0.0, 0.226391, 0.0, 0.0, 0.0, 1.0],
                [-0.0, 0.0, 1.0, -0.000507, 0.0, 1.0, 0.0, -0.523665, -1.0, 0.0, -0.0, 0.226391, 0.0, 0.0, 0.0, 1.0],
                [-0.0, 0.0, 1.0, -0.000507, 0.0, 1.0, 0.0, -0.523665, -1.0, 0.0, -0.0, 0.226391, 0.0, 0.0, 0.0, 1.0],
                [-0.0, 0.0, 1.0, -0.000507, 0.0, 1.0, 0.0, -0.523665, -1.0, 0.0, -0.0, 0.226391, 0.0, 0.0, 0.0, 1.0],
                [-0.0, 0.0, 1.0, -0.000507, 0.0, 1.0, 0.0, -0.523665, -1.0, 0.0, -0.0, 0.226391, 0.0, 0.0, 0.0, 1.0],
                [-0.0, 0.0, 1.0, -0.000507, 0.0, 1.0, 0.0, -0.523665, -1.0, 0.0, -0.0, 0.226391, 0.0, 0.0, 0.0, 1.0],
                [-0.0, 0.0, 1.0, -0.000507, 0.0, 1.0, 0.0, -0.523665, -1.0, 0.0, -0.0, 0.226391, 0.0, 0.0, 0.0, 1.0],
                [-0.0, 0.0, 1.0, -0.000507, 0.0, 1.0, 0.0, -0.523665, -1.0, 0.0, -0.0, 0.226391, 0.0, 0.0, 0.0, 1.0],
                [-0.0, 0.0, 1.0, -0.000507, 0.0, 1.0, 0.0, -0.523665, -1.0, 0.0, -0.0, 0.226391, 0.0, 0.0, 0.0, 1.0],
                [-0.0, 0.0, 1.0, -0.000507, 0.0, 1.0, 0.0, -0.523665, -1.0, 0.0, -0.0, 0.226391, 0.0, 0.0, 0.0, 1.0],
                [-0.0, 0.0, 1.0, -0.000507, 0.0, 1.0, 0.0, -0.523665, -1.0, 0.0, -0.0, 0.226391, 0.0, 0.0, 0.0, 1.0],
                [-0.0, 0.0, 1.0, -0.000507, 0.0, 1.0, 0.0, -0.523665, -1.0, 0.0, -0.0, 0.226391, 0.0, 0.0, 0.0, 1.0],
                [-0.0, 0.0, 1.0, -0.000507, 0.0, 1.0, 0.0, -0.523665, -1.0, 0.0, -0.0, 0.226391, 0.0, 0.0, 0.0, 1.0],
                [-0.0, 0.0, 1.0, -0.000507, 0.0, 1.0, 0.0, -0.523665, -1.0, 0.0, -0.0, 0.226391, 0.0, 0.0, 0.0, 1.0],
                [-0.0, 0.0, 1.0, -0.000507, 0.0, 1.0, 0.0, -0.523665, -1.0, 0.0, -0.0, 0.226391, 0.0, 0.0, 0.0, 1.0],
                [-0.0, 0.0, 1.0, -0.000507, 0.0, 1.0, 0.0, -0.523665, -1.0, 0.0, -0.0, 0.226391, 0.0, 0.0, 0.0, 1.0],
                [-0.0, 0.0, 1.0, -0.000507, 0.0, 1.0, 0.0, -0.523665, -1.0, 0.0, -0.0, 0.226391, 0.0, 0.0, 0.0, 1.0],
                [-0.0, 0.0, 1.0, -0.000507, 0.0, 1.0, 0.0, -0.523665, -1.0, 0.0, -0.0, 0.226391, 0.0, 0.0, 0.0, 1.0],
                [-0.0, 0.0, 1.0, -0.000507, 0.0, 1.0, 0.0, -0.523665, -1.0, 0.0, -0.0, 0.226391, 0.0, 0.0, 0.0, 1.0],
                [-0.0, 0.0, 1.0, -0.000507, 0.0, 1.0, 0.0, -0.523665, -1.0, 0.0, -0.0, 0.226391, 0.0, 0.0, 0.0, 1.0],
                [-0.0, 0.0, 1.0, -0.000507, 0.0, 1.0, 0.0, -0.523665, -1.0, 0.0, -0.0, 0.226391, 0.0, 0.0, 0.0, 1.0],
                [-0.0, 0.0, 1.0, -0.000507, 0.0, 1.0, 0.0, -0.523665, -1.0, 0.0, -0.0, 0.226391, 0.0, 0.0, 0.0, 1.0],
                [-0.0, 0.0, 1.0, -0.000507, 0.0, 1.0, 0.0, -0.523665, -1.0, 0.0, -0.0, 0.226391, 0.0, 0.0, 0.0, 1.0],
                [-0.0, 0.0, 1.0, -0.000507, 0.0, 1.0, 0.0, -0.523665, -1.0, 0.0, -0.0, 0.226391, 0.0, 0.0, 0.0, 1.0],
                [-0.0, 0.0, 1.0, -0.000507, 0.0, 1.0, 0.0, -0.523665, -1.0, 0.0, -0.0, 0.226391, 0.0, 0.0, 0.0, 1.0],
                [-0.0, 0.0, 1.0, -0.000507, 0.0, 1.0, 0.0, -0.523665, -1.0, 0.0, -0.0, 0.226391, 0.0, 0.0, 0.0, 1.0],
                [-0.0, 0.0, 1.0, -0.000507, 0.0, 1.0, 0.0, -0.523665, -1.0, 0.0, -0.0, 0.226391, 0.0, 0.0, 0.0, 1.0],
                [-0.0, 0.0, 1.0, -0.000507, 0.0, 1.0, 0.0, -0.523665, -1.0, 0.0, -0.0, 0.226391, 0.0, 0.0, 0.0, 1.0],
                [-0.0, 0.0, 1.0, -0.000507, 0.0, 1.0, 0.0, -0.523665, -1.0, 0.0, -0.0, 0.226391, 0.0, 0.0, 0.0, 1.0]
            ]
        },
        {
            "name": "Torso",
            "time": [0.0, 0.0333, 0.0667, 0.1, 0.1333, 0.1667, 0.2, 0.2333, 0.2667, 0.3, 0.3333, 0.3667, 0.4, 0.4333, 0.4667, 0.5, 0.5333, 0.5667, 0.6, 0.6333, 0.6667, 0.7, 0.7333, 0.7667, 0.8, 0.8333, 0.8667, 0.9, 0.9333, 0.9667, 1.0, 1.0333, 1.0667, 1.1, 1.1333, 1.1667, 1.2, 1.2333, 1.2667, 1.3, 1.3333, 1.3667, 1.4, 1.4333, 1.4667, 1.5, 1.5333, 1.5667, 1.6, 1.6333, 1.6667, 1.7, 1.7333, 1.7667, 1.8, 1.8333, 1.8667, 1.9, 1.9333, 1.9667, 2.0, 2.0333, 2.0667, 2.1, 2.1333, 2.1667, 2.2, 2.2333, 2.2667, 2.3, 2.3333, 2.3667, 2.4, 2.4333, 2.4667, 2.5, 2.5333, 2.5667, 2.6, 2.6333, 2.6667, 2.7, 2.7333, 2.7667, 2.8, 2.8333, 2.8667, 2.9, 2.9333, 2.9667, 3.0, 3.0333, 3.0667, 3.1, 3.1333, 3.1667, 3.2, 3.2333, 3.2667, 3.3, 3.3333, 3.3667, 3.4, 3.4333, 3.4667, 3.5, 3.5333, 3.5667, 3.6, 3.6333, 3.6667, 3.7, 3.7333, 3.7667, 3.8, 3.8333, 3.8667, 3.9, 3.9333, 3.9667, 4.0, 4.0333, 4.0667, 4.1, 4.1333, 4.1667, 4.2, 4.2333, 4.2667, 4.3, 4.3333, 4.3667, 4.4, 4.4333, 4.4667, 4.5, 4.5333, 4.5667, 4.6, 4.6333, 4.6667, 4.7, 4.7333, 4.7667, 4.8, 4.8333, 4.8667, 4.9, 4.9333, 4.9667, 5.0, 5.0333, 5.0667, 5.1, 5.1333, 5.1667, 5.2, 5.2333, 5.2667, 5.3, 5.3333, 5.3667, 5.4, 5.4333, 5.4667, 5.5, 5.5333, 5.5667, 5.6, 5.6333, 5.6667, 5.7, 5.7333, 5.7667, 5.8, 5.8333, 5.8667, 5.9, 5.9333, 5.9667],
            "transform": [
                [1.0, -0.0, -0.0, 0.0, -0.0, 0.906308, -0.422618, 0.179686, 0.0, 0.422618, 0.906308, 0.0, 0.0, 0.0, 0.0, 1.0],
                [1.0, -7e-06, -0.0, 0.0, 7e-06, 0.906308, -0.422618, 0.179686, 3e-06, 0.422618, 0.906308, 0.0, 0.0, 0.0, 0.0, 1.0],
                [1.0, -3e-05, -0.0, 0.0, 2.7e-05, 0.906308, -0.422618, 0.179686, 1.3e-05, 0.422618, 0.906308, 0.0, 0.0, 0.0, 0.0, 1.0],
                [1.0, -6.6e-05, -0.0, 0.0, 6e-05, 0.906308, -0.422618, 0.179686, 2.8e-05, 0.422618, 0.906308, 0.0, 0.0, 0.0, 0.0, 1.0],
                [1.0, -0.000117, -0.0, 0.0, 0.000106, 0.906308, -0.422618, 0.179686, 5e-05, 0.422618, 0.906308, 0.0, 0.0, 0.0, 0.0, 1.0],
                [1.0, -0.000182, -0.0, 0.0, 0.000165, 0.906308, -0.422618, 0.179686, 7.7e-05, 0.422618, 0.906308, 0.0, 0.0, 0.0, 0.0, 1.0],
                [1.0, -0.000261, -0.0, 0.0, 0.000236, 0.906308, -0.422618, 0.179686, 0.00011, 0.422618, 0.906308, 0.0, 0.0, 0.0, 0.0, 1.0],
                [1.0, -0.000353, -0.0, 0.0, 0.00032, 0.906308, -0.422618, 0.179686, 0.000149, 0.422618, 0.906308, 0.0, 0.0, 0.0, 0.0, 1.0],
                [1.0, -0.000458, -0.0, 0.0, 0.000415, 0.906308, -0.422618, 0.179686, 0.000194, 0.422618, 0.906308, 0.0, 0.0, 0.0, 0.0, 1.0],
                [1.0, -0.000577, -0.0, 0.0, 0.000523, 0.906308, -0.422618, 0.179686, 0.000244, 0.422618, 0.906308, 0.0, 0.0, 0.0, 0.0, 1.0],
                [1.0, -0.000708, -0.0, 0.0, 0.000642, 0.906308, -0.422618, 0.179686, 0.000299, 0.422618, 0.906308, 0.0, 0.0, 0.0, 0.0, 1.0],
                [1.0, -0.000852, -0.0, 0.0, 0.000772, 0.906307, -0.422618, 0.179686, 0.00036, 0.422618, 0.906308, 0.0, 0.0, 0.0, 0.0, 1.0],
                [0.999999, -0.001008, -0.0, 0.0, 0.000913, 0.906307, -0.422618, 0.179686, 0.000426, 0.422618, 0.906308, 0.0, 0.0, 0.0, 0.0, 1.0],
                [0.999999, -0.001176, -0.0, 0.0, 0.001066, 0.906307, -0.422618, 0.179686, 0.000497, 0.422618, 0.906308, 0.0, 0.0, 0.0, 0.0, 1.0],
                [0.999999, -0.001356, -0.0, 0.0, 0.001229, 0.906307, -0.422618, 0.179686, 0.000573, 0.422618, 0.906308, 0.0, 0.0, 0.0, 0.0, 1.0],
                [0.999999, -0.001547, -0.0, 0.0, 0.001402, 0.906307, -0.422618, 0.179686, 0.000654, 0.422618, 0.906308, 0.0, 0.0, 0.0, 0.0, 1.0],
                [0.999998, -0.00175, -0.0, 0.0, 0.001586, 0.906306, -0.422618, 0.179686, 0.00074, 0.422618, 0.906308, 0.0, 0.0, 0.0, 0.0, 1.0],
                [0.999998, -0.001964, -0.0, 0.0, 0.00178, 0.906306, -0.422618, 0.179686, 0.00083, 0.422617, 0.906308, 0.0, 0.0, 0.0, 0.0, 1.0],
                [0.999998, -0.002188, -0.0, 0.0, 0.001983, 0.906306, -0.422618, 0.179686, 0.000925, 0.422617, 0.906308, 0.0, 0.0, 0.0, 0.0, 1.0],
                [0.999997, -0.002423, -0.0, 0.0, 0.002196, 0.906305, -0.422618, 0.179686, 0.001024, 0.422617, 0.906308, 0.0, 0.0, 0.0, 0.0, 1.0],
                [0.999996, -0.002669, -0.0, 0.0, 0.002419, 0.906305, -0.422618, 0.179686, 0.001128, 0.422617, 0.906308, 0.0, 0.0, 0.0, 0.0, 1.0],
                [0.999996, -0.002924, -0.0, 0.0, 0.00265, 0.906304, -0.422618, 0.179686, 0.001236, 0.422616, 0.906308, 0.0, 0.0, 0.0, 0.0, 1.0],
                [0.999995, -0.003189, -0.0, 0.0, 0.002891, 0.906303, -0.422618, 0.179686, 0.001348, 0.422616, 0.906308, 0.0, 0.0, 0.0, 0.0, 1.0],
                [0.999994, -0.003464, -0.0, 0.0, 0.00314, 0.906302, -0.422618, 0.179686, 0.001464, 0.422616, 0.906308, 0.0, 0.0, 0.0, 0.0, 1.0],
                [0.999993, -0.003748, -0.0, 0.0, 0.003397, 0.906301, -0.422618, 0.179686, 0.001584, 0.422615, 0.906308, 0.0, 0.0, 0.0, 0.0, 1.0],
                [0.999992, -0.004042, -0.0, 0.0, 0.003663, 0.9063, -0.422618, 0.179686, 0.001708, 0.422615, 0.906308, 0.0, 0.0, 0.0, 0.0, 1.0],
                [0.999991, -0.004344, -0.0, 0.0, 0.003937, 0.906299, -0.422618, 0.179686, 0.001836, 0.422614, 0.906308, 0.0, 0.0, 0.0, 0.0, 1.0],
                [0.999989, -0.004655, -0.0, 0.0, 0.004219, 0.906298, -0.422618, 0.179686, 0.001967, 0.422614, 0.906308, 0.0, 0.0, 0.0, 0.0, 1.0],
                [0.999988, -0.004974, -0.0, 0.0, 0.004508, 0.906297, -0.422618, 0.179686, 0.002102, 0.422613, 0.906308, 0.0, 0.0, 0.0, 0.0, 1.0],
                [0.999986, -0.005301, -0.0, 0.0, 0.004804, 0.906295, -0.422618, 0.179686, 0.00224, 0.422612, 0.906308, 0.0, 0.0, 0.0, 0.0, 1.0],
                [0.999984, -0.005636, -0.0, 0.0, 0.005108, 0.906293, -0.422618, 0.179686, 0.002382, 0.422612, 0.906308, 0.0, 0.0, 0.0, 0.0, 1.0],
                [0.999982, -0.005979, -0.0, 0.0, 0.005418, 0.906292, -0.422618, 0.179686, 0.002527, 0.422611, 0.906308, 0.0, 0.0, 0.0, 0.0, 1.0],
                [0.99998, -0.006329, -0.0, 0.0, 0.005736, 0.90629, -0.422618, 0.179686, 0.002675, 0.42261, 0.906308, 0.0, 0.0, 0.0, 0.0, 1.0],
                [0.999978, -0.006686, -0.0, 0.0, 0.006059, 0.906288, -0.422618, 0.179686, 0.002826, 0.422609, 0.906308, 0.0, 0.0, 0.0, 0.0, 1.0],
                [0.999975, -0.00705, -0.0, 0.0, 0.006389, 0.906285, -0.422618, 0.179686, 0.002979, 0.422608, 0.906308, 0.0, 0.0, 0.0, 0.0, 1.0],
                [0.999972, -0.007421, -0.0, 0.0, 0.006725, 0.906283, -0.422618, 0.179686, 0.003136, 0.422607, 0.906308, 0.0, 0.0, 0.0, 0.0, 1.0],
                [0.99997, -0.007798, -0.0, 0.0, 0.007067, 0.90628, -0.422618, 0.179686, 0.003295, 0.422605, 0.906308, 0.0, 0.0, 0.0, 0.0, 1.0],
                [0.999967, -0.008181, -0.0, 0.0, 0.007414, 0.906277, -0.422618, 0.179686, 0.003457, 0.422604, 0.906308, 0.0, 0.0, 0.0, 0.0, 1.0],
                [0.999963, -0.00857, -0.0, 0.0, 0.007767, 0.906274, -0.422618, 0.179686, 0.003622, 0.422603, 0.906308, 0.0, 0.0, 0.0, 0.0, 1.0],
                [0.99996, -0.008965, -0.0, 0.0, 0.008125, 0.906271, -0.422618, 0.179686, 0.003789, 0.422601, 0.906308, 0.0, 0.0, 0.0, 0.0, 1.0],
                [0.999956, -0.009365, -0.0, 0.0, 0.008487, 0.906268, -0.422618, 0.179686, 0.003958, 0.4226, 0.906308, 0.0, 0.0, 0.0, 0.0, 1.0],
                [0.999952, -0.00977, -0.0, 0.0, 0.008855, 0.906265, -0.422618, 0.179686, 0.004129, 0.422598, 0.906308, 0.0, 0.0, 0.0, 0.0, 1.0],
                [0.999948, -0.01018, -0.0, 0.0, 0.009226, 0.906261, -0.422618, 0.179686, 0.004302, 0.422596, 0.906308, 0.0, 0.0, 0.0, 0.0, 1.0],
                [0.999944, -0.010595, -0.0, 0.0, 0.009602, 0.906257, -0.422618, 0.179686, 0.004478, 0.422594, 0.906308, 0.0, 0.0, 0.0, 0.0, 1.0],
                [0.999939, -0.011014, -0.0, 0.0, 0.009982, 0.906253, -0.422618, 0.179686, 0.004655, 0.422593, 0.906308, 0.0, 0.0, 0.0, 0.0, 1.0],
                [0.999935, -0.011438, -0.0, 0.0, 0.010366, 0.906249, -0.422618, 0.179686, 0.004834, 0.422591, 0.906308, 0.0, 0.0, 0.0, 0.0, 1.0],
                [0.99993, -0.011865, -0.0, 0.0, 0.010753, 0.906244, -0.422618, 0.179686, 0.005014, 0.422588, 0.906308, 0.0, 0.0, 0.0, 0.0, 1.0],
                [0.999924, -0.012296, -0.0, 0.0, 0.011144, 0.906239, -0.422618, 0.179686, 0.005197, 0.422586, 0.906308, 0.0, 0.0, 0.0, 0.0, 1.0],
                [0.999919, -0.012731, -0.0, 0.0, 0.011538, 0.906234, -0.422618, 0.179686, 0.00538, 0.422584, 0.906308, 0.0, 0.0, 0.0, 0.0, 1.0],
                [0.999913, -0.013168, -0.0, 0.0, 0.011935, 0.906229, -0.422618, 0.179686, 0.005565, 0.422582, 0.906308, 0.0, 0.0, 0.0, 0.0, 1.0],
                [0.999907, -0.013609, -0.0, 0.0, 0.012334, 0.906224, -0.422618, 0.179686, 0.005751, 0.422579, 0.906308, 0.0, 0.0, 0.0, 0.0, 1.0],
                [0.999901, -0.014052, -0.0, 0.0, 0.012736, 0.906218, -0.422618, 0.179686, 0.005939, 0.422577, 0.906308, 0.0, 0.0, 0.0, 0.0, 1.0],
                [0.999895, -0.014498, -0.0, 0.0, 0.01314, 0.906213, -0.422618, 0.179686, 0.006127, 0.422574, 0.906308, 0.0, 0.0, 0.0, 0.0, 1.0],
                [0.999888, -0.014946, -0.0, 0.0, 0.013546, 0.906207, -0.422618, 0.179686, 0.006317, 0.422571, 0.906308, 0.0, 0.0, 0.0, 0.0, 1.0],
                [0.999881, -0.015396, -0.0, 0.0, 0.013954, 0.9062, -0.422618, 0.179686, 0.006507, 0.422568, 0.906308, 0.0, 0.0, 0.0, 0.0, 1.0],
                [0.999874, -0.015848, -0.0, 0.0, 0.014363, 0.906194, -0.422618, 0.179686, 0.006698, 0.422565, 0.906308, 0.0, 0.0, 0.0, 0.0, 1.0],
                [0.999867, -0.016301, -0.0, 0.0, 0.014774, 0.906187, -0.422618, 0.179686, 0.006889, 0.422562, 0.906308, 0.0, 0.0, 0.0, 0.0, 1.0],
                [0.99986, -0.016755, -0.0, 0.0, 0.015185, 0.906181, -0.422618, 0.179686, 0.007081, 0.422559, 0.906308, 0.0, 0.0, 0.0, 0.0, 1.0],
                [0.999852, -0.017211, -0.0, 0.0, 0.015598, 0.906174, -0.422618, 0.179686, 0.007274, 0.422556, 0.906308, 0.0, 0.0, 0.0, 0.0, 1.0],
                [0.999844, -0.017667, -0.0, 0.0, 0.016011, 0.906166, -0.422618, 0.179686, 0.007466, 0.422552, 0.906308, 0.0, 0.0, 0.0, 0.0, 1.0],
                [0.999836, -0.018123, -0.0, 0.0, 0.016425, 0.906159, -0.422618, 0.179686, 0.007659, 0.422549, 0.906308, 0.0, 0.0, 0.0, 0.0, 1.0],
                [0.999827, -0.01858, -0.0, 0.0, 0.016839, 0.906151, -0.422618, 0.179686, 0.007852, 0.422545, 0.906308, 0.0, 0.0, 0.0, 0.0, 1.0],
                [0.999819, -0.019037, -0.0, 0.0, 0.017253, 0.906144, -0.422618, 0.179686, 0.008045, 0.422542, 0.906308, 0.0, 0.0, 0.0, 0.0, 1.0],
                [0.99981, -0.019493, -0.0, 0.0, 0.017667, 0.906136, -0.422618, 0.179686, 0.008238, 0.422538, 0.906308, 0.0, 0.0, 0.0, 0.0, 1.0],
                [0.999801, -0.01995, -0.0, 0.0, 0.01808, 0.906127, -0.422618, 0.179686, 0.008431, 0.422534, 0.906308, 0.0, 0.0, 0.0, 0.0, 1.0],
                [0.999792, -0.020405, -0.0, 0.0, 0.018493, 0.906119, -0.422618, 0.179686, 0.008623, 0.42253, 0.906308, 0.0, 0.0, 0.0, 0.0, 1.0],
                [0.999782, -0.020859, -0.0, 0.0, 0.018905, 0.906111, -0.422618, 0.179686, 0.008815, 0.422526, 0.906308, 0.0, 0.0, 0.0, 0.0, 1.0],
                [0.999773, -0.021312, -0.0, 0.0, 0.019315, 0.906102, -0.422618, 0.179686, 0.009007, 0.422522, 0.906308, 0.0, 0.0, 0.0, 0.0, 1.0],
                [0.999763, -0.021764, -0.0, 0.0, 0.019725, 0.906093, -0.422618, 0.179686, 0.009198, 0.422518, 0.906308, 0.0, 0.0, 0.0, 0.0, 1.0],
                [0.999753, -0.022214, -0.0, 0.0, 0.020133, 0.906084, -0.422618, 0.179686, 0.009388, 0.422514, 0.906308, 0.0, 0.0, 0.0, 0.0, 1.0],
                [0.999743, -0.022662, -0.0, 0.0, 0.020538, 0.906075, -0.422618, 0.179686, 0.009577, 0.42251, 0.906308, 0.0, 0.0, 0.0, 0.0, 1.0],
                [0.999733, -0.023107, -0.0, 0.0, 0.020942, 0.906066, -0.422618, 0.179686, 0.009766, 0.422505, 0.906308, 0.0, 0.0, 0.0, 0.0, 1.0],
                [0.999723, -0.023551, -0.0, 0.0, 0.021344, 0.906056, -0.422618, 0.179686, 0.009953, 0.422501, 0.906308, 0.0, 0.0, 0.0, 0.0, 1.0],
                [0.999712, -0.023991, -0.0, 0.0, 0.021743, 0.906047, -0.422618, 0.179686, 0.010139, 0.422497, 0.906308, 0.0, 0.0, 0.0, 0.0, 1.0],
                [0.999702, -0.024429, -0.0, 0.0, 0.02214, 0.906037, -0.422618, 0.179686, 0.010324, 0.422492, 0.906308, 0.0, 0.0, 0.0, 0.0, 1.0],
                [0.999691, -0.024863, -0.0, 0.0, 0.022534, 0.906028, -0.422618, 0.179686, 0.010508, 0.422488, 0.906308, 0.0, 0.0, 0.0, 0.0, 1.0],
                [0.99968, -0.025294, -0.0, 0.0, 0.022924, 0.906018, -0.422618, 0.179686, 0.01069, 0.422483, 0.906308, 0.0, 0.0, 0.0, 0.0, 1.0],
                [0.999669, -0.025721, -0.0, 0.0, 0.023312, 0.906008, -0.422618, 0.179686, 0.01087, 0.422478, 0.906308, 0.0, 0.0, 0.0, 0.0, 1.0],
                [0.999658, -0.026145, -0.0, 0.0, 0.023695, 0.905998, -0.422618, 0.179686, 0.011049, 0.422474, 0.906308, 0.0, 0.0, 0.0, 0.0, 1.0],
                [0.999647, -0.026564, -0.0, 0.0, 0.024075, 0.905988, -0.422618, 0.179686, 0.011226, 0.422469, 0.906308, 0.0, 0.0, 0.0, 0.0, 1.0],
                [0.999636, -0.026979, -0.0, 0.0, 0.024451, 0.905978, -0.422618, 0.179686, 0.011402, 0.422464, 0.906308, 0.0, 0.0, 0.0, 0.0, 1.0],
                [0.999625, -0.027389, -0.0, 0.0, 0.024823, 0.905968, -0.422618, 0.179686, 0.011575, 0.42246, 0.906308, 0.0, 0.0, 0.0, 0.0, 1.0],
                [0.999614, -0.027794, -0.0, 0.0, 0.02519, 0.905958, -0.422618, 0.179686, 0.011746, 0.422455, 0.906308, 0.0, 0.0, 0.0, 0.0, 1.0],
                [0.999602, -0.028194, -0.0, 0.0, 0.025552, 0.905948, -0.422618, 0.179686, 0.011915, 0.42245, 0.906308, 0.0, 0.0, 0.0, 0.0, 1.0],
                [0.999591, -0.028588, -0.0, 0.0, 0.02591, 0.905937, -0.422618, 0.179686, 0.012082, 0.422446, 0.906308, 0.0, 0.0, 0.0, 0.0, 1.0],
                [0.99958, -0.028977, -0.0, 0.0, 0.026262, 0.905927, -0.422618, 0.179686, 0.012246, 0.422441, 0.906308, 0.0, 0.0, 0.0, 0.0, 1.0],
                [0.999569, -0.02936, -0.0, 0.0, 0.02661, 0.905917, -0.422618, 0.179686, 0.012408, 0.422436, 0.906308, 0.0, 0.0, 0.0, 0.0, 1.0],
                [0.999558, -0.029737, -0.0, 0.0, 0.026951, 0.905907, -0.422618, 0.179686, 0.012568, 0.422431, 0.906308, 0.0, 0.0, 0.0, 0.0, 1.0],
                [0.999547, -0.030108, -0.0, 0.0, 0.027287, 0.905897, -0.422618, 0.179686, 0.012724, 0.422427, 0.906308, 0.0, 0.0, 0.0, 0.0, 1.0],
                [0.999536, -0.030472, -0.0, 0.0, 0.027617, 0.905887, -0.422618, 0.179686, 0.012878, 0.422422, 0.906308, 0.0, 0.0, 0.0, 0.0, 1.0],
                [0.999525, -0.030829, -0.0, 0.0, 0.02794, 0.905877, -0.422618, 0.179686, 0.013029, 0.422417, 0.906308, 0.0, 0.0, 0.0, 0.0, 1.0],
                [0.999514, -0.031179, -0.0, 0.0, 0.028257, 0.905867, -0.422618, 0.179686, 0.013177, 0.422413, 0.906308, 0.0, 0.0, 0.0, 0.0, 1.0],
                [0.999503, -0.031521, -0.0, 0.0, 0.028568, 0.905857, -0.422618, 0.179686, 0.013321, 0.422408, 0.906308, 0.0, 0.0, 0.0, 0.0, 1.0],
                [0.999492, -0.031856, -0.0, 0.0, 0.028871, 0.905848, -0.422618, 0.179686, 0.013463, 0.422404, 0.906308, 0.0, 0.0, 0.0, 0.0, 1.0],
                [0.999482, -0.032183, -0.0, 0.0, 0.029168, 0.905838, -0.422618, 0.179686, 0.013601, 0.422399, 0.906308, 0.0, 0.0, 0.0, 0.0, 1.0],
                [0.999472, -0.032502, -0.0, 0.0, 0.029457, 0.905829, -0.422618, 0.179686, 0.013736, 0.422395, 0.906308, 0.0, 0.0, 0.0, 0.0, 1.0],
                [0.999462, -0.032812, -0.0, 0.0, 0.029738, 0.90582, -0.422618, 0.179686, 0.013867, 0.422391, 0.906308, 0.0, 0.0, 0.0, 0.0, 1.0],
                [0.999452, -0.033114, -0.0, 0.0, 0.030012, 0.905811, -0.422618, 0.179686, 0.013995, 0.422386, 0.906308, 0.0, 0.0, 0.0, 0.0, 1.0],
                [0.999442, -0.033408, -0.0, 0.0, 0.030278, 0.905802, -0.422618, 0.179686, 0.014119, 0.422382, 0.906308, 0.0, 0.0, 0.0, 0.0, 1.0],
                [0.999432, -0.033692, -0.0, 0.0, 0.030535, 0.905793, -0.422618, 0.179686, 0.014239, 0.422378, 0.906308, 0.0, 0.0, 0.0, 0.0, 1.0],
                [0.999423, -0.033966, -0.0, 0.0, 0.030784, 0.905785, -0.422618, 0.179686, 0.014355, 0.422374, 0.906308, 0.0, 0.0, 0.0, 0.0, 1.0],
                [0.999414, -0.034232, -0.0, 0.0, 0.031024, 0.905777, -0.422618, 0.179686, 0.014467, 0.422371, 0.906308, 0.0, 0.0, 0.0, 0.0, 1.0],
                [0.999405, -0.034487, -0.0, 0.0, 0.031256, 0.905769, -0.422618, 0.179686, 0.014575, 0.422367, 0.906308, 0.0, 0.0, 0.0, 0.0, 1.0],
                [0.999397, -0.034732, -0.0, 0.0, 0.031478, 0.905761, -0.422618, 0.179686, 0.014678, 0.422363, 0.906308, 0.0, 0.0, 0.0, 0.0, 1.0],
                [0.999388, -0.034967, -0.0, 0.0, 0.031691, 0.905754, -0.422618, 0.179686, 0.014778, 0.42236, 0.906308, 0.0, 0.0, 0.0, 0.0, 1.0],
                [0.999381, -0.035191, -0.0, 0.0, 0.031894, 0.905746, -0.422618, 0.179686, 0.014873, 0.422357, 0.906308, 0.0, 0.0, 0.0, 0.0, 1.0],
                [0.999373, -0.035405, -0.0, 0.0, 0.032088, 0.90574, -0.422618, 0.179686, 0.014963, 0.422353, 0.906308, 0.0, 0.0, 0.0, 0.0, 1.0],
                [0.999366, -0.035608, -0.0, 0.0, 0.032271, 0.905733, -0.422618, 0.179686, 0.015048, 0.42235, 0.906308, 0.0, 0.0, 0.0, 0.0, 1.0],
                [0.999359, -0.035799, -0.0, 0.0, 0.032445, 0.905727, -0.422618, 0.179686, 0.015129, 0.422347, 0.906308, 0.0, 0.0, 0.0, 0.0, 1.0],
                [0.999353, -0.035979, -0.0, 0.0, 0.032608, 0.905721, -0.422618, 0.179686, 0.015205, 0.422345, 0.906308, 0.0, 0.0, 0.0, 0.0, 1.0],
