{
    "animation": [
        {
            "name": "Root",
            "time": [0.0, 0.0333, 0.0667, 0.1, 0.1333, 0.1667, 0.2, 0.2333, 0.2667, 0.3, 0.3333, 0.3667, 0.4, 0.4333, 0.4667, 0.5, 0.5333, 0.5667, 0.6, 0.6333, 0.6667, 0.7, 0.7333, 0.7667, 0.8, 0.8333, 0.8667, 0.9, 0.9333, 0.9667, 1.0, 1.0333, 1.0667, 1.1, 1.1333, 1.3667],
            "transform": [
                [1.0, 0.0, 0.0, -0.000507, 0.0, 1.0, 0.0, -0.523665, 0.0, 0.0, 1.0, 0.626391, 0.0, 0.0, 0.0, 1.0],
                [1.0, 0.0, 0.00035, -0.00026, 0.0, 1.0, 0.0, -0.523665, -0.00035, 0.0, 1.0, 0.625105, 0.0, 0.0, 0.0, 1.0],
                [0.999996, 0.0, 0.002799, 0.001471, 0.0, 1.0, 0.0, -0.523665, -0.002799, 0.0, 0.999996, 0.622039, 0.0, 0.0, 0.0, 1.0],
                [0.999955, 0.0, 0.00946, 0.006169, 0.0, 1.0, 0.0, -0.523665, -0.00946, 0.0, 0.999955, 0.618379, 0.0, 0.0, 0.0, 1.0],
                [0.999747, 0.0, 0.022481, 0.015318, 0.0, 1.0, 0.0, -0.523665, -0.022481, 0.0, 0.999747, 0.615313, 0.0, 0.0, 0.0, 1.0],
                [0.999028, 0.0, 0.044089, 0.030401, 0.0, 1.0, 0.0, -0.523665, -0.044089, 0.0, 0.999028, 0.614027, 0.0, 0.0, 0.0, 1.0],
                [0.996147, 0.0, 0.087704, 0.068219, 0.0, 1.0, 0.0, -0.523665, -0.087704, 0.0, 0.996147, 0.625009, 0.0, 0.0, 0.0, 1.0],
                [0.986719, 0.0, 0.162436, 0.137494, 0.0, 1.0, 0.0, -0.523665, -0.162436, 0.0, 0.986719, 0.649167, 0.0, 0.0, 0.0, 1.0],
                [0.964664, 0.0, 0.263484, 0.227593, 0.0, 1.0, 0.0, -0.523665, -0.263484, 0.0, 0.964664, 0.673326, 0.0, 0.0, 0.0, 1.0],
                [0.923276, 0.0, 0.384136, 0.327884, 0.0, 1.0, 0.0, -0.523665, -0.384136, 0.0, 0.923276, 0.684308, 0.0, 0.0, 0.0, 1.0],
                [0.857187, 0.0, 0.515005, 0.429182, 0.0, 1.0, 0.0, -0.523665, -0.515005, 0.0, 0.857187, 0.671486, 0.0, 0.0, 0.0, 1.0],
                [0.764591, 0.0, 0.644516, 0.528091, 0.0, 1.0, 0.0, -0.523665, -0.644516, 0.0, 0.764591, 0.636684, 0.0, 0.0, 0.0, 1.0],
                [0.648843, 0.0, 0.760922, 0.622661, 0.0, 1.0, 0.0, -0.523665, -0.760922, 0.0, 0.648843, 0.585397, 0.0, 0.0, 0.0, 1.0],
                [0.518372, 0.0, 0.855155, 0.710944, 0.0, 1.0, 0.0, -0.523665, -0.855155, 0.0, 0.518372, 0.523121, 0.0, 0.0, 0.0, 1.0],
                [0.384676, 0.0, 0.923052, 0.790992, 0.0, 1.0, 0.0, -0.523665, -0.923052, 0.0, 0.384676, 0.455349, 0.0, 0.0, 0.0, 1.0],
                [0.259458, 0.0, 0.965754, 0.860856, 0.0, 1.0, 0.0, -0.523665, -0.965754, 0.0, 0.259458, 0.387577, 0.0, 0.0, 0.0, 1.0],
                [0.152398, 0.0, 0.988319, 0.918587, 0.0, 1.0, 0.0, -0.523665, -0.988319, 0.0, 0.152398, 0.325301, 0.0, 0.0, 0.0, 1.0],
                [0.070421, 0.0, 0.997517, 0.962235, 0.0, 1.0, 0.0, -0.523665, -0.997517, 0.0, 0.070421, 0.274014, 0.0, 0.0, 0.0, 1.0],
                [0.018306, 0.0, 0.999832, 0.989854, 0.0, 1.0, 0.0, -0.523665, -0.999832, 0.0, 0.018306, 0.239212, 0.0, 0.0, 0.0, 1.0],
                [-0.0, 0.0, 1.0, 0.999493, 0.0, 1.0, 0.0, -0.523665, -1.0, 0.0, -0.0, 0.226391, 0.0, 0.0, 0.0, 1.0],
                [-0.0, 0.0, 1.0, 0.999493, 0.0, 1.0, 0.0, -0.523665, -1.0, 0.0, -0.0, 0.226391, 0.0, 0.0, 0.0, 1.0],
                [-0.0, 0.0, 1.0, 0.999493, 0.0, 1.0, 0.0, -0.523665, -1.0, 0.0, -0.0, 0.226391, 0.0, 0.0, 0.0, 1.0],
                [-0.0, 0.0, 1.0, 0.999493, 0.0, 1.0, 0.0, -0.523665, -1.0, 0.0, -0.0, 0.226391, 0.0, 0.0, 0.0, 1.0],
                [-0.0, 0.0, 1.0, 0.999493, 0.0, 1.0, 0.0, -0.523665, -1.0, 0.0, -0.0, 0.226391, 0.0, 0.0, 0.0, 1.0],
                [-0.0, 0.0, 1.0, 0.999493, 0.0, 1.0, 0.0, -0.523665, -1.0, 0.0, -0.0, 0.226391, 0.0, 0.0, 0.0, 1.0],
                [-0.0, 0.0, 1.0, 0.999493, 0.0, 1.0, 0.0, -0.523665, -1.0, 0.0, -0.0, 0.226391, 0.0, 0.0, 0.0, 1.0],
                [-0.0, 0.0, 1.0, 0.999493, 0.0, 1.0, 0.0, -0.523665, -1.0, 0.0, -0.0, 0.226391, 0.0, 0.0, 0.0, 1.0],
                [-0.0, 0.0, 1.0, 0.999493, 0.0, 1.0, 0.0, -0.523665, -1.0, 0.0, -0.0, 0.226391, 0.0, 0.0, 0.0, 1.0],
                [-0.0, 0.0, 1.0, 0.999493, 0.0, 1.0, 0.0, -0.523665, -1.0, 0.0, -0.0, 0.226391, 0.0, 0.0, 0.0, 1.0],
                [-0.0, 0.0, 1.0, 0.999493, 0.0, 1.0, 0.0, -0.523665, -1.0, 0.0, -0.0, 0.226391, 0.0, 0.0, 0.0, 1.0],
                [-0.0, 0.0, 1.0, 0.999493, 0.0, 1.0, 0.0, -0.523665, -1.0, 0.0, -0.0, 0.226391, 0.0, 0.0, 0.0, 1.0],
                [-0.0, 0.0, 1.0, 0.999493, 0.0, 1.0, 0.0, -0.523665, -1.0, 0.0, -0.0, 0.226391, 0.0, 0.0, 0.0, 1.0],
                [-0.0, 0.0, 1.0, 0.999493, 0.0, 1.0, 0.0, -0.523665, -1.0, 0.0, -0.0, 0.226391, 0.0, 0.0, 0.0, 1.0],
                [-0.0, 0.0, 1.0, 0.999493, 0.0, 1.0, 0.0, -0.523665, -1.0, 0.0, -0.0, 0.226391, 0.0, 0.0, 0.0, 1.0],
                [-0.0, 0.0, 1.0, 0.999493, 0.0, 1.0, 0.0, -0.523665, -1.0, 0.0, -0.0, 0.226391, 0.0, 0.0, 0.0, 1.0],
                [-0.0, 0.0, 1.0, 0.999493, 0.0, 1.0, 0.0, -0.523665, -1.0, 0.0, -0.0, 0.226391, 0.0, 0.0, 0.0, 1.0]
            ]
        },
        {
            "name": "Torso",
            "time": [0.0, 0.0333, 0.0667, 0.1, 0.1333, 0.1667, 0.2, 0.2333, 0.2667, 0.3, 0.3333, 0.3667, 0.4, 0.4333, 0.4667, 0.5, 0.5333, 0.5667, 0.6, 0.6333, 0.6667, 0.7, 0.7333, 0.7667, 0.8, 0.8333, 1.3667],
            "transform": [
                [1.0, 0.0, 0.0, 0.0, 0.0, 1.0, 0.0, 0.179686, 0.0, 0.0, 1.0, 0.0, 0.0, 0.0, 0.0, 1.0],
                [0.999999, -0.001436, -0.000313, 0.0, 0.001434, 0.999972, -0.007279, 0.179686, 0.000323, 0.007279, 0.999973, 0.0, 0.0, 0.0, 0.0, 1.0],
                [0.999985, -0.005451, -0.00113, -0.0, 0.005418, 0.999605, -0.027573, 0.179686, 0.00128, 0.027566, 0.999619, 0.0, 0.0, 0.0, 0.0, 1.0],
                [0.99993, -0.011617, -0.002221, -0.0, 0.011467, 0.998218, -0.058566, 0.179686, 0.002897, 0.058536, 0.998281, -0.0, 0.0, 0.0, 0.0, 1.0],
                [0.999804, -0.019497, -0.00333, 0.0, 0.019078, 0.995014, -0.097889, 0.179686, 0.005222, 0.097806, 0.995192, -0.0, 0.0, 0.0, 0.0, 1.0],
                [0.999581, -0.028634, -0.004223, 0.0, 0.027736, 0.989323, -0.143079, 0.179686, 0.008274, 0.142902, 0.989702, -0.0, 0.0, 0.0, 0.0, 1.0],
                [0.999246, -0.038538, -0.004718, 0.0, 0.036921, 0.980781, -0.191584, 0.179686, 0.012011, 0.191266, 0.981465, -0.0, 0.0, 0.0, 0.0, 1.0],
                [0.998802, -0.048699, -0.00472, -0.0, 0.04613, 0.969471, -0.240828, 0.179686, 0.016303, 0.240322, 0.970556, -0.0, 0.0, 0.0, 0.0, 1.0],
                [0.998273, -0.058595, -0.004226, 0.0, 0.054891, 0.955968, -0.28829, 0.179686, 0.020933, 0.28756, 0.957534, -0.0, 0.0, 0.0, 0.0, 1.0],
                [0.997699, -0.067716, -0.003336, -0.0, 0.062782, 0.941328, -0.331601, 0.179686, 0.025595, 0.330629, 0.943414, 0.0, 0.0, 0.0, 0.0, 1.0],
                [0.997137, -0.075578, -0.002227, 0.0, 0.069438, 0.926993, -0.368595, 0.179686, 0.029922, 0.367385, 0.929587, -0.0, 0.0, 0.0, 0.0, 1.0],
                [0.996654, -0.081725, -0.001136, 0.0, 0.074548, 0.914651, -0.397311, 0.179686, 0.033509, 0.395897, 0.917683, 0.0, 0.0, 0.0, 0.0, 1.0],
                [0.996319, -0.085726, -0.000317, 0.0, 0.077828, 0.906062, -0.415925, 0.179686, 0.035942, 0.41437, 0.909399, 0.0, 0.0, 0.0, 0.0, 1.0],
                [0.996195, -0.087156, 0.0, 0.0, 0.07899, 0.902859, -0.422618, 0.179686, 0.036834, 0.42101, 0.906308, -0.0, 0.0, 0.0, 0.0, 1.0],
                [0.996343, -0.085445, 4e-06, -0.0, 0.077438, 0.902958, -0.422695, 0.179686, 0.036114, 0.421149, 0.906272, -0.0, 0.0, 0.0, 0.0, 1.0],
                [0.996737, -0.080715, 6e-06, 0.0, 0.07315, 0.903292, -0.422745, 0.179686, 0.034117, 0.421366, 0.906249, -0.0, 0.0, 0.0, 0.0, 1.0],
                [0.99729, -0.073566, 6e-06, 0.0, 0.066671, 0.90378, -0.422772, 0.179686, 0.031096, 0.421627, 0.906236, 0.0, 0.0, 0.0, 0.0, 1.0],
                [0.997911, -0.064598, 6e-06, 0.0, 0.058543, 0.904339, -0.42278, 0.179686, 0.027306, 0.421897, 0.906232, -0.0, 0.0, 0.0, 0.0, 1.0],
                [0.998519, -0.054414, 5e-06, 0.0, 0.049314, 0.904893, -0.422773, 0.179686, 0.023001, 0.422147, 0.906236, 0.0, 0.0, 0.0, 0.0, 1.0],
                [0.999048, -0.043619, 3e-06, -0.0, 0.039531, 0.905382, -0.422755, 0.179686, 0.018437, 0.422353, 0.906244, 0.0, 0.0, 0.0, 0.0, 1.0],
                [0.999461, -0.032818, 2e-06, -0.0, 0.029742, 0.905768, -0.422729, 0.179686, 0.013871, 0.422501, 0.906256, 0.0, 0.0, 0.0, 0.0, 1.0],
                [0.999744, -0.02262, 1e-06, -0.0, 0.0205, 0.906038, -0.422699, 0.179686, 0.009561, 0.422591, 0.90627, 0.0, 0.0, 0.0, 0.0, 1.0],
                [0.999907, -0.013632, 0.0, -0.0, 0.012355, 0.9062, -0.422669, 0.179686, 0.005762, 0.42263, 0.906284, 0.0, 0.0, 0.0, 0.0, 1.0],
                [0.999979, -0.006463, 0.0, -0.0, 0.005857, 0.906277, -0.422644, 0.179686, 0.002731, 0.422635, 0.906296, 0.0, 0.0, 0.0, 0.0, 1.0],
                [0.999999, -0.001717, -0.0, -0.0, 0.001556, 0.906303, -0.422625, 0.179686, 0.000725, 0.422625, 0.906305, 0.0, 0.0, 0.0, 0.0, 1.0],
                [1.0, -0.0, -0.0, -0.0, -0.0, 0.906308, -0.422618, 0.179686, 0.0, 0.422618, 0.906308, 0.0, 0.0, 0.0, 0.0, 1.0],
                [1.0, -0.0, -0.0, -0.0, -0.0, 0.906308, -0.422618, 0.179686, 0.0, 0.422618, 0.906308, 0.0, 0.0, 0.0, 0.0, 1.0]
            ]
        },
        {
            "name": "Chest",
            "time": [0.0, 0.0333, 0.0667, 0.1, 0.1333, 0.1667, 0.2, 0.2333, 0.2667, 0.3, 0.3333, 0.3667, 0.4, 0.4333, 0.4667, 0.5, 0.5333, 0.5667, 0.6, 0.6333, 0.6667, 0.7, 0.7333, 0.7667, 0.8, 0.8333, 0.8667, 0.9, 0.9333, 0.9667, 1.0, 1.0333, 1.0667, 1.1, 1.1333, 1.3667],
            "transform": [
                [1.0, 0.0, 0.0, 0.0, 0.0, 1.0, 0.0, 0.419268, 0.0, 0.0, 1.0, 0.0, 0.0, 0.0, 0.0, 1.0],
                [0.99949, -0.018137, 0.026268, 0.0, 0.018977, 0.999304, -0.032118, 0.419268, -0.025667, 0.0326, 0.999139, -0.0, 0.0, 0.0, 0.0, 1.0],
                [0.99368, -0.059936, 0.094906, 0.0, 0.070375, 0.99135, -0.110776, 0.419268, -0.087446, 0.116755, 0.989303, 0.0, 0.0, 0.0, 0.0, 1.0],
                [0.976354, -0.105344, 0.188775, 0.0, 0.144475, 0.967551, -0.207296, 0.419268, -0.160812, 0.229667, 0.959892, -0.0, 0.0, 0.0, 0.0, 1.0],
                [0.948389, -0.13901, 0.285019, -0.0, 0.224625, 0.928915, -0.294381, 0.419268, -0.223837, 0.34321, 0.912198, 0.0, 0.0, 0.0, 0.0, 1.0],
                [0.920334, -0.1561, 0.358633, -0.0, 0.288735, 0.889671, -0.35372, 0.419268, -0.26385, 0.429091, 0.863866, -0.0, 0.0, 0.0, 0.0, 1.0],
                [0.907745, -0.160322, 0.387679, -0.0, 0.314848, 0.871062, -0.37699, 0.419268, -0.277253, 0.464271, 0.84118, 0.0, 0.0, 0.0, 0.0, 1.0],
                [0.909619, -0.157834, 0.384295, -0.0, 0.312005, 0.870313, -0.381063, 0.419268, -0.274312, 0.466523, 0.840898, -0.0, 0.0, 0.0, 0.0, 1.0],
                [0.914688, -0.152167, 0.374422, 0.0, 0.303237, 0.87085, -0.386869, 0.419268, -0.267196, 0.467403, 0.842698, -0.0, 0.0, 0.0, 0.0, 1.0],
                [0.922255, -0.143747, 0.358864, -0.0, 0.289278, 0.872414, -0.39397, 0.419268, -0.256446, 0.467152, 0.84617, -0.0, 0.0, 0.0, 0.0, 1.0],
                [0.931557, -0.132976, 0.338407, -0.0, 0.270851, 0.874723, -0.401871, 0.419268, -0.242573, 0.466023, 0.85087, -0.0, 0.0, 0.0, 0.0, 1.0],
                [0.941822, -0.120258, 0.313861, -0.0, 0.248699, 0.877492, -0.41007, 0.419268, -0.226097, 0.46427, 0.856349, -0.0, 0.0, 0.0, 0.0, 1.0],
                [0.952322, -0.106013, 0.286083, -0.0, 0.22361, 0.880452, -0.418093, 0.419268, -0.207559, 0.462131, 0.86218, 0.0, 0.0, 0.0, 0.0, 1.0],
                [0.962416, -0.09069, 0.25599, 0.0, 0.196427, 0.883369, -0.42553, 0.419268, -0.187542, 0.45982, 0.867983, -0.0, 0.0, 0.0, 0.0, 1.0],
                [0.971586, -0.074766, 0.224566, -0.0, 0.168047, 0.886051, -0.432059, 0.419268, -0.166674, 0.45752, 0.873439, 0.0, 0.0, 0.0, 0.0, 1.0],
                [0.979469, -0.058743, 0.192847, -0.0, 0.139412, 0.888361, -0.437469, 0.419268, -0.145619, 0.455372, 0.878311, 0.0, 0.0, 0.0, 0.0, 1.0],
                [0.985863, -0.043146, 0.161905, 0.0, 0.111495, 0.890223, -0.44167, 0.419268, -0.125075, 0.453477, 0.882448, -0.0, 0.0, 0.0, 0.0, 1.0],
                [0.990729, -0.028509, 0.132829, -0.0, 0.085277, 0.891618, -0.444686, 0.419268, -0.105756, 0.451891, 0.885782, 0.0, 0.0, 0.0, 0.0, 1.0],
                [0.994172, -0.015366, 0.106704, -0.0, 0.061734, 0.892578, -0.446648, 0.419268, -0.088379, 0.450632, 0.888324, 0.0, 0.0, 0.0, 0.0, 1.0],
                [0.996406, -0.004247, 0.084596, -0.0, 0.041822, 0.893174, -0.447762, 0.419268, -0.073657, 0.449691, 0.890142, 0.0, 0.0, 0.0, 0.0, 1.0],
                [0.997707, 0.004327, 0.067548, 0.0, 0.026475, 0.893501, -0.44828, 0.419268, -0.062294, 0.44904, 0.891338, -0.0, 0.0, 0.0, 0.0, 1.0],
                [0.99835, 0.009843, 0.05658, -0.0, 0.016604, 0.893652, -0.448453, 0.419267, -0.054977, 0.448652, 0.892014, 0.0, 0.0, 0.0, 0.0, 1.0],
                [0.998541, 0.011795, 0.0527, -0.0, 0.013113, 0.893696, -0.448482, 0.419268, -0.052387, 0.448519, 0.892237, -0.0, 0.0, 0.0, 0.0, 1.0],
                [0.998541, 0.011795, 0.0527, 0.0, 0.013113, 0.893696, -0.448482, 0.419268, -0.052387, 0.448519, 0.892237, -0.0, 0.0, 0.0, 0.0, 1.0],
                [0.998541, 0.011795, 0.0527, 0.0, 0.013113, 0.893696, -0.448482, 0.419268, -0.052387, 0.448519, 0.892237, -0.0, 0.0, 0.0, 0.0, 1.0],
                [0.998541, 0.011795, 0.0527, -0.0, 0.013113, 0.893696, -0.448482, 0.419268, -0.052387, 0.448519, 0.892237, -0.0, 0.0, 0.0, 0.0, 1.0],
                [0.998541, 0.011795, 0.0527, -0.0, 0.013113, 0.893696, -0.448482, 0.419268, -0.052387, 0.448519, 0.892237, -0.0, 0.0, 0.0, 0.0, 1.0],
                [0.998541, 0.011795, 0.0527, -0.0, 0.013113, 0.893696, -0.448482, 0.419268, -0.052387, 0.448519, 0.892237, -0.0, 0.0, 0.0, 0.0, 1.0],
                [0.998541, 0.011795, 0.0527, -0.0, 0.013113, 0.893696, -0.448482, 0.419268, -0.052387, 0.448519, 0.892237, -0.0, 0.0, 0.0, 0.0, 1.0],
                [0.998541, 0.011795, 0.0527, -0.0, 0.013113, 0.893696, -0.448482, 0.419268, -0.052387, 0.448519, 0.892237, -0.0, 0.0, 0.0, 0.0, 1.0],
                [0.998541, 0.011795, 0.0527, -0.0, 0.013113, 0.893696, -0.448482, 0.419268, -0.052387, 0.448519, 0.892237, -0.0, 0.0, 0.0, 0.0, 1.0],
                [0.998541, 0.011795, 0.0527, -0.0, 0.013113, 0.893696, -0.448482, 0.419268, -0.052387, 0.448519, 0.892237, -0.0, 0.0, 0.0, 0.0, 1.0],
                [0.998541, 0.011795, 0.0527, -0.0, 0.013113, 0.893696, -0.448482, 0.419268, -0.052387, 0.448519, 0.892237, -0.0, 0.0, 0.0, 0.0, 1.0],
                [0.998541, 0.011795, 0.0527, -0.0, 0.013113, 0.893696, -0.448482, 0.419268, -0.052387, 0.448519, 0.892237, -0.0, 0.0, 0.0, 0.0, 1.0],
                [0.998541, 0.011795, 0.0527, -0.0, 0.013113, 0.893696, -0.448482, 0.419268, -0.052387, 0.448519, 0.892237, -0.0, 0.0, 0.0, 0.0, 1.0],
                [0.998541, 0.011795, 0.0527, -0.0, 0.013113, 0.893696, -0.448482, 0.419268, -0.052387, 0.448519, 0.892237, -0.0, 0.0, 0.0, 0.0, 1.0]
            ]
        },
        {
            "name": "Shoulder_FR",
            "time": [0.0, 0.0333, 0.0667, 0.1, 0.1333, 0.1667, 0.2, 0.2333, 0.2667, 0.3, 0.3333, 0.3667, 0.4, 0.4333, 0.4667, 0.5, 0.5333, 0.5667, 0.6, 0.6333, 0.6667, 0.7, 0.7333, 0.7667, 0.8, 0.8333, 0.8667, 0.9, 0.9333, 0.9667, 1.0, 1.0333, 1.0667, 1.1, 1.1333, 1.3667],
            "transform": [
                [0.359856, 0.324445, 0.87478, 0.0, -0.924808, 1e-06, 0.380435, 0.299477, 0.12343, -0.945905, 0.300049, 0.0, 0.0, 0.0, 0.0, 1.0],
                [0.359856, 0.316979, 0.877512, -0.0, -0.924808, -0.003241, 0.380422, 0.299477, 0.12343, -0.948427, 0.291978, -0.0, 0.0, 0.0, 0.0, 1.0],
                [0.359856, 0.296186, 0.884747, 0.0, -0.924808, -0.012216, 0.380239, 0.299477, 0.12343, -0.955052, 0.269519, 0.0, 0.0, 0.0, 0.0, 1.0],
                [0.359856, 0.264379, 0.894767, -0.0, -0.924808, -0.025797, 0.37956, 0.299477, 0.12343, -0.964074, 0.235216, 0.0, 0.0, 0.0, 0.0, 1.0],
                [0.359856, 0.223915, 0.905741, -0.0, -0.924808, -0.042822, 0.378018, 0.299477, 0.12343, -0.973667, 0.191669, 0.0, 0.0, 0.0, 0.0, 1.0],
                [0.359856, 0.177337, 0.916, -0.0, -0.924808, -0.062084, 0.375335, 0.299477, 0.12343, -0.98219, 0.141661, 0.0, 0.0, 0.0, 0.0, 1.0],
                [0.359856, 0.127418, 0.924267, 0.0, -0.924807, -0.082341, 0.371418, 0.299477, 0.12343, -0.988425, 0.088206, -0.0, 0.0, 0.0, 0.0, 1.0],
                [0.359856, 0.077124, 0.929815, -0.0, -0.924808, -0.102355, 0.366408, 0.299477, 0.12343, -0.991754, 0.034492, -0.0, 0.0, 0.0, 0.0, 1.0],
                [0.359856, 0.029507, 0.932541, -0.0, -0.924807, -0.120946, 0.360698, 0.299476, 0.12343, -0.992221, -0.016235, 0.0, 0.0, 0.0, 0.0, 1.0],
                [0.359856, -0.012417, 0.932925, 0.0, -0.924808, -0.137028, 0.354901, 0.299477, 0.12343, -0.990489, -0.060793, 0.0, 0.0, 0.0, 0.0, 1.0],
                [0.359856, -0.045748, 0.931886, 0.0, -0.924807, -0.149623, 0.349777, 0.299477, 0.12343, -0.987684, -0.096151, -0.0, 0.0, 0.0, 0.0, 1.0],
                [0.359856, -0.067724, 0.930547, 0.0, -0.924808, -0.157835, 0.346149, 0.299477, 0.12343, -0.985141, -0.119429, 0.0, 0.0, 0.0, 0.0, 1.0],
                [0.359856, -0.075651, 0.929936, -0.0, -0.924808, -0.160778, 0.344792, 0.299477, 0.12343, -0.984087, -0.127819, 0.0, 0.0, 0.0, 0.0, 1.0],
                [0.359856, -0.075651, 0.929936, 0.0, -0.924808, -0.160778, 0.344792, 0.299477, 0.12343, -0.984087, -0.127819, 0.0, 0.0, 0.0, 0.0, 1.0],
                [0.359856, -0.075651, 0.929936, 0.0, -0.924808, -0.160778, 0.344792, 0.299477, 0.12343, -0.984087, -0.12782, 0.0, 0.0, 0.0, 0.0, 1.0],
                [0.359856, -0.075651, 0.929936, -0.0, -0.924808, -0.160778, 0.344792, 0.299477, 0.12343, -0.984087, -0.127819, 0.0, 0.0, 0.0, 0.0, 1.0],
                [0.359856, -0.033626, 0.932402, 0.0, -0.924808, -0.145062, 0.351693, 0.299477, 0.12343, -0.988851, -0.083299, -0.0, 0.0, 0.0, 0.0, 1.0],
                [0.359856, 0.067288, 0.930578, 0.0, -0.924808, -0.106223, 0.365305, 0.299477, 0.12343, -0.992063, 0.024004, -0.0, 0.0, 0.0, 0.0, 1.0],
                [0.359856, 0.187012, 0.914074, 0.0, -0.924808, -0.058112, 0.375971, 0.299477, 0.12343, -0.980637, 0.152037, 0.0, 0.0, 0.0, 0.0, 1.0],
                [0.359856, 0.284656, 0.888524, 0.0, -0.924807, -0.01716, 0.380048, 0.299477, 0.12343, -0.958476, 0.257076, 0.0, 0.0, 0.0, 0.0, 1.0],
                [0.359856, 0.324445, 0.874779, -0.0, -0.924807, 1e-06, 0.380435, 0.299477, 0.12343, -0.945904, 0.300049, -0.0, 0.0, 0.0, 0.0, 1.0],
                [0.359856, 0.324445, 0.87478, 0.0, -0.924808, 1e-06, 0.380435, 0.299477, 0.12343, -0.945905, 0.30005, 0.0, 0.0, 0.0, 0.0, 1.0],
                [0.359856, 0.324445, 0.87478, -0.0, -0.924807, 1e-06, 0.380435, 0.299477, 0.12343, -0.945905, 0.30005, 0.0, 0.0, 0.0, 0.0, 1.0],
                [0.359856, 0.324445, 0.87478, 0.0, -0.924808, 1e-06, 0.380436, 0.299477, 0.12343, -0.945905, 0.30005, -0.0, 0.0, 0.0, 0.0, 1.0],
                [0.359856, 0.324445, 0.87478, 0.0, -0.924807, 1e-06, 0.380435, 0.299477, 0.12343, -0.945904, 0.300049, 0.0, 0.0, 0.0, 0.0, 1.0],
                [0.359856, 0.324445, 0.87478, -0.0, -0.924807, 1e-06, 0.380436, 0.299477, 0.12343, -0.945905, 0.300049, 0.0, 0.0, 0.0, 0.0, 1.0],
                [0.359856, 0.324445, 0.87478, -0.0, -0.924807, 1e-06, 0.380436, 0.299477, 0.12343, -0.945905, 0.300049, 0.0, 0.0, 0.0, 0.0, 1.0],
                [0.359856, 0.324445, 0.87478, -0.0, -0.924807, 1e-06, 0.380436, 0.299477, 0.12343, -0.945905, 0.300049, 0.0, 0.0, 0.0, 0.0, 1.0],
                [0.359856, 0.324445, 0.87478, -0.0, -0.924807, 1e-06, 0.380436, 0.299477, 0.12343, -0.945905, 0.300049, 0.0, 0.0, 0.0, 0.0, 1.0],
                [0.359856, 0.324445, 0.87478, -0.0, -0.924807, 1e-06, 0.380436, 0.299477, 0.12343, -0.945905, 0.300049, 0.0, 0.0, 0.0, 0.0, 1.0],
                [0.359856, 0.324445, 0.87478, -0.0, -0.924807, 1e-06, 0.380436, 0.299477, 0.12343, -0.945905, 0.300049, 0.0, 0.0, 0.0, 0.0, 1.0],
                [0.359856, 0.324445, 0.87478, -0.0, -0.924807, 1e-06, 0.380436, 0.299477, 0.12343, -0.945905, 0.300049, 0.0, 0.0, 0.0, 0.0, 1.0],
                [0.359856, 0.324445, 0.87478, -0.0, -0.924807, 1e-06, 0.380436, 0.299477, 0.12343, -0.945905, 0.300049, 0.0, 0.0, 0.0, 0.0, 1.0],
                [0.359856, 0.324445, 0.87478, -0.0, -0.924807, 1e-06, 0.380436, 0.299477, 0.12343, -0.945905, 0.300049, 0.0, 0.0, 0.0, 0.0, 1.0],
                [0.359856, 0.324445, 0.87478, -0.0, -0.924807, 1e-06, 0.380436, 0.299477, 0.12343, -0.945905, 0.300049, 0.0, 0.0, 0.0, 0.0, 1.0],
                [0.359856, 0.324445, 0.87478, -0.0, -0.924807, 1e-06, 0.380436, 0.299477, 0.12343, -0.945905, 0.300049, 0.0, 0.0, 0.0, 0.0, 1.0]
            ]
        },
        {
            "name": "Thigh_FR",
            "time": [0.0, 0.0333, 0.0667, 0.1, 0.1333, 0.1667, 0.2, 0.2333, 0.2667, 0.3, 0.3333, 0.3667, 0.4, 0.4333, 0.4667, 0.5, 0.5333, 0.5667, 0.6, 0.6333, 0.6667, 0.7, 0.7333, 0.7667, 0.8, 0.8333, 1.3667],
            "transform": [
                [0.877652, -0.204251, 0.433599, 0.0, 0.055124, 0.941666, 0.332004, 0.189962, -0.476117, -0.267483, 0.837714, 0.0, 0.0, 0.0, 0.0, 1.0],
                [0.877652, -0.206444, 0.432559, 0.0, 0.055124, 0.939973, 0.336768, 0.189962, -0.476117, -0.271721, 0.836349, -0.0, 0.0, 0.0, 0.0, 1.0],
                [0.877652, -0.212561, 0.429586, 0.0, 0.055124, 0.9351, 0.350072, 0.189962, -0.476118, -0.283561, 0.832409, -0.0, 0.0, 0.0, 0.0, 1.0],
                [0.877652, -0.221884, 0.424846, 0.0, 0.055124, 0.927238, 0.370392, 0.189962, -0.476118, -0.301657, 0.826024, 0.0, 0.0, 0.0, 0.0, 1.0],
                [0.877652, -0.233673, 0.418478, 0.0, 0.055124, 0.916522, 0.396167, 0.189962, -0.476117, -0.324629, 0.817269, 0.0, 0.0, 0.0, 0.0, 1.0],
                [0.877652, -0.247182, 0.410643, -0.0, 0.055124, 0.90313, 0.425815, 0.189962, -0.476118, -0.351081, 0.806259, 0.0, 0.0, 0.0, 0.0, 1.0],
                [0.877652, -0.261674, 0.401564, 0.0, 0.055124, 0.887364, 0.457762, 0.189962, -0.476118, -0.37962, 0.793222, 0.0, 0.0, 0.0, 0.0, 1.0],
                [0.877652, -0.276441, 0.391544, -0.0, 0.055124, 0.869708, 0.490479, 0.189962, -0.476118, -0.408886, 0.77854, 0.0, 0.0, 0.0, 0.0, 1.0],
                [0.877652, -0.290826, 0.380981, -0.0, 0.055124, 0.850846, 0.522516, 0.189962, -0.476118, -0.437586, 0.762778, 0.0, 0.0, 0.0, 0.0, 1.0],
                [0.877652, -0.304232, 0.370364, -0.0, 0.055124, 0.831664, 0.552536, 0.189962, -0.476117, -0.464519, 0.746682, 0.0, 0.0, 0.0, 0.0, 1.0],
                [0.877652, -0.316136, 0.360256, 0.0, 0.055124, 0.813222, 0.579336, 0.189962, -0.476118, -0.488597, 0.731153, 0.0, 0.0, 0.0, 0.0, 1.0],
                [0.877652, -0.326083, 0.351278, 0.0, 0.055124, 0.79671, 0.601842, 0.189962, -0.476118, -0.508844, 0.717209, 0.0, 0.0, 0.0, 0.0, 1.0],
                [0.877652, -0.33367, 0.34408, -0.0, 0.055124, 0.783388, 0.619083, 0.189962, -0.476118, -0.524373, 0.705936, 0.0, 0.0, 0.0, 0.0, 1.0],
                [0.877652, -0.338519, 0.33931, -0.0, 0.055124, 0.774525, 0.630137, 0.189962, -0.476118, -0.534337, 0.698424, -0.0, 0.0, 0.0, 0.0, 1.0],
                [0.877652, -0.340233, 0.337592, 0.0, 0.055124, 0.771324, 0.63405, 0.189962, -0.476118, -0.537866, 0.695709, 0.0, 0.0, 0.0, 0.0, 1.0],
                [0.877652, -0.33681, 0.341007, -0.0, 0.055124, 0.777681, 0.626238, 0.189962, -0.476118, -0.530821, 0.7011, 0.0, 0.0, 0.0, 0.0, 1.0],
                [0.877652, -0.327231, 0.350209, -0.0, 0.055124, 0.794735, 0.604448, 0.189962, -0.476118, -0.511191, 0.715539, 0.0, 0.0, 0.0, 0.0, 1.0],
                [0.877652, -0.312409, 0.363493, 0.0, 0.055124, 0.819146, 0.570929, 0.189962, -0.476117, -0.48104, 0.736147, -0.0, 0.0, 0.0, 0.0, 1.0],
                [0.877652, -0.293281, 0.379095, 0.0, 0.055124, 0.847453, 0.528, 0.189962, -0.476118, -0.442504, 0.759936, 0.0, 0.0, 0.0, 0.0, 1.0],
                [0.877652, -0.270993, 0.395335, 0.0, 0.055124, 0.876417, 0.478387, 0.189962, -0.476118, -0.398065, 0.784128, -0.0, 0.0, 0.0, 0.0, 1.0],
                [0.877652, -0.246977, 0.410766, 0.0, 0.055124, 0.903342, 0.425363, 0.189962, -0.476117, -0.350678, 0.806435, -0.0, 0.0, 0.0, 0.0, 1.0],
                [0.877652, -0.222943, 0.424291, -0.0, 0.055124, 0.926311, 0.372706, 0.189962, -0.476118, -0.303718, 0.825268, 0.0, 0.0, 0.0, 0.0, 1.0],
                [0.877652, -0.200804, 0.435206, 0.0, 0.055124, 0.94427, 0.324522, 0.189962, -0.476117, -0.260828, 0.83981, 0.0, 0.0, 0.0, 0.0, 1.0],
                [0.877652, -0.182561, 0.443168, -0.0, 0.055124, 0.95693, 0.285036, 0.189962, -0.476118, -0.225734, 0.849916, 0.0, 0.0, 0.0, 0.0, 1.0],
                [0.877652, -0.170211, 0.448057, 0.0, 0.055124, 0.964461, 0.258411, 0.189962, -0.476117, -0.202097, 0.855844, 0.0, 0.0, 0.0, 0.0, 1.0],
                [0.877652, -0.165683, 0.449751, 0.0, 0.055124, 0.967019, 0.248669, 0.189962, -0.476118, -0.193453, 0.857839, 0.0, 0.0, 0.0, 0.0, 1.0],
                [0.877652, -0.165683, 0.449751, 0.0, 0.055124, 0.967019, 0.248669, 0.189962, -0.476118, -0.193453, 0.857839, 0.0, 0.0, 0.0, 0.0, 1.0]
            ]
        },
        {
            "name": "Leg_FR",
            "time": [0.0, 0.0333, 0.0667, 0.1, 0.1333, 0.1667, 0.2, 0.2333, 0.2667, 0.3, 0.3333, 0.3667, 0.4, 0.4333, 0.4667, 0.5, 0.5333, 0.5667, 0.6, 0.6333, 0.6667, 0.7, 0.7333, 0.7667, 0.8, 0.8333, 0.8667, 0.9, 1.3667],
            "transform": [
                [0.984976, 0.172685, -0.001589, 0.0, -0.172685, 0.984808, -0.018269, 0.239581, -0.00159, 0.018269, 0.999832, 0.0, 0.0, 0.0, 0.0, 1.0],
                [0.984822, 0.173555, -0.002011, -0.0, -0.173563, 0.984656, -0.01812, 0.239581, -0.001165, 0.018194, 0.999834, 0.0, 0.0, 0.0, 0.0, 1.0],
                [0.984371, 0.176079, -0.003231, 0.0, -0.176109, 0.984212, -0.017686, 0.239581, 6.6e-05, 0.017978, 0.999838, 0.0, 0.0, 0.0, 0.0, 1.0],
                [0.983631, 0.180122, -0.005184, -0.0, -0.180185, 0.983486, -0.016983, 0.239581, 0.00204, 0.017639, 0.999842, 0.0, 0.0, 0.0, 0.0, 1.0],
                [0.982603, 0.185552, -0.007805, -0.0, -0.185657, 0.982484, -0.016027, 0.239581, 0.004695, 0.017197, 0.999841, 0.0, 0.0, 0.0, 0.0, 1.0],
                [0.981287, 0.192233, -0.011026, 0.0, -0.192384, 0.981208, -0.014828, 0.239581, 0.007968, 0.016672, 0.999829, 0.0, 0.0, 0.0, 0.0, 1.0],
                [0.979678, 0.200031, -0.014778, -0.0, -0.200229, 0.979657, -0.0134, 0.239581, 0.011797, 0.016087, 0.999801, -0.0, 0.0, 0.0, 0.0, 1.0],
                [0.977772, 0.20881, -0.018995, -0.0, -0.209052, 0.977834, -0.011754, 0.239581, 0.01612, 0.015464, 0.99975, -0.0, 0.0, 0.0, 0.0, 1.0],
                [0.975566, 0.218434, -0.023608, -0.0, -0.218712, 0.975739, -0.009903, 0.239581, 0.020872, 0.014824, 0.999672, 0.0, 0.0, 0.0, 0.0, 1.0],
                [0.973063, 0.228765, -0.028548, 0.0, -0.22907, 0.973378, -0.00786, 0.239581, 0.02599, 0.014188, 0.999562, 0.0, 0.0, 0.0, 0.0, 1.0],
                [0.970268, 0.239667, -0.033749, -0.0, -0.239985, 0.97076, -0.005643, 0.239581, 0.03141, 0.013575, 0.999414, 0.0, 0.0, 0.0, 0.0, 1.0],
                [0.967195, 0.251003, -0.039143, -0.0, -0.251318, 0.967899, -0.00327, 0.239581, 0.037066, 0.013, 0.999228, 0.0, 0.0, 0.0, 0.0, 1.0],
                [0.963861, 0.262635, -0.044663, 0.0, -0.262931, 0.964814, -0.000763, 0.239581, 0.042891, 0.012478, 0.999002, -0.0, 0.0, 0.0, 0.0, 1.0],
                [0.960294, 0.274429, -0.050244, -0.0, -0.274686, 0.961532, 0.001856, 0.239581, 0.04882, 0.012019, 0.998735, 0.0, 0.0, 0.0, 0.0, 1.0],
                [0.956528, 0.286249, -0.055821, -0.0, -0.286449, 0.958085, 0.004557, 0.239581, 0.054786, 0.011631, 0.99843, 0.0, 0.0, 0.0, 0.0, 1.0],
                [0.952605, 0.297963, -0.061332, 0.0, -0.298088, 0.95451, 0.007311, 0.239581, 0.06072, 0.011318, 0.998091, -0.0, 0.0, 0.0, 0.0, 1.0],
                [0.948576, 0.309438, -0.066716, 0.0, -0.309472, 0.950855, 0.010084, 0.239581, 0.066557, 0.011081, 0.997721, -0.0, 0.0, 0.0, 0.0, 1.0],
                [0.944499, 0.320547, -0.071912, 0.0, -0.320476, 0.94717, 0.012841, 0.239581, 0.072229, 0.010918, 0.997328, 0.0, 0.0, 0.0, 0.0, 1.0],
                [0.940438, 0.331163, -0.076864, -0.0, -0.330975, 0.943511, 0.015541, 0.239581, 0.077669, 0.010824, 0.99692, 0.0, 0.0, 0.0, 0.0, 1.0],
                [0.936464, 0.341161, -0.081517, 0.0, -0.340849, 0.939943, 0.018145, 0.239581, 0.082811, 0.010792, 0.996507, -0.0, 0.0, 0.0, 0.0, 1.0],
                [0.932652, 0.350422, -0.085814, -0.0, -0.349983, 0.93653, 0.02061, 0.239581, 0.08759, 0.010812, 0.996098, -0.0, 0.0, 0.0, 0.0, 1.0],
                [0.929084, 0.358825, -0.089705, 0.0, -0.358259, 0.933341, 0.022891, 0.239581, 0.091939, 0.01087, 0.995705, -0.0, 0.0, 0.0, 0.0, 1.0],
                [0.925842, 0.366254, -0.093137, -0.0, -0.365568, 0.93045, 0.024942, 0.239581, 0.095795, 0.010955, 0.995341, -0.0, 0.0, 0.0, 0.0, 1.0],
                [0.92301, 0.372593, -0.09606, 0.0, -0.371798, 0.927929, 0.02672, 0.239581, 0.099093, 0.011052, 0.995017, 0.0, 0.0, 0.0, 0.0, 1.0],
                [0.920671, 0.377726, -0.098424, -0.0, -0.376839, 0.92585, 0.028177, 0.239581, 0.101769, 0.011148, 0.994746, 0.0, 0.0, 0.0, 0.0, 1.0],
                [0.918909, 0.381538, -0.100177, 0.0, -0.38058, 0.924285, 0.02927, 0.239581, 0.103759, 0.011229, 0.994539, 0.0, 0.0, 0.0, 0.0, 1.0],
                [0.917799, 0.383913, -0.101268, 0.0, -0.382909, 0.9233, 0.029955, 0.239581, 0.105001, 0.011283, 0.994408, 0.0, 0.0, 0.0, 0.0, 1.0],
                [0.917415, 0.384732, -0.101644, 0.0, -0.383712, 0.922959, 0.030192, 0.239581, 0.105429, 0.011303, 0.994363, 0.0, 0.0, 0.0, 0.0, 1.0],
                [0.917415, 0.384732, -0.101644, 0.0, -0.383712, 0.922959, 0.030192, 0.239581, 0.105429, 0.011303, 0.994363, 0.0, 0.0, 0.0, 0.0, 1.0]
            ]
        },
        {
            "name": "Shoulder_FL",
            "time": [0.0, 0.0333, 0.0667, 0.1, 0.1333, 0.1667, 0.2, 0.2333, 0.2667, 0.3, 0.3333, 0.3667, 0.4, 0.4333, 0.4667, 0.5, 0.5333, 0.5667, 0.6, 0.6333, 0.6667, 0.7, 0.7333, 0.7667, 0.8, 0.8333, 0.8667, 0.9, 0.9333, 0.9667, 1.0, 1.0333, 1.0667, 1.1, 1.1333, 1.3667],
            "transform": [
                [0.537518, -0.324445, -0.778338, 0.0, 0.822851, 1e-06, 0.568258, 0.299477, -0.184368, -0.945905, 0.26697, 0.0, 0.0, 0.0, 0.0, 1.0],
                [0.537518, -0.329758, -0.776102, -0.0, 0.822851, 0.003885, 0.568245, 0.299477, -0.184368, -0.944058, 0.27343, -0.0, 0.0, 0.0, 0.0, 1.0],
                [0.537518, -0.34438, -0.769725, 0.0, 0.822851, 0.014633, 0.568069, 0.299477, -0.184368, -0.938716, 0.291239, 0.0, 0.0, 0.0, 0.0, 1.0],
                [0.537518, -0.366271, -0.759553, -0.0, 0.822851, 0.030888, 0.567418, 0.299477, -0.184368, -0.929995, 0.317989, 0.0, 0.0, 0.0, 0.0, 1.0],
                [0.537518, -0.393337, -0.745896, -0.0, 0.822851, 0.051264, 0.565941, 0.299477, -0.184368, -0.917964, 0.351213, 0.0, 0.0, 0.0, 0.0, 1.0],
                [0.537518, -0.423482, -0.729203, -0.0, 0.822851, 0.074343, 0.563374, 0.299477, -0.184368, -0.902849, 0.388423, 0.0, 0.0, 0.0, 0.0, 1.0],
                [0.537518, -0.454673, -0.710174, 0.0, 0.822851, 0.098678, 0.559624, 0.299477, -0.184368, -0.885175, 0.427169, -0.0, 0.0, 0.0, 0.0, 1.0],
                [0.537518, -0.48501, -0.689811, -0.0, 0.822851, 0.122827, 0.554825, 0.299477, -0.184368, -0.86584, 0.465113, -0.0, 0.0, 0.0, 0.0, 1.0],
                [0.537518, -0.512788, -0.669421, -0.0, 0.822851, 0.145392, 0.549343, 0.299476, -0.184368, -0.846115, 0.500098, 0.0, 0.0, 0.0, 0.0, 1.0],
                [0.537518, -0.536519, -0.650555, 0.0, 0.822851, 0.165045, 0.543762, 0.299477, -0.184368, -0.827592, 0.530189, 0.0, 0.0, 0.0, 0.0, 1.0],
                [0.537518, -0.55492, -0.634932, 0.0, 0.822851, 0.180541, 0.538815, 0.299477, -0.184368, -0.812077, 0.553661, -0.0, 0.0, 0.0, 0.0, 1.0],
                [0.537518, -0.566832, -0.624321, 0.0, 0.822851, 0.190702, 0.535303, 0.299477, -0.184368, -0.801458, 0.568923, 0.0, 0.0, 0.0, 0.0, 1.0],
                [0.537518, -0.571086, -0.620432, -0.0, 0.822851, 0.194356, 0.533988, 0.299477, -0.184368, -0.79755, 0.574388, 0.0, 0.0, 0.0, 0.0, 1.0],
                [0.537518, -0.554827, -0.635013, 0.0, 0.822851, 0.180462, 0.538842, 0.299477, -0.184368, -0.812158, 0.553542, 0.0, 0.0, 0.0, 0.0, 1.0],
                [0.537518, -0.512629, -0.669542, 0.0, 0.822851, 0.145262, 0.549378, 0.299477, -0.184368, -0.846234, 0.499897, 0.0, 0.0, 0.0, 0.0, 1.0],
                [0.537518, -0.454673, -0.710174, -0.0, 0.822851, 0.098678, 0.559625, 0.299477, -0.184368, -0.885175, 0.427169, 0.0, 0.0, 0.0, 0.0, 1.0],
                [0.537518, -0.393514, -0.745802, 0.0, 0.822851, 0.051398, 0.565929, 0.299477, -0.184368, -0.91788, 0.351431, -0.0, 0.0, 0.0, 0.0, 1.0],
                [0.537518, -0.344493, -0.769675, 0.0, 0.822851, 0.014717, 0.568067, 0.299477, -0.184368, -0.938674, 0.291377, -0.0, 0.0, 0.0, 0.0, 1.0],
                [0.537518, -0.324445, -0.778338, 0.0, 0.822851, 1e-06, 0.568258, 0.299477, -0.184368, -0.945905, 0.26697, 0.0, 0.0, 0.0, 0.0, 1.0],
                [0.537518, -0.324445, -0.778338, 0.0, 0.822851, 1e-06, 0.568258, 0.299477, -0.184368, -0.945905, 0.26697, 0.0, 0.0, 0.0, 0.0, 1.0],
                [0.537518, -0.324445, -0.778338, -0.0, 0.822851, 1e-06, 0.568258, 0.299477, -0.184368, -0.945904, 0.26697, -0.0, 0.0, 0.0, 0.0, 1.0],
                [0.537518, -0.324445, -0.778338, 0.0, 0.822851, 1e-06, 0.568258, 0.299477, -0.184368, -0.945905, 0.26697, 0.0, 0.0, 0.0, 0.0, 1.0],
                [0.537518, -0.324445, -0.778338, -0.0, 0.822851, 1e-06, 0.568258, 0.299477, -0.184368, -0.945905, 0.26697, 0.0, 0.0, 0.0, 0.0, 1.0],
                [0.537518, -0.324445, -0.778338, 0.0, 0.822851, 1e-06, 0.568258, 0.299477, -0.184368, -0.945905, 0.26697, -0.0, 0.0, 0.0, 0.0, 1.0],
                [0.537518, -0.324445, -0.778338, 0.0, 0.822851, 1e-06, 0.568258, 0.299477, -0.184368, -0.945904, 0.26697, 0.0, 0.0, 0.0, 0.0, 1.0],
                [0.537518, -0.324445, -0.778338, -0.0, 0.822851, 1e-06, 0.568258, 0.299477, -0.184368, -0.945905, 0.26697, 0.0, 0.0, 0.0, 0.0, 1.0],
                [0.537518, -0.324445, -0.778338, -0.0, 0.822851, 1e-06, 0.568258, 0.299477, -0.184368, -0.945905, 0.26697, 0.0, 0.0, 0.0, 0.0, 1.0],
                [0.537518, -0.324445, -0.778338, -0.0, 0.822851, 1e-06, 0.568258, 0.299477, -0.184368, -0.945905, 0.26697, 0.0, 0.0, 0.0, 0.0, 1.0],
                [0.537518, -0.324445, -0.778338, -0.0, 0.822851, 1e-06, 0.568258, 0.299477, -0.184368, -0.945905, 0.26697, 0.0, 0.0, 0.0, 0.0, 1.0],
                [0.537518, -0.324445, -0.778338, -0.0, 0.822851, 1e-06, 0.568258, 0.299477, -0.184368, -0.945905, 0.26697, 0.0, 0.0, 0.0, 0.0, 1.0],
                [0.537518, -0.324445, -0.778338, -0.0, 0.822851, 1e-06, 0.568258, 0.299477, -0.184368, -0.945905, 0.26697, 0.0, 0.0, 0.0, 0.0, 1.0],
                [0.537518, -0.324445, -0.778338, -0.0, 0.822851, 1e-06, 0.568258, 0.299477, -0.184368, -0.945905, 0.26697, 0.0, 0.0, 0.0, 0.0, 1.0],
                [0.537518, -0.324445, -0.778338, -0.0, 0.822851, 1e-06, 0.568258, 0.299477, -0.184368, -0.945905, 0.26697, 0.0, 0.0, 0.0, 0.0, 1.0],
                [0.537518, -0.324445, -0.778338, -0.0, 0.822851, 1e-06, 0.568258, 0.299477, -0.184368, -0.945905, 0.26697, 0.0, 0.0, 0.0, 0.0, 1.0],
                [0.537518, -0.324445, -0.778338, -0.0, 0.822851, 1e-06, 0.568258, 0.299477, -0.184368, -0.945905, 0.26697, 0.0, 0.0, 0.0, 0.0, 1.0],
                [0.537518, -0.324445, -0.778338, -0.0, 0.822851, 1e-06, 0.568258, 0.299477, -0.184368, -0.945905, 0.26697, 0.0, 0.0, 0.0, 0.0, 1.0]
            ]
        },
        {
            "name": "Thigh_FL",
            "time": [0.0, 0.0333, 0.0667, 0.1, 0.1333, 0.1667, 0.2, 0.2333, 0.2667, 0.3, 0.3333, 0.3667, 0.4, 0.4333, 0.4667, 0.5, 0.5333, 0.5667, 0.6, 0.6333, 0.6667, 0.7, 0.7333, 0.7667, 0.8, 0.8333, 1.3667],
            "transform": [
                [0.966743, 0.254305, 0.027135, -0.0, -0.254084, 0.942944, 0.215168, 0.189962, 0.029132, -0.214907, 0.9762, 0.0, 0.0, 0.0, 0.0, 1.0],
                [0.968905, 0.246324, 0.023393, -0.0, -0.245655, 0.946324, 0.210056, 0.189962, 0.029605, -0.209271, 0.977409, -0.0, 0.0, 0.0, 0.0, 1.0],
                [0.974604, 0.223555, 0.013054, -0.0, -0.22175, 0.955325, 0.1954, 0.189962, 0.031212, -0.193332, 0.980637, 0.0, 0.0, 0.0, 0.0, 1.0],
                [0.982259, 0.187514, -0.002334, -0.0, -0.184326, 0.967701, 0.171984, 0.189962, 0.034508, -0.168502, 0.985097, -0.0, 0.0, 0.0, 0.0, 1.0],
                [0.989974, 0.139677, -0.021005, -0.0, -0.135398, 0.980776, 0.140516, 0.189962, 0.040228, -0.136264, 0.989855, 0.0, 0.0, 0.0, 0.0, 1.0],
                [0.995802, 0.081799, -0.041082, 0.0, -0.077266, 0.991791, 0.101887, 0.189962, 0.049079, -0.098285, 0.993947, -0.0, 0.0, 0.0, 0.0, 1.0],
                [0.998025, 0.016114, -0.060721, 0.0, -0.012628, 0.998274, 0.057352, 0.189962, 0.06154, -0.056472, 0.996506, -0.0, 0.0, 0.0, 0.0, 1.0],
                [0.995433, -0.054608, -0.078295, 0.0, 0.055449, 0.998424, 0.008612, 0.189962, 0.077701, -0.012914, 0.996893, -0.0, 0.0, 0.0, 0.0, 1.0],
                [0.98755, -0.127172, -0.092582, 0.0, 0.123711, 0.991419, -0.042227, 0.189962, 0.097158, 0.030248, 0.994809, 0.0, 0.0, 0.0, 0.0, 1.0],
                [0.974741, -0.198208, -0.10292, -0.0, 0.188988, 0.977585, -0.092802, 0.189962, 0.119007, 0.071007, 0.990351, 0.0, 0.0, 0.0, 0.0, 1.0],
                [0.958184, -0.264471, -0.109261, 0.0, 0.248476, 0.958364, -0.14071, 0.189962, 0.141926, 0.107677, 0.984003, -0.0, 0.0, 0.0, 0.0, 1.0],
                [0.9397, -0.323098, -0.112123, -0.0, 0.299942, 0.936102, -0.183704, 0.189962, 0.164313, 0.138996, 0.976566, -0.0, 0.0, 0.0, 0.0, 1.0],
                [0.921505, -0.371732, -0.112447, 0.0, 0.341765, 0.913714, -0.219824, 0.189962, 0.18446, 0.164138, 0.969037, -0.0, 0.0, 0.0, 0.0, 1.0],
                [0.905941, -0.408488, -0.111393, 0.0, 0.372823, 0.894311, -0.24741, 0.189962, 0.200684, 0.182608, 0.962486, 0.0, 0.0, 0.0, 0.0, 1.0],
                [0.89524, -0.431762, -0.11012, -0.0, 0.392231, 0.880865, -0.265011, 0.189962, 0.211422, 0.194056, 0.957937, -0.0, 0.0, 0.0, 0.0, 1.0],
                [0.891324, -0.439931, -0.109558, -0.0, 0.398994, 0.875926, -0.271214, 0.189962, 0.21528, 0.198026, 0.956263, -0.0, 0.0, 0.0, 0.0, 1.0],
                [0.901305, -0.41922, -0.109103, 0.0, 0.384418, 0.890152, -0.244647, 0.189962, 0.19968, 0.17856, 0.963454, 0.0, 0.0, 0.0, 0.0, 1.0],
                [0.926672, -0.361038, -0.104551, 0.0, 0.34097, 0.924504, -0.170388, 0.189962, 0.158174, 0.122245, 0.979815, 0.0, 0.0, 0.0, 0.0, 1.0],
                [0.958453, -0.271187, -0.088464, 0.0, 0.266963, 0.962035, -0.056748, 0.189962, 0.100495, 0.030774, 0.994461, 0.0, 0.0, 0.0, 0.0, 1.0],
                [0.985865, -0.158851, -0.053257, -0.0, 0.16292, 0.983091, 0.083599, 0.189962, 0.039077, -0.091094, 0.995075, 0.0, 0.0, 0.0, 0.0, 1.0],
                [0.999249, -0.038533, 0.004022, 0.0, 0.036553, 0.972107, 0.231672, 0.189962, -0.012837, -0.231351, 0.972786, -0.0, 0.0, 0.0, 0.0, 1.0],
                [0.994269, 0.0728, 0.078296, 0.0, -0.096605, 0.92549, 0.366246, 0.189962, -0.045799, -0.371711, 0.927218, -0.0, 0.0, 0.0, 0.0, 1.0],
                [0.974163, 0.161888, 0.157477, 0.0, -0.218223, 0.854347, 0.471666, 0.189962, -0.058183, -0.493845, 0.867601, -0.0, 0.0, 0.0, 0.0, 1.0],
                [0.94787, 0.223326, 0.227306, -0.0, -0.313709, 0.779198, 0.54262, 0.189962, -0.055935, -0.585642, 0.808638, 0.0, 0.0, 0.0, 0.0, 1.0],
                [0.925884, 0.25834, 0.275679, -0.0, -0.374672, 0.721672, 0.582075, 0.189962, -0.048577, -0.642223, 0.764977, -0.0, 0.0, 0.0, 0.0, 1.0],
                [0.917072, 0.269856, 0.293525, 0.0, -0.396199, 0.699433, 0.594828, 0.189962, -0.044784, -0.661794, 0.748347, 0.0, 0.0, 0.0, 0.0, 1.0],
                [0.917072, 0.269856, 0.293525, 0.0, -0.396199, 0.699433, 0.594828, 0.189962, -0.044784, -0.661794, 0.748347, 0.0, 0.0, 0.0, 0.0, 1.0]
            ]
        },
        {
            "name": "Leg_FL",
