{
    "animation": [
        {
            "name": "Root",
            "time": [0.0, 0.0417, 0.0833, 0.125, 0.1667, 0.2083, 0.25, 0.2917, 0.3333, 0.375, 0.4167, 0.4583, 0.5, 0.5417, 0.5833, 0.625, 0.6667, 0.7083, 0.75, 0.7917, 0.8333, 0.875, 0.9167, 0.9583, 1.0, 1.0417, 1.0833, 1.125, 1.1667, 1.2083, 1.25, 1.2917, 1.3333, 1.375, 1.4167, 1.4583, 1.5, 1.5417, 1.5833, 1.625, 1.6667, 1.7083, 1.75, 1.7917, 1.8333, 1.875, 1.9167, 1.9583, 2.0, 2.0417, 2.0833, 2.125, 2.1667, 2.2083, 2.25, 2.2917, 2.3333, 2.375, 2.4167, 2.4583, 2.5, 2.5417, 2.5833, 2.625, 2.6667, 2.7083, 2.75, 2.7917, 2.8333, 2.875, 2.9167, 2.9583, 3.0, 3.0417, 3.0833, 3.125, 3.1667, 3.2083, 3.25, 3.2917, 3.3333, 3.375, 3.4167, 3.4583, 3.5, 3.5417, 3.5833, 3.625, 3.6667, 3.7083, 3.75, 3.7917, 3.8333, 3.875, 3.9167, 3.9583, 4.0, 4.0417, 4.0833],
            "transform": [
                [0.173648, 0.0, 0.984808, 0.164047, -0.000925, 1.0, 0.000163, -0.26, -0.984807, -0.000939, 0.173648, 0.260236, 0.0, 0.0, 0.0, 1.0],
                [0.173648, 0.0, 0.984808, 0.164047, -0.000925, 1.0, 0.000163, -0.26, -0.984807, -0.000939, 0.173648, 0.260236, 0.0, 0.0, 0.0, 1.0],
                [0.173648, 0.0, 0.984808, 0.164047, -0.000925, 1.0, 0.000163, -0.26, -0.984807, -0.000939, 0.173648, 0.260236, 0.0, 0.0, 0.0, 1.0],
                [0.173648, 0.0, 0.984808, 0.164047, -0.000925, 1.0, 0.000163, -0.26, -0.984807, -0.000939, 0.173648, 0.260236, 0.0, 0.0, 0.0, 1.0],
                [0.173648, 0.0, 0.984808, 0.164047, -0.000925, 1.0, 0.000163, -0.26, -0.984807, -0.000939, 0.173648, 0.260236, 0.0, 0.0, 0.0, 1.0],
                [0.173648, 0.0, 0.984808, 0.164047, -0.000925, 1.0, 0.000163, -0.26, -0.984807, -0.000939, 0.173648, 0.260236, 0.0, 0.0, 0.0, 1.0],
                [0.173648, 0.0, 0.984808, 0.164047, -0.000925, 1.0, 0.000163, -0.26, -0.984807, -0.000939, 0.173648, 0.260236, 0.0, 0.0, 0.0, 1.0],
                [0.173648, 0.0, 0.984808, 0.164047, -0.000925, 1.0, 0.000163, -0.26, -0.984807, -0.000939, 0.173648, 0.260236, 0.0, 0.0, 0.0, 1.0],
                [0.173648, 0.0, 0.984808, 0.164047, -0.000925, 1.0, 0.000163, -0.26, -0.984807, -0.000939, 0.173648, 0.260236, 0.0, 0.0, 0.0, 1.0],
                [0.173648, 0.0, 0.984808, 0.164047, -0.000925, 1.0, 0.000163, -0.26, -0.984807, -0.000939, 0.173648, 0.260236, 0.0, 0.0, 0.0, 1.0],
                [0.173648, 0.0, 0.984808, 0.164047, -0.000925, 1.0, 0.000163, -0.26, -0.984807, -0.000939, 0.173648, 0.260236, 0.0, 0.0, 0.0, 1.0],
                [0.173648, 0.0, 0.984808, 0.164047, -0.000925, 1.0, 0.000163, -0.26, -0.984807, -0.000939, 0.173648, 0.260236, 0.0, 0.0, 0.0, 1.0],
                [0.173648, 0.0, 0.984808, 0.164047, -0.000925, 1.0, 0.000163, -0.26, -0.984807, -0.000939, 0.173648, 0.260236, 0.0, 0.0, 0.0, 1.0],
                [0.173648, 0.0, 0.984808, 0.164047, -0.000925, 1.0, 0.000163, -0.26, -0.984807, -0.000939, 0.173648, 0.260236, 0.0, 0.0, 0.0, 1.0],
                [0.173648, 0.0, 0.984808, 0.164047, -0.000925, 1.0, 0.000163, -0.26, -0.984807, -0.000939, 0.173648, 0.260236, 0.0, 0.0, 0.0, 1.0],
                [0.173648, 0.0, 0.984808, 0.164047, -0.000925, 1.0, 0.000163, -0.26, -0.984807, -0.000939, 0.173648, 0.260236, 0.0, 0.0, 0.0, 1.0],
                [0.173648, 0.0, 0.984808, 0.164047, -0.000925, 1.0, 0.000163, -0.26, -0.984807, -0.000939, 0.173648, 0.260236, 0.0, 0.0, 0.0, 1.0],
                [0.173648, 0.0, 0.984808, 0.164047, -0.000925, 1.0, 0.000163, -0.26, -0.984807, -0.000939, 0.173648, 0.260236, 0.0, 0.0, 0.0, 1.0],
                [0.173648, 0.0, 0.984808, 0.164047, -0.000925, 1.0, 0.000163, -0.26, -0.984807, -0.000939, 0.173648, 0.260236, 0.0, 0.0, 0.0, 1.0],
                [0.173648, 0.0, 0.984808, 0.164047, -0.000925, 1.0, 0.000163, -0.26, -0.984807, -0.000939, 0.173648, 0.260236, 0.0, 0.0, 0.0, 1.0],
                [0.173648, 0.0, 0.984808, 0.164047, -0.000925, 1.0, 0.000163, -0.26, -0.984807, -0.000939, 0.173648, 0.260236, 0.0, 0.0, 0.0, 1.0],
                [0.173648, 0.0, 0.984808, 0.164047, -0.000925, 1.0, 0.000163, -0.26, -0.984807, -0.000939, 0.173648, 0.260236, 0.0, 0.0, 0.0, 1.0],
                [0.173648, 0.0, 0.984808, 0.164047, -0.000925, 1.0, 0.000163, -0.26, -0.984807, -0.000939, 0.173648, 0.260236, 0.0, 0.0, 0.0, 1.0],
                [0.173648, 0.0, 0.984808, 0.164047, -0.000925, 1.0, 0.000163, -0.26, -0.984807, -0.000939, 0.173648, 0.260236, 0.0, 0.0, 0.0, 1.0],
                [0.173648, 0.0, 0.984808, 0.164047, -0.000925, 1.0, 0.000163, -0.26, -0.984807, -0.000939, 0.173648, 0.260236, 0.0, 0.0, 0.0, 1.0],
                [0.173648, 0.0, 0.984808, 0.164047, -0.000925, 1.0, 0.000163, -0.26, -0.984807, -0.000939, 0.173648, 0.260236, 0.0, 0.0, 0.0, 1.0],
                [0.173648, 0.0, 0.984808, 0.164047, -0.000925, 1.0, 0.000163, -0.26, -0.984807, -0.000939, 0.173648, 0.260236, 0.0, 0.0, 0.0, 1.0],
                [0.173648, 0.0, 0.984808, 0.164047, -0.000925, 1.0, 0.000163, -0.26, -0.984807, -0.000939, 0.173648, 0.260236, 0.0, 0.0, 0.0, 1.0],
                [0.173648, 0.0, 0.984808, 0.164047, -0.000925, 1.0, 0.000163, -0.26, -0.984807, -0.000939, 0.173648, 0.260236, 0.0, 0.0, 0.0, 1.0],
                [0.173648, 0.0, 0.984808, 0.164047, -0.000925, 1.0, 0.000163, -0.26, -0.984807, -0.000939, 0.173648, 0.260236, 0.0, 0.0, 0.0, 1.0],
                [0.173648, 0.0, 0.984808, 0.164047, -0.000925, 1.0, 0.000163, -0.26, -0.984807, -0.000939, 0.173648, 0.260236, 0.0, 0.0, 0.0, 1.0],
                [0.173648, 0.0, 0.984808, 0.164047, -0.000925, 1.0, 0.000163, -0.26, -0.984807, -0.000939, 0.173648, 0.260236, 0.0, 0.0, 0.0, 1.0],
                [0.173648, 0.0, 0.984808, 0.164047, -0.000925, 1.0, 0.000163, -0.26, -0.984807, -0.000939, 0.173648, 0.260236, 0.0, 0.0, 0.0, 1.0],
                [0.173648, 0.0, 0.984808, 0.164047, -0.000925, 1.0, 0.000163, -0.26, -0.984807, -0.000939, 0.173648, 0.260236, 0.0, 0.0, 0.0, 1.0],
                [0.173648, 0.0, 0.984808, 0.164047, -0.000925, 1.0, 0.000163, -0.26, -0.984807, -0.000939, 0.173648, 0.260236, 0.0, 0.0, 0.0, 1.0],
                [0.173648, 0.0, 0.984808, 0.164047, -0.000925, 1.0, 0.000163, -0.26, -0.984807, -0.000939, 0.173648, 0.260236, 0.0, 0.0, 0.0, 1.0],
                [0.173648, 0.0, 0.984808, 0.164047, -0.000925, 1.0, 0.000163, -0.26, -0.984807, -0.000939, 0.173648, 0.260236, 0.0, 0.0, 0.0, 1.0],
                [0.173648, 0.0, 0.984808, 0.164047, -0.000925, 1.0, 0.000163, -0.26, -0.984807, -0.000939, 0.173648, 0.260236, 0.0, 0.0, 0.0, 1.0],
                [0.173648, 0.0, 0.984808, 0.164047, -0.000925, 1.0, 0.000163, -0.26, -0.984807, -0.000939, 0.173648, 0.260236, 0.0, 0.0, 0.0, 1.0],
                [0.173648, 0.0, 0.984808, 0.164047, -0.000925, 1.0, 0.000163, -0.26, -0.984807, -0.000939, 0.173648, 0.260236, 0.0, 0.0, 0.0, 1.0],
                [0.173648, 0.0, 0.984808, 0.164047, -0.000925, 1.0, 0.000163, -0.26, -0.984807, -0.000939, 0.173648, 0.260236, 0.0, 0.0, 0.0, 1.0],
                [0.173648, 0.0, 0.984808, 0.164047, -0.000925, 1.0, 0.000163, -0.26, -0.984807, -0.000939, 0.173648, 0.260236, 0.0, 0.0, 0.0, 1.0],
                [0.173648, 0.0, 0.984808, 0.164047, -0.000925, 1.0, 0.000163, -0.26, -0.984807, -0.000939, 0.173648, 0.260236, 0.0, 0.0, 0.0, 1.0],
                [0.173648, 0.0, 0.984808, 0.164047, -0.000925, 1.0, 0.000163, -0.26, -0.984807, -0.000939, 0.173648, 0.260236, 0.0, 0.0, 0.0, 1.0],
                [0.173648, 0.0, 0.984808, 0.164047, -0.000925, 1.0, 0.000163, -0.26, -0.984807, -0.000939, 0.173648, 0.260236, 0.0, 0.0, 0.0, 1.0],
                [0.173648, 0.0, 0.984808, 0.164047, -0.000925, 1.0, 0.000163, -0.26, -0.984807, -0.000939, 0.173648, 0.260236, 0.0, 0.0, 0.0, 1.0],
                [0.173648, 0.0, 0.984808, 0.164047, -0.000925, 1.0, 0.000163, -0.26, -0.984807, -0.000939, 0.173648, 0.260236, 0.0, 0.0, 0.0, 1.0],
                [0.173648, 0.0, 0.984808, 0.164047, -0.000925, 1.0, 0.000163, -0.26, -0.984807, -0.000939, 0.173648, 0.260236, 0.0, 0.0, 0.0, 1.0],
                [0.173648, 0.0, 0.984808, 0.164047, -0.000925, 1.0, 0.000163, -0.26, -0.984807, -0.000939, 0.173648, 0.260236, 0.0, 0.0, 0.0, 1.0],
                [0.173648, 0.0, 0.984808, 0.164047, -0.000925, 1.0, 0.000163, -0.26, -0.984807, -0.000939, 0.173648, 0.260236, 0.0, 0.0, 0.0, 1.0],
                [0.173648, 0.0, 0.984808, 0.164047, -0.000925, 1.0, 0.000163, -0.26, -0.984807, -0.000939, 0.173648, 0.260236, 0.0, 0.0, 0.0, 1.0],
                [0.173648, 0.0, 0.984808, 0.164047, -0.000925, 1.0, 0.000163, -0.26, -0.984807, -0.000939, 0.173648, 0.260236, 0.0, 0.0, 0.0, 1.0],
                [0.173648, 0.0, 0.984808, 0.164047, -0.000925, 1.0, 0.000163, -0.26, -0.984807, -0.000939, 0.173648, 0.260236, 0.0, 0.0, 0.0, 1.0],
                [0.173648, 0.0, 0.984808, 0.164047, -0.000925, 1.0, 0.000163, -0.26, -0.984807, -0.000939, 0.173648, 0.260236, 0.0, 0.0, 0.0, 1.0],
                [0.173648, 0.0, 0.984808, 0.164047, -0.000925, 1.0, 0.000163, -0.26, -0.984807, -0.000939, 0.173648, 0.260236, 0.0, 0.0, 0.0, 1.0],
                [0.173648, 0.0, 0.984808, 0.164047, -0.000925, 1.0, 0.000163, -0.26, -0.984807, -0.000939, 0.173648, 0.260236, 0.0, 0.0, 0.0, 1.0],
                [0.173648, 0.0, 0.984808, 0.164047, -0.000925, 1.0, 0.000163, -0.26, -0.984807, -0.000939, 0.173648, 0.260236, 0.0, 0.0, 0.0, 1.0],
                [0.173648, 0.0, 0.984808, 0.164047, -0.000925, 1.0, 0.000163, -0.26, -0.984807, -0.000939, 0.173648, 0.260236, 0.0, 0.0, 0.0, 1.0],
                [0.173648, 0.0, 0.984808, 0.164047, -0.000925, 1.0, 0.000163, -0.26, -0.984807, -0.000939, 0.173648, 0.260236, 0.0, 0.0, 0.0, 1.0],
                [0.173648, 0.0, 0.984808, 0.164047, -0.000925, 1.0, 0.000163, -0.26, -0.984807, -0.000939, 0.173648, 0.260236, 0.0, 0.0, 0.0, 1.0],
                [0.173648, 0.0, 0.984808, 0.164047, -0.000925, 1.0, 0.000163, -0.26, -0.984807, -0.000939, 0.173648, 0.260236, 0.0, 0.0, 0.0, 1.0],
                [0.173648, 0.0, 0.984808, 0.164047, -0.000925, 1.0, 0.000163, -0.26, -0.984807, -0.000939, 0.173648, 0.260236, 0.0, 0.0, 0.0, 1.0],
                [0.173648, 0.0, 0.984808, 0.164047, -0.000925, 1.0, 0.000163, -0.26, -0.984807, -0.000939, 0.173648, 0.260236, 0.0, 0.0, 0.0, 1.0],
                [0.173648, 0.0, 0.984808, 0.164047, -0.000925, 1.0, 0.000163, -0.26, -0.984807, -0.000939, 0.173648, 0.260236, 0.0, 0.0, 0.0, 1.0],
                [0.173648, 0.0, 0.984808, 0.164047, -0.000925, 1.0, 0.000163, -0.26, -0.984807, -0.000939, 0.173648, 0.260236, 0.0, 0.0, 0.0, 1.0],
                [0.173648, 0.0, 0.984808, 0.164047, -0.000925, 1.0, 0.000163, -0.26, -0.984807, -0.000939, 0.173648, 0.260236, 0.0, 0.0, 0.0, 1.0],
                [0.173648, 0.0, 0.984808, 0.164047, -0.000925, 1.0, 0.000163, -0.26, -0.984807, -0.000939, 0.173648, 0.260236, 0.0, 0.0, 0.0, 1.0],
                [0.173648, 0.0, 0.984808, 0.164047, -0.000925, 1.0, 0.000163, -0.26, -0.984807, -0.000939, 0.173648, 0.260236, 0.0, 0.0, 0.0, 1.0],
                [0.173648, 0.0, 0.984808, 0.164047, -0.000925, 1.0, 0.000163, -0.26, -0.984807, -0.000939, 0.173648, 0.260236, 0.0, 0.0, 0.0, 1.0],
                [0.173648, 0.0, 0.984808, 0.164047, -0.000925, 1.0, 0.000163, -0.26, -0.984807, -0.000939, 0.173648, 0.260236, 0.0, 0.0, 0.0, 1.0],
                [0.173648, 0.0, 0.984808, 0.164047, -0.000925, 1.0, 0.000163, -0.26, -0.984807, -0.000939, 0.173648, 0.260236, 0.0, 0.0, 0.0, 1.0],
                [0.173648, 0.0, 0.984808, 0.164047, -0.000925, 1.0, 0.000163, -0.26, -0.984807, -0.000939, 0.173648, 0.260236, 0.0, 0.0, 0.0, 1.0],
                [0.173648, 0.0, 0.984808, 0.164047, -0.000925, 1.0, 0.000163, -0.26, -0.984807, -0.000939, 0.173648, 0.260236, 0.0, 0.0, 0.0, 1.0],
                [0.173648, 0.0, 0.984808, 0.164047, -0.000925, 1.0, 0.000163, -0.26, -0.984807, -0.000939, 0.173648, 0.260236, 0.0, 0.0, 0.0, 1.0],
                [0.173648, 0.0, 0.984808, 0.164047, -0.000925, 1.0, 0.000163, -0.26, -0.984807, -0.000939, 0.173648, 0.260236, 0.0, 0.0, 0.0, 1.0],
                [0.173648, 0.0, 0.984808, 0.164047, -0.000925, 1.0, 0.000163, -0.26, -0.984807, -0.000939, 0.173648, 0.260236, 0.0, 0.0, 0.0, 1.0],
                [0.173648, 0.0, 0.984808, 0.164047, -0.000925, 1.0, 0.000163, -0.26, -0.984807, -0.000939, 0.173648, 0.260236, 0.0, 0.0, 0.0, 1.0],
                [0.173648, 0.0, 0.984808, 0.164047, -0.000925, 1.0, 0.000163, -0.26, -0.984807, -0.000939, 0.173648, 0.260236, 0.0, 0.0, 0.0, 1.0],
                [0.173648, 0.0, 0.984808, 0.164047, -0.000925, 1.0, 0.000163, -0.26, -0.984807, -0.000939, 0.173648, 0.260236, 0.0, 0.0, 0.0, 1.0],
                [0.173648, 0.0, 0.984808, 0.164047, -0.000925, 1.0, 0.000163, -0.26, -0.984807, -0.000939, 0.173648, 0.260236, 0.0, 0.0, 0.0, 1.0],
                [0.173648, 0.0, 0.984808, 0.164047, -0.000925, 1.0, 0.000163, -0.26, -0.984807, -0.000939, 0.173648, 0.260236, 0.0, 0.0, 0.0, 1.0],
                [0.173648, 0.0, 0.984808, 0.164047, -0.000925, 1.0, 0.000163, -0.26, -0.984807, -0.000939, 0.173648, 0.260236, 0.0, 0.0, 0.0, 1.0],
                [0.173648, 0.0, 0.984808, 0.164047, -0.000925, 1.0, 0.000163, -0.26, -0.984807, -0.000939, 0.173648, 0.260236, 0.0, 0.0, 0.0, 1.0],
                [0.173648, 0.0, 0.984808, 0.164047, -0.000925, 1.0, 0.000163, -0.26, -0.984807, -0.000939, 0.173648, 0.260236, 0.0, 0.0, 0.0, 1.0],
                [0.173648, 0.0, 0.984808, 0.164047, -0.000925, 1.0, 0.000163, -0.26, -0.984807, -0.000939, 0.173648, 0.260236, 0.0, 0.0, 0.0, 1.0],
                [0.173648, 0.0, 0.984808, 0.164047, -0.000925, 1.0, 0.000163, -0.26, -0.984807, -0.000939, 0.173648, 0.260236, 0.0, 0.0, 0.0, 1.0],
                [0.173648, 0.0, 0.984808, 0.164047, -0.000925, 1.0, 0.000163, -0.26, -0.984807, -0.000939, 0.173648, 0.260236, 0.0, 0.0, 0.0, 1.0],
                [0.173648, 0.0, 0.984808, 0.164047, -0.000925, 1.0, 0.000163, -0.26, -0.984807, -0.000939, 0.173648, 0.260236, 0.0, 0.0, 0.0, 1.0],
                [0.173648, 0.0, 0.984808, 0.164047, -0.000925, 1.0, 0.000163, -0.26, -0.984807, -0.000939, 0.173648, 0.260236, 0.0, 0.0, 0.0, 1.0],
                [0.173648, 0.0, 0.984808, 0.164047, -0.000925, 1.0, 0.000163, -0.26, -0.984807, -0.000939, 0.173648, 0.260236, 0.0, 0.0, 0.0, 1.0],
                [0.173648, 0.0, 0.984808, 0.164047, -0.000925, 1.0, 0.000163, -0.26, -0.984807, -0.000939, 0.173648, 0.260236, 0.0, 0.0, 0.0, 1.0],
                [0.173648, 0.0, 0.984808, 0.164047, -0.000925, 1.0, 0.000163, -0.26, -0.984807, -0.000939, 0.173648, 0.260236, 0.0, 0.0, 0.0, 1.0],
                [0.173648, 0.0, 0.984808, 0.164047, -0.000925, 1.0, 0.000163, -0.26, -0.984807, -0.000939, 0.173648, 0.260236, 0.0, 0.0, 0.0, 1.0],
                [0.173648, 0.0, 0.984808, 0.164047, -0.000925, 1.0, 0.000163, -0.26, -0.984807, -0.000939, 0.173648, 0.260236, 0.0, 0.0, 0.0, 1.0],
                [0.173648, 0.0, 0.984808, 0.164047, -0.000925, 1.0, 0.000163, -0.26, -0.984807, -0.000939, 0.173648, 0.260236, 0.0, 0.0, 0.0, 1.0],
                [0.173648, 0.0, 0.984808, 0.164047, -0.000925, 1.0, 0.000163, -0.26, -0.984807, -0.000939, 0.173648, 0.260236, 0.0, 0.0, 0.0, 1.0],
                [0.173648, 0.0, 0.984808, 0.164047, -0.000925, 1.0, 0.000163, -0.26, -0.984807, -0.000939, 0.173648, 0.260236, 0.0, 0.0, 0.0, 1.0],
                [0.173648, 0.0, 0.984808, 0.164047, -0.000925, 1.0, 0.000163, -0.26, -0.984807, -0.000939, 0.173648, 0.260236, 0.0, 0.0, 0.0, 1.0],
                [0.173648, 0.0, 0.984808, 0.164047, -0.000925, 1.0, 0.000163, -0.26, -0.984807, -0.000939, 0.173648, 0.260236, 0.0, 0.0, 0.0, 1.0]
            ]
        },
        {
            "name": "Torso",
            "time": [0.0, 0.0417, 0.0833, 0.125, 0.1667, 0.2083, 0.25, 0.2917, 0.3333, 0.375, 0.4167, 0.4583, 0.5, 0.5417, 0.5833, 0.625, 0.6667, 0.7083, 0.75, 0.7917, 0.8333, 0.875, 0.9167, 0.9583, 1.0, 1.0417, 1.0833, 1.125, 1.1667, 1.2083, 1.25, 1.2917, 1.3333, 1.375, 1.4167, 1.4583, 1.5, 1.5417, 1.5833, 1.625, 1.6667, 1.7083, 1.75, 1.7917, 1.8333, 1.875, 1.9167, 1.9583, 2.0, 2.0417, 2.0833, 2.125, 2.1667, 2.2083, 2.25, 2.2917, 2.3333, 2.375, 2.4167, 2.4583, 2.5, 2.5417, 2.5833, 2.625, 2.6667, 2.7083, 2.75, 2.7917, 2.8333, 2.875, 2.9167, 2.9583, 3.0, 3.0417, 3.0833, 3.125, 3.1667, 3.2083, 3.25, 3.2917, 3.3333, 3.375, 3.4167, 3.4583, 3.5, 3.5417, 3.5833, 3.625, 3.6667, 3.7083, 3.75, 3.7917, 3.8333, 3.875, 3.9167, 3.9583, 4.0, 4.0417, 4.0833],
            "transform": [
                [1.0, -0.0, -0.0, -0.0, -0.0, 0.815926, -0.578156, 0.06, 0.0, 0.578156, 0.815926, 0.0, 0.0, 0.0, 0.0, 1.0],
                [1.0, -0.0, -0.0, -0.0, -0.0, 0.815926, -0.578156, 0.06, 0.0, 0.578156, 0.815926, 0.0, 0.0, 0.0, 0.0, 1.0],
                [1.0, -0.0, -0.0, -0.0, -0.0, 0.815926, -0.578156, 0.06, 0.0, 0.578156, 0.815926, 0.0, 0.0, 0.0, 0.0, 1.0],
                [1.0, -0.0, -0.0, -0.0, -0.0, 0.815926, -0.578156, 0.06, 0.0, 0.578156, 0.815926, 0.0, 0.0, 0.0, 0.0, 1.0],
                [1.0, -0.0, -0.0, -0.0, -0.0, 0.815926, -0.578156, 0.06, 0.0, 0.578156, 0.815926, 0.0, 0.0, 0.0, 0.0, 1.0],
                [1.0, -0.0, -0.0, -0.0, -0.0, 0.815926, -0.578156, 0.06, 0.0, 0.578156, 0.815926, 0.0, 0.0, 0.0, 0.0, 1.0],
                [1.0, -0.0, -0.0, -0.0, -0.0, 0.815926, -0.578156, 0.06, 0.0, 0.578156, 0.815926, 0.0, 0.0, 0.0, 0.0, 1.0],
                [1.0, -0.0, -0.0, -0.0, -0.0, 0.815926, -0.578156, 0.06, 0.0, 0.578156, 0.815926, 0.0, 0.0, 0.0, 0.0, 1.0],
                [1.0, -0.0, -0.0, -0.0, -0.0, 0.815926, -0.578156, 0.06, 0.0, 0.578156, 0.815926, 0.0, 0.0, 0.0, 0.0, 1.0],
                [1.0, -0.0, -0.0, -0.0, -0.0, 0.815926, -0.578156, 0.06, 0.0, 0.578156, 0.815926, 0.0, 0.0, 0.0, 0.0, 1.0],
                [1.0, -0.0, -0.0, -0.0, -0.0, 0.815926, -0.578156, 0.06, 0.0, 0.578156, 0.815926, 0.0, 0.0, 0.0, 0.0, 1.0],
                [1.0, -0.0, -0.0, -0.0, -0.0, 0.815926, -0.578156, 0.06, 0.0, 0.578156, 0.815926, 0.0, 0.0, 0.0, 0.0, 1.0],
                [1.0, -0.0, -0.0, -0.0, -0.0, 0.815926, -0.578156, 0.06, 0.0, 0.578156, 0.815926, 0.0, 0.0, 0.0, 0.0, 1.0],
                [1.0, -0.0, -0.0, -0.0, -0.0, 0.815926, -0.578156, 0.06, 0.0, 0.578156, 0.815926, 0.0, 0.0, 0.0, 0.0, 1.0],
                [1.0, -0.0, -0.0, -0.0, -0.0, 0.815926, -0.578156, 0.06, 0.0, 0.578156, 0.815926, 0.0, 0.0, 0.0, 0.0, 1.0],
                [1.0, -0.0, -0.0, -0.0, -0.0, 0.815926, -0.578156, 0.06, 0.0, 0.578156, 0.815926, 0.0, 0.0, 0.0, 0.0, 1.0],
                [1.0, -0.0, -0.0, -0.0, -0.0, 0.815926, -0.578156, 0.06, 0.0, 0.578156, 0.815926, 0.0, 0.0, 0.0, 0.0, 1.0],
                [1.0, -0.0, -0.0, -0.0, -0.0, 0.815926, -0.578156, 0.06, 0.0, 0.578156, 0.815926, 0.0, 0.0, 0.0, 0.0, 1.0],
                [1.0, -0.0, -0.0, -0.0, -0.0, 0.815926, -0.578156, 0.06, 0.0, 0.578156, 0.815926, 0.0, 0.0, 0.0, 0.0, 1.0],
                [1.0, -0.0, -0.0, -0.0, -0.0, 0.815926, -0.578156, 0.06, 0.0, 0.578156, 0.815926, 0.0, 0.0, 0.0, 0.0, 1.0],
                [1.0, -0.0, -0.0, -0.0, -0.0, 0.815926, -0.578156, 0.06, 0.0, 0.578156, 0.815926, 0.0, 0.0, 0.0, 0.0, 1.0],
                [1.0, -0.0, -0.0, -0.0, -0.0, 0.815926, -0.578156, 0.06, 0.0, 0.578156, 0.815926, 0.0, 0.0, 0.0, 0.0, 1.0],
                [1.0, -0.0, -0.0, -0.0, -0.0, 0.815926, -0.578156, 0.06, 0.0, 0.578156, 0.815926, 0.0, 0.0, 0.0, 0.0, 1.0],
                [1.0, -0.0, -0.0, -0.0, -0.0, 0.815926, -0.578156, 0.06, 0.0, 0.578156, 0.815926, 0.0, 0.0, 0.0, 0.0, 1.0],
                [1.0, -0.0, -0.0, -0.0, -0.0, 0.815926, -0.578156, 0.06, 0.0, 0.578156, 0.815926, 0.0, 0.0, 0.0, 0.0, 1.0],
                [1.0, -0.0, -0.0, -0.0, -0.0, 0.815926, -0.578156, 0.06, 0.0, 0.578156, 0.815926, 0.0, 0.0, 0.0, 0.0, 1.0],
                [1.0, -0.0, -0.0, -0.0, -0.0, 0.815926, -0.578156, 0.06, 0.0, 0.578156, 0.815926, 0.0, 0.0, 0.0, 0.0, 1.0],
                [1.0, -0.0, -0.0, -0.0, -0.0, 0.815926, -0.578156, 0.06, 0.0, 0.578156, 0.815926, 0.0, 0.0, 0.0, 0.0, 1.0],
                [1.0, -0.0, -0.0, -0.0, -0.0, 0.815926, -0.578156, 0.06, 0.0, 0.578156, 0.815926, 0.0, 0.0, 0.0, 0.0, 1.0],
                [1.0, -0.0, -0.0, -0.0, -0.0, 0.815926, -0.578156, 0.06, 0.0, 0.578156, 0.815926, 0.0, 0.0, 0.0, 0.0, 1.0],
                [1.0, -0.0, -0.0, -0.0, -0.0, 0.815926, -0.578156, 0.06, 0.0, 0.578156, 0.815926, 0.0, 0.0, 0.0, 0.0, 1.0],
                [1.0, -0.0, -0.0, -0.0, -0.0, 0.815926, -0.578156, 0.06, 0.0, 0.578156, 0.815926, 0.0, 0.0, 0.0, 0.0, 1.0],
                [1.0, -0.0, -0.0, -0.0, -0.0, 0.815926, -0.578156, 0.06, 0.0, 0.578156, 0.815926, 0.0, 0.0, 0.0, 0.0, 1.0],
                [1.0, -0.0, -0.0, -0.0, -0.0, 0.815926, -0.578156, 0.06, 0.0, 0.578156, 0.815926, 0.0, 0.0, 0.0, 0.0, 1.0],
                [1.0, -0.0, -0.0, -0.0, -0.0, 0.815926, -0.578156, 0.06, 0.0, 0.578156, 0.815926, 0.0, 0.0, 0.0, 0.0, 1.0],
                [1.0, -0.0, -0.0, -0.0, -0.0, 0.815926, -0.578156, 0.06, 0.0, 0.578156, 0.815926, 0.0, 0.0, 0.0, 0.0, 1.0],
                [1.0, -0.0, -0.0, -0.0, -0.0, 0.815926, -0.578156, 0.06, 0.0, 0.578156, 0.815926, 0.0, 0.0, 0.0, 0.0, 1.0],
                [1.0, -0.0, -0.0, -0.0, -0.0, 0.815926, -0.578156, 0.06, 0.0, 0.578156, 0.815926, 0.0, 0.0, 0.0, 0.0, 1.0],
                [1.0, -0.0, -0.0, -0.0, -0.0, 0.815926, -0.578156, 0.06, 0.0, 0.578156, 0.815926, 0.0, 0.0, 0.0, 0.0, 1.0],
                [1.0, -0.0, -0.0, -0.0, -0.0, 0.815926, -0.578156, 0.06, 0.0, 0.578156, 0.815926, 0.0, 0.0, 0.0, 0.0, 1.0],
                [1.0, -0.0, -0.0, -0.0, -0.0, 0.815926, -0.578156, 0.06, 0.0, 0.578156, 0.815926, 0.0, 0.0, 0.0, 0.0, 1.0],
                [1.0, -0.0, -0.0, -0.0, -0.0, 0.815926, -0.578156, 0.06, 0.0, 0.578156, 0.815926, 0.0, 0.0, 0.0, 0.0, 1.0],
                [1.0, -0.0, -0.0, -0.0, -0.0, 0.815926, -0.578156, 0.06, 0.0, 0.578156, 0.815926, 0.0, 0.0, 0.0, 0.0, 1.0],
                [1.0, -0.0, -0.0, -0.0, -0.0, 0.815926, -0.578156, 0.06, 0.0, 0.578156, 0.815926, 0.0, 0.0, 0.0, 0.0, 1.0],
                [1.0, -0.0, -0.0, -0.0, -0.0, 0.815926, -0.578156, 0.06, 0.0, 0.578156, 0.815926, 0.0, 0.0, 0.0, 0.0, 1.0],
                [1.0, -0.0, -0.0, -0.0, -0.0, 0.815926, -0.578156, 0.06, 0.0, 0.578156, 0.815926, 0.0, 0.0, 0.0, 0.0, 1.0],
                [1.0, -0.0, -0.0, -0.0, -0.0, 0.815926, -0.578156, 0.06, 0.0, 0.578156, 0.815926, 0.0, 0.0, 0.0, 0.0, 1.0],
                [1.0, -0.0, -0.0, -0.0, -0.0, 0.815926, -0.578156, 0.06, 0.0, 0.578156, 0.815926, 0.0, 0.0, 0.0, 0.0, 1.0],
                [1.0, -0.0, -0.0, -0.0, -0.0, 0.815926, -0.578156, 0.06, 0.0, 0.578156, 0.815926, 0.0, 0.0, 0.0, 0.0, 1.0],
                [1.0, -0.0, -0.0, -0.0, -0.0, 0.815926, -0.578156, 0.06, 0.0, 0.578156, 0.815926, 0.0, 0.0, 0.0, 0.0, 1.0],
                [1.0, -0.0, -0.0, -0.0, -0.0, 0.815926, -0.578156, 0.06, 0.0, 0.578156, 0.815926, 0.0, 0.0, 0.0, 0.0, 1.0],
                [1.0, -0.0, -0.0, -0.0, -0.0, 0.815926, -0.578156, 0.06, 0.0, 0.578156, 0.815926, 0.0, 0.0, 0.0, 0.0, 1.0],
                [1.0, -0.0, -0.0, -0.0, -0.0, 0.815926, -0.578156, 0.06, 0.0, 0.578156, 0.815926, 0.0, 0.0, 0.0, 0.0, 1.0],
                [1.0, -0.0, -0.0, -0.0, -0.0, 0.815926, -0.578156, 0.06, 0.0, 0.578156, 0.815926, 0.0, 0.0, 0.0, 0.0, 1.0],
                [1.0, -0.0, -0.0, -0.0, -0.0, 0.815926, -0.578156, 0.06, 0.0, 0.578156, 0.815926, 0.0, 0.0, 0.0, 0.0, 1.0],
                [1.0, -0.0, -0.0, -0.0, -0.0, 0.815926, -0.578156, 0.06, 0.0, 0.578156, 0.815926, 0.0, 0.0, 0.0, 0.0, 1.0],
                [1.0, -0.0, -0.0, -0.0, -0.0, 0.815926, -0.578156, 0.06, 0.0, 0.578156, 0.815926, 0.0, 0.0, 0.0, 0.0, 1.0],
                [1.0, -0.0, -0.0, -0.0, -0.0, 0.815926, -0.578156, 0.06, 0.0, 0.578156, 0.815926, 0.0, 0.0, 0.0, 0.0, 1.0],
                [1.0, -0.0, -0.0, -0.0, -0.0, 0.815926, -0.578156, 0.06, 0.0, 0.578156, 0.815926, 0.0, 0.0, 0.0, 0.0, 1.0],
                [1.0, -0.0, -0.0, -0.0, -0.0, 0.815926, -0.578156, 0.06, 0.0, 0.578156, 0.815926, 0.0, 0.0, 0.0, 0.0, 1.0],
                [1.0, -0.0, -0.0, -0.0, -0.0, 0.815926, -0.578156, 0.06, 0.0, 0.578156, 0.815926, 0.0, 0.0, 0.0, 0.0, 1.0],
                [1.0, -0.0, -0.0, -0.0, -0.0, 0.815926, -0.578156, 0.06, 0.0, 0.578156, 0.815926, 0.0, 0.0, 0.0, 0.0, 1.0],
                [1.0, -0.0, -0.0, -0.0, -0.0, 0.815926, -0.578156, 0.06, 0.0, 0.578156, 0.815926, 0.0, 0.0, 0.0, 0.0, 1.0],
                [1.0, -0.0, -0.0, -0.0, -0.0, 0.815926, -0.578156, 0.06, 0.0, 0.578156, 0.815926, 0.0, 0.0, 0.0, 0.0, 1.0],
                [1.0, -0.0, -0.0, -0.0, -0.0, 0.815926, -0.578156, 0.06, 0.0, 0.578156, 0.815926, 0.0, 0.0, 0.0, 0.0, 1.0],
                [1.0, -0.0, -0.0, -0.0, -0.0, 0.815926, -0.578156, 0.06, 0.0, 0.578156, 0.815926, 0.0, 0.0, 0.0, 0.0, 1.0],
                [1.0, -0.0, -0.0, -0.0, -0.0, 0.815926, -0.578156, 0.06, 0.0, 0.578156, 0.815926, 0.0, 0.0, 0.0, 0.0, 1.0],
                [1.0, -0.0, -0.0, -0.0, -0.0, 0.815926, -0.578156, 0.06, 0.0, 0.578156, 0.815926, 0.0, 0.0, 0.0, 0.0, 1.0],
                [1.0, -0.0, -0.0, -0.0, -0.0, 0.815926, -0.578156, 0.06, 0.0, 0.578156, 0.815926, 0.0, 0.0, 0.0, 0.0, 1.0],
                [1.0, -0.0, -0.0, -0.0, -0.0, 0.815926, -0.578156, 0.06, 0.0, 0.578156, 0.815926, 0.0, 0.0, 0.0, 0.0, 1.0],
                [1.0, -0.0, -0.0, -0.0, -0.0, 0.815926, -0.578156, 0.06, 0.0, 0.578156, 0.815926, 0.0, 0.0, 0.0, 0.0, 1.0],
                [1.0, -0.0, -0.0, -0.0, -0.0, 0.815926, -0.578156, 0.06, 0.0, 0.578156, 0.815926, 0.0, 0.0, 0.0, 0.0, 1.0],
                [1.0, -0.0, -0.0, -0.0, -0.0, 0.815926, -0.578156, 0.06, 0.0, 0.578156, 0.815926, 0.0, 0.0, 0.0, 0.0, 1.0],
                [1.0, -0.0, -0.0, -0.0, -0.0, 0.815926, -0.578156, 0.06, 0.0, 0.578156, 0.815926, 0.0, 0.0, 0.0, 0.0, 1.0],
                [1.0, -0.0, -0.0, -0.0, -0.0, 0.815926, -0.578156, 0.06, 0.0, 0.578156, 0.815926, 0.0, 0.0, 0.0, 0.0, 1.0],
                [1.0, -0.0, -0.0, -0.0, -0.0, 0.815926, -0.578156, 0.06, 0.0, 0.578156, 0.815926, 0.0, 0.0, 0.0, 0.0, 1.0],
                [1.0, -0.0, -0.0, -0.0, -0.0, 0.815926, -0.578156, 0.06, 0.0, 0.578156, 0.815926, 0.0, 0.0, 0.0, 0.0, 1.0],
                [1.0, -0.0, -0.0, -0.0, -0.0, 0.815926, -0.578156, 0.06, 0.0, 0.578156, 0.815926, 0.0, 0.0, 0.0, 0.0, 1.0],
                [1.0, -0.0, -0.0, -0.0, -0.0, 0.815926, -0.578156, 0.06, 0.0, 0.578156, 0.815926, 0.0, 0.0, 0.0, 0.0, 1.0],
                [1.0, -0.0, -0.0, -0.0, -0.0, 0.815926, -0.578156, 0.06, 0.0, 0.578156, 0.815926, 0.0, 0.0, 0.0, 0.0, 1.0],
                [1.0, -0.0, -0.0, -0.0, -0.0, 0.815926, -0.578156, 0.06, 0.0, 0.578156, 0.815926, 0.0, 0.0, 0.0, 0.0, 1.0],
                [1.0, -0.0, -0.0, -0.0, -0.0, 0.815926, -0.578156, 0.06, 0.0, 0.578156, 0.815926, 0.0, 0.0, 0.0, 0.0, 1.0],
                [1.0, -0.0, -0.0, -0.0, -0.0, 0.815926, -0.578156, 0.06, 0.0, 0.578156, 0.815926, 0.0, 0.0, 0.0, 0.0, 1.0],
                [1.0, -0.0, -0.0, -0.0, -0.0, 0.815926, -0.578156, 0.06, 0.0, 0.578156, 0.815926, 0.0, 0.0, 0.0, 0.0, 1.0],
                [1.0, -0.0, -0.0, -0.0, -0.0, 0.815926, -0.578156, 0.06, 0.0, 0.578156, 0.815926, 0.0, 0.0, 0.0, 0.0, 1.0],
                [1.0, -0.0, -0.0, -0.0, -0.0, 0.815926, -0.578156, 0.06, 0.0, 0.578156, 0.815926, 0.0, 0.0, 0.0, 0.0, 1.0],
                [1.0, -0.0, -0.0, -0.0, -0.0, 0.815926, -0.578156, 0.06, 0.0, 0.578156, 0.815926, 0.0, 0.0, 0.0, 0.0, 1.0],
                [1.0, -0.0, -0.0, -0.0, -0.0, 0.815926, -0.578156, 0.06, 0.0, 0.578156, 0.815926, 0.0, 0.0, 0.0, 0.0, 1.0],
                [1.0, -0.0, -0.0, -0.0, -0.0, 0.815926, -0.578156, 0.06, 0.0, 0.578156, 0.815926, 0.0, 0.0, 0.0, 0.0, 1.0],
                [1.0, -0.0, -0.0, -0.0, -0.0, 0.815926, -0.578156, 0.06, 0.0, 0.578156, 0.815926, 0.0, 0.0, 0.0, 0.0, 1.0],
                [1.0, -0.0, -0.0, -0.0, -0.0, 0.815926, -0.578156, 0.06, 0.0, 0.578156, 0.815926, 0.0, 0.0, 0.0, 0.0, 1.0],
                [1.0, -0.0, -0.0, -0.0, -0.0, 0.815926, -0.578156, 0.06, 0.0, 0.578156, 0.815926, 0.0, 0.0, 0.0, 0.0, 1.0],
                [1.0, -0.0, -0.0, -0.0, -0.0, 0.815926, -0.578156, 0.06, 0.0, 0.578156, 0.815926, 0.0, 0.0, 0.0, 0.0, 1.0],
                [1.0, -0.0, -0.0, -0.0, -0.0, 0.815926, -0.578156, 0.06, 0.0, 0.578156, 0.815926, 0.0, 0.0, 0.0, 0.0, 1.0],
                [1.0, -0.0, -0.0, -0.0, -0.0, 0.815926, -0.578156, 0.06, 0.0, 0.578156, 0.815926, 0.0, 0.0, 0.0, 0.0, 1.0],
                [1.0, -0.0, -0.0, -0.0, -0.0, 0.815926, -0.578156, 0.06, 0.0, 0.578156, 0.815926, 0.0, 0.0, 0.0, 0.0, 1.0],
                [1.0, -0.0, -0.0, -0.0, -0.0, 0.815926, -0.578156, 0.06, 0.0, 0.578156, 0.815926, 0.0, 0.0, 0.0, 0.0, 1.0],
                [1.0, -0.0, -0.0, -0.0, -0.0, 0.815926, -0.578156, 0.06, 0.0, 0.578156, 0.815926, 0.0, 0.0, 0.0, 0.0, 1.0],
                [1.0, -0.0, -0.0, -0.0, -0.0, 0.815926, -0.578156, 0.06, 0.0, 0.578156, 0.815926, 0.0, 0.0, 0.0, 0.0, 1.0]
            ]
        },
        {
            "name": "Chest",
            "time": [0.0, 0.0417, 0.0833, 0.125, 0.1667, 0.2083, 0.25, 0.2917, 0.3333, 0.375, 0.4167, 0.4583, 0.5, 0.5417, 0.5833, 0.625, 0.6667, 0.7083, 0.75, 0.7917, 0.8333, 0.875, 0.9167, 0.9583, 1.0, 1.0417, 1.0833, 1.125, 1.1667, 1.2083, 1.25, 1.2917, 1.3333, 1.375, 1.4167, 1.4583, 1.5, 1.5417, 1.5833, 1.625, 1.6667, 1.7083, 1.75, 1.7917, 1.8333, 1.875, 1.9167, 1.9583, 2.0, 2.0417, 2.0833, 2.125, 2.1667, 2.2083, 2.25, 2.2917, 2.3333, 2.375, 2.4167, 2.4583, 2.5, 2.5417, 2.5833, 2.625, 2.6667, 2.7083, 2.75, 2.7917, 2.8333, 2.875, 2.9167, 2.9583, 3.0, 3.0417, 3.0833, 3.125, 3.1667, 3.2083, 3.25, 3.2917, 3.3333, 3.375, 3.4167, 3.4583, 3.5, 3.5417, 3.5833, 3.625, 3.6667, 3.7083, 3.75, 3.7917, 3.8333, 3.875, 3.9167, 3.9583, 4.0, 4.0417, 4.0833],
            "transform": [
                [1.0, 0.0, -0.0, -0.0, 0.0, 0.820519, 0.571619, 0.07, 0.0, -0.571619, 0.820519, 0.0, 0.0, 0.0, 0.0, 1.0],
                [1.0, -0.000146, 0.0, -0.0, 0.00012, 0.820519, 0.571619, 0.07, -8.3e-05, -0.571619, 0.82052, 0.0, 0.0, 0.0, 0.0, 1.0],
                [1.0, -0.000575, -0.0, -0.0, 0.000471, 0.820519, 0.571619, 0.07, -0.000328, -0.571619, 0.820519, 0.0, 0.0, 0.0, 0.0, 1.0],
                [0.999999, -0.001272, 0.0, -0.0, 0.001043, 0.820519, 0.571619, 0.07, -0.000727, -0.571618, 0.82052, 0.0, 0.0, 0.0, 0.0, 1.0],
                [0.999998, -0.002223, -0.0, -0.0, 0.001824, 0.820517, 0.571619, 0.07, -0.001271, -0.571617, 0.820519, 0.0, 0.0, 0.0, 0.0, 1.0],
                [0.999994, -0.003415, -0.0, -0.0, 0.002802, 0.820515, 0.571619, 0.07, -0.001952, -0.571616, 0.820519, 0.0, 0.0, 0.0, 0.0, 1.0],
                [0.999988, -0.004833, -0.0, -0.0, 0.003965, 0.82051, 0.571619, 0.07, -0.002762, -0.571612, 0.820519, 0.0, 0.0, 0.0, 0.0, 1.0],
                [0.999979, -0.006463, -0.0, -0.0, 0.005303, 0.820502, 0.571619, 0.07, -0.003694, -0.571607, 0.820519, 0.0, 0.0, 0.0, 0.0, 1.0],
                [0.999966, -0.00829, 0.0, -0.0, 0.006802, 0.820491, 0.571619, 0.07, -0.004739, -0.571599, 0.82052, 0.0, 0.0, 0.0, 0.0, 1.0],
                [0.999947, -0.010302, -0.0, -0.0, 0.008453, 0.820476, 0.571619, 0.07, -0.005889, -0.571589, 0.820519, 0.0, 0.0, 0.0, 0.0, 1.0],
                [0.999922, -0.012483, 0.0, -0.0, 0.010242, 0.820456, 0.571619, 0.07, -0.007135, -0.571574, 0.82052, 0.0, 0.0, 0.0, 0.0, 1.0],
                [0.99989, -0.014819, -0.0, -0.0, 0.01216, 0.820429, 0.571619, 0.07, -0.008471, -0.571556, 0.820519, 0.0, 0.0, 0.0, 0.0, 1.0],
                [0.99985, -0.017297, -0.0, -0.0, 0.014193, 0.820397, 0.571619, 0.07, -0.009887, -0.571533, 0.820519, 0.0, 0.0, 0.0, 0.0, 1.0],
                [0.999802, -0.019902, 0.0, -0.0, 0.01633, 0.820357, 0.571619, 0.07, -0.011376, -0.571506, 0.82052, 0.0, 0.0, 0.0, 0.0, 1.0],
                [0.999744, -0.02262, -0.0, -0.0, 0.01856, 0.820309, 0.571619, 0.07, -0.01293, -0.571472, 0.820519, 0.0, 0.0, 0.0, 0.0, 1.0],
                [0.999676, -0.025437, -0.0, -0.0, 0.020872, 0.820254, 0.571619, 0.07, -0.01454, -0.571434, 0.820519, 0.0, 0.0, 0.0, 0.0, 1.0],
                [0.999598, -0.028338, -0.0, -0.0, 0.023252, 0.82019, 0.571619, 0.07, -0.016199, -0.571389, 0.820519, 0.0, 0.0, 0.0, 0.0, 1.0],
                [0.99951, -0.03131, -0.0, -0.0, 0.025691, 0.820117, 0.571619, 0.07, -0.017898, -0.571338, 0.820519, 0.0, 0.0, 0.0, 0.0, 1.0],
                [0.99941, -0.034339, -0.0, -0.0, 0.028176, 0.820035, 0.571619, 0.07, -0.019629, -0.571282, 0.820519, 0.0, 0.0, 0.0, 0.0, 1.0],
                [0.9993, -0.037409, 0.0, -0.0, 0.030695, 0.819945, 0.571619, 0.07, -0.021384, -0.571219, 0.82052, 0.0, 0.0, 0.0, 0.0, 1.0],
                [0.999179, -0.040507, 0.0, -0.0, 0.033237, 0.819846, 0.571619, 0.07, -0.023155, -0.57115, 0.820519, 0.0, 0.0, 0.0, 0.0, 1.0],
                [0.999048, -0.043619, 0.0, -0.0, 0.035791, 0.819738, 0.571619, 0.07, -0.024934, -0.571075, 0.82052, 0.0, 0.0, 0.0, 0.0, 1.0],
                [0.998908, -0.046731, 0.0, -0.0, 0.038344, 0.819623, 0.571619, 0.07, -0.026712, -0.570994, 0.820519, 0.0, 0.0, 0.0, 0.0, 1.0],
                [0.998758, -0.049828, 0.0, -0.0, 0.040885, 0.8195, 0.571619, 0.07, -0.028483, -0.570909, 0.82052, 0.0, 0.0, 0.0, 0.0, 1.0],
                [0.9986, -0.052896, 0.0, -0.0, 0.043402, 0.819371, 0.571619, 0.07, -0.030237, -0.570819, 0.82052, 0.0, 0.0, 0.0, 0.0, 1.0],
                [0.998435, -0.055922, 0.0, -0.0, 0.045885, 0.819235, 0.571619, 0.07, -0.031966, -0.570724, 0.820519, 0.0, 0.0, 0.0, 0.0, 1.0],
                [0.998265, -0.05889, -0.0, -0.0, 0.04832, 0.819095, 0.571619, 0.07, -0.033663, -0.570627, 0.820519, 0.0, 0.0, 0.0, 0.0, 1.0],
                [0.998089, -0.061787, -0.0, -0.0, 0.050698, 0.818952, 0.571619, 0.07, -0.035319, -0.570527, 0.820519, 0.0, 0.0, 0.0, 0.0, 1.0],
                [0.997911, -0.064599, -0.0, -0.0, 0.053005, 0.818806, 0.571619, 0.07, -0.036926, -0.570425, 0.820519, 0.0, 0.0, 0.0, 0.0, 1.0],
                [0.997732, -0.067312, 0.0, -0.0, 0.055231, 0.818658, 0.571619, 0.07, -0.038477, -0.570322, 0.820519, 0.0, 0.0, 0.0, 0.0, 1.0],
                [0.997553, -0.069911, 0.0, -0.0, 0.057364, 0.818512, 0.571619, 0.07, -0.039963, -0.57022, 0.82052, 0.0, 0.0, 0.0, 0.0, 1.0],
                [0.997377, -0.072383, 0.0, -0.0, 0.059392, 0.818367, 0.571619, 0.07, -0.041376, -0.57012, 0.82052, 0.0, 0.0, 0.0, 0.0, 1.0],
                [0.997205, -0.074714, -0.0, -0.0, 0.061304, 0.818226, 0.571619, 0.07, -0.042708, -0.570021, 0.820519, 0.0, 0.0, 0.0, 0.0, 1.0],
                [0.99704, -0.076889, 0.0, -0.0, 0.063089, 0.81809, 0.571619, 0.07, -0.043951, -0.569927, 0.820519, 0.0, 0.0, 0.0, 0.0, 1.0],
                [0.996883, -0.078894, 0.0, -0.0, 0.064734, 0.817962, 0.571619, 0.07, -0.045097, -0.569837, 0.82052, 0.0, 0.0, 0.0, 0.0, 1.0],
                [0.996737, -0.080716, -0.0, -0.0, 0.066229, 0.817842, 0.571619, 0.07, -0.046139, -0.569754, 0.820519, 0.0, 0.0, 0.0, 0.0, 1.0],
                [0.996604, -0.08234, 0.0, -0.0, 0.067562, 0.817733, 0.571619, 0.07, -0.047067, -0.569678, 0.82052, 0.0, 0.0, 0.0, 0.0, 1.0],
                [0.996487, -0.083753, 0.0, -0.0, 0.068721, 0.817636, 0.571619, 0.07, -0.047875, -0.569611, 0.82052, 0.0, 0.0, 0.0, 0.0, 1.0],
                [0.996386, -0.084941, 0.0, -0.0, 0.069696, 0.817554, 0.571619, 0.07, -0.048554, -0.569553, 0.820519, 0.0, 0.0, 0.0, 0.0, 1.0],
                [0.996305, -0.085889, -0.0, -0.0, 0.070473, 0.817487, 0.571619, 0.07, -0.049096, -0.569507, 0.820519, 0.0, 0.0, 0.0, 0.0, 1.0],
                [0.996245, -0.086583, -0.0, -0.0, 0.071043, 0.817438, 0.571619, 0.07, -0.049493, -0.569472, 0.820519, 0.0, 0.0, 0.0, 0.0, 1.0],
                [0.996208, -0.08701, -0.0, -0.0, 0.071394, 0.817408, 0.571619, 0.07, -0.049737, -0.569451, 0.820519, 0.0, 0.0, 0.0, 0.0, 1.0],
                [0.996195, -0.087156, 0.0, -0.0, 0.071513, 0.817397, 0.571619, 0.07, -0.04982, -0.569444, 0.82052, 0.0, 0.0, 0.0, 0.0, 1.0],
                [0.996202, -0.087074, 0.0, -0.0, 0.071446, 0.817403, 0.571619, 0.07, -0.049773, -0.569448, 0.820519, 0.0, 0.0, 0.0, 0.0, 1.0],
                [0.996223, -0.086831, -0.0, -0.0, 0.071247, 0.81742, 0.571619, 0.07, -0.049634, -0.56946, 0.820519, 0.0, 0.0, 0.0, 0.0, 1.0],
                [0.996258, -0.086434, 0.0, -0.0, 0.070921, 0.817449, 0.571619, 0.07, -0.049407, -0.56948, 0.82052, 0.0, 0.0, 0.0, 0.0, 1.0],
                [0.996305, -0.085889, -0.0, -0.0, 0.070473, 0.817487, 0.571619, 0.07, -0.049096, -0.569507, 0.820519, 0.0, 0.0, 0.0, 0.0, 1.0],
                [0.996364, -0.085201, -0.0, -0.0, 0.069909, 0.817536, 0.571619, 0.07, -0.048702, -0.56954, 0.820519, 0.0, 0.0, 0.0, 0.0, 1.0],
                [0.996434, -0.084376, -0.0, -0.0, 0.069232, 0.817593, 0.571619, 0.07, -0.048231, -0.56958, 0.820519, 0.0, 0.0, 0.0, 0.0, 1.0],
                [0.996514, -0.083421, 0.0, -0.0, 0.068448, 0.817659, 0.571619, 0.07, -0.047685, -0.569627, 0.820519, 0.0, 0.0, 0.0, 0.0, 1.0],
                [0.996604, -0.08234, 0.0, -0.0, 0.067562, 0.817733, 0.571619, 0.07, -0.047067, -0.569678, 0.82052, 0.0, 0.0, 0.0, 0.0, 1.0],
                [0.996703, -0.081141, -0.0, -0.0, 0.066578, 0.817814, 0.571619, 0.07, -0.046382, -0.569734, 0.820519, 0.0, 0.0, 0.0, 0.0, 1.0],
                [0.996809, -0.079829, 0.0, -0.0, 0.065501, 0.817901, 0.571619, 0.07, -0.045632, -0.569795, 0.82052, 0.0, 0.0, 0.0, 0.0, 1.0],
                [0.996921, -0.078409, -0.0, -0.0, 0.064336, 0.817993, 0.571619, 0.07, -0.04482, -0.569859, 0.820519, 0.0, 0.0, 0.0, 0.0, 1.0],
                [0.99704, -0.076889, -0.0, -0.0, 0.063089, 0.81809, 0.571619, 0.07, -0.043951, -0.569927, 0.820519, 0.0, 0.0, 0.0, 0.0, 1.0],
                [0.997163, -0.075273, -0.0, -0.0, 0.061763, 0.818192, 0.571619, 0.07, -0.043027, -0.569997, 0.820519, 0.0, 0.0, 0.0, 0.0, 1.0],
                [0.99729, -0.073567, 0.0, -0.0, 0.060363, 0.818296, 0.571619, 0.07, -0.042052, -0.57007, 0.820519, 0.0, 0.0, 0.0, 0.0, 1.0],
                [0.997421, -0.071778, 0.0, -0.0, 0.058895, 0.818403, 0.571619, 0.07, -0.04103, -0.570144, 0.82052, 0.0, 0.0, 0.0, 0.0, 1.0],
                [0.997553, -0.069911, -0.0, -0.0, 0.057364, 0.818512, 0.571619, 0.07, -0.039963, -0.57022, 0.820519, 0.0, 0.0, 0.0, 0.0, 1.0],
                [0.997687, -0.067973, -0.0, -0.0, 0.055773, 0.818622, 0.571619, 0.07, -0.038855, -0.570297, 0.820519, 0.0, 0.0, 0.0, 0.0, 1.0],
                [0.997822, -0.065969, -0.0, -0.0, 0.054129, 0.818732, 0.571619, 0.07, -0.037709, -0.570374, 0.820519, 0.0, 0.0, 0.0, 0.0, 1.0],
                [0.997956, -0.063905, 0.0, -0.0, 0.052435, 0.818842, 0.571619, 0.07, -0.036529, -0.57045, 0.820519, 0.0, 0.0, 0.0, 0.0, 1.0],
                [0.998089, -0.061787, 0.0, -0.0, 0.050698, 0.818952, 0.571619, 0.07, -0.035319, -0.570527, 0.82052, 0.0, 0.0, 0.0, 0.0, 1.0],
                [0.998221, -0.059622, -0.0, -0.0, 0.048921, 0.81906, 0.571619, 0.07, -0.034081, -0.570602, 0.820519, 0.0, 0.0, 0.0, 0.0, 1.0],
                [0.998351, -0.057414, -0.0, -0.0, 0.047109, 0.819166, 0.571619, 0.07, -0.032819, -0.570676, 0.820519, 0.0, 0.0, 0.0, 0.0, 1.0],
                [0.998477, -0.05517, -0.0, -0.0, 0.045268, 0.81927, 0.571619, 0.07, -0.031536, -0.570748, 0.820519, 0.0, 0.0, 0.0, 0.0, 1.0],
                [0.9986, -0.052896, 0.0, -0.0, 0.043402, 0.819371, 0.571619, 0.07, -0.030237, -0.570819, 0.82052, 0.0, 0.0, 0.0, 0.0, 1.0],
                [0.998719, -0.050598, -0.0, -0.0, 0.041517, 0.819468, 0.571619, 0.07, -0.028923, -0.570887, 0.820519, 0.0, 0.0, 0.0, 0.0, 1.0],
                [0.998834, -0.048282, -0.0, -0.0, 0.039616, 0.819562, 0.571619, 0.07, -0.027599, -0.570952, 0.820519, 0.0, 0.0, 0.0, 0.0, 1.0],
                [0.998944, -0.045954, -0.0, -0.0, 0.037706, 0.819653, 0.571619, 0.07, -0.026268, -0.571015, 0.820519, 0.0, 0.0, 0.0, 0.0, 1.0],
                [0.999048, -0.043619, 0.0, -0.0, 0.035791, 0.819738, 0.571619, 0.07, -0.024934, -0.571075, 0.82052, 0.0, 0.0, 0.0, 0.0, 1.0],
                [0.999147, -0.041285, -0.0, -0.0, 0.033875, 0.81982, 0.571619, 0.07, -0.023599, -0.571132, 0.820519, 0.0, 0.0, 0.0, 0.0, 1.0],
                [0.999241, -0.038956, -0.0, -0.0, 0.031964, 0.819897, 0.571619, 0.07, -0.022268, -0.571185, 0.820519, 0.0, 0.0, 0.0, 0.0, 1.0],
                [0.999329, -0.036638, -0.0, -0.0, 0.030062, 0.819969, 0.571619, 0.07, -0.020943, -0.571235, 0.820519, 0.0, 0.0, 0.0, 0.0, 1.0],
