{
    "animation": [
        {
            "name": "Root",
            "time": [0.0417, 0.0833, 0.125, 0.1667, 0.2083, 0.25, 0.2917, 0.3333, 0.375, 0.4167, 0.4583, 0.5, 0.5417, 0.5833, 0.625, 0.6667, 0.7083, 0.75, 0.7917, 0.8333, 0.875, 0.9167, 0.9583, 1.0, 1.0417, 1.0833, 1.125, 1.1667, 1.2083, 1.25, 1.2917, 1.3333, 1.375, 1.4167, 1.4583, 1.5, 1.5417, 1.5833, 1.625, 1.6667, 1.7083, 1.75, 1.7917, 1.8333, 1.875, 1.9167, 1.9583, 2.0, 2.0417, 2.0833, 2.125, 2.1667, 2.2083, 2.25, 2.2917, 2.3333, 2.375, 2.4167, 2.4583, 2.5, 2.5417, 2.5833, 2.625, 2.6667, 2.7083, 2.75, 2.7917, 2.8333, 2.875, 2.9167, 2.9583, 3.0, 3.0417, 3.0833, 3.125, 3.1667, 3.2083, 3.25, 3.2917, 3.3333, 3.375, 3.4167, 3.4583, 3.5, 3.5417, 3.5833, 3.625, 3.6667, 3.7083, 3.75, 3.7917, 3.8333, 3.875, 3.9167, 3.9583, 4.0, 4.0417, 4.0833, 4.125, 4.1667, 4.2083, 4.25, 4.2917, 4.3333, 4.375, 4.4167, 4.4583, 4.5, 4.5417, 4.5833, 4.625, 4.6667, 4.7083, 4.75, 4.7917, 4.8333, 4.875, 4.9167, 4.9583, 5.0, 5.0417, 5.0833, 5.125, 5.1667, 5.2083, 5.25, 5.2917, 5.3333, 5.375, 5.4167, 5.4583, 5.5, 5.5417, 5.5833, 5.625, 5.6667, 5.7083, 5.75, 5.7917, 5.8333, 5.875, 5.9167, 5.9583, 6.0, 6.0417, 6.0833],
            "transform": [
                [1.0, 0.0, 0.0, 0.0, 0.0, 1.0, -1e-06, -0.26, 0.0, 1e-06, 1.0, 0.47, 0.0, 0.0, 0.0, 1.0],
                [1.0, 0.0, 0.0, 0.0, 0.0, 1.0, 6e-06, -0.26, 0.0, -6e-06, 1.0, 0.47, 0.0, 0.0, 0.0, 1.0],
                [1.0, 0.0, 0.0, 0.0, 0.0, 1.0, 2.8e-05, -0.26, 0.0, -2.8e-05, 1.0, 0.47, 0.0, 0.0, 0.0, 1.0],
                [1.0, 0.0, 0.0, 0.0, 0.0, 1.0, 6.3e-05, -0.26, 0.0, -6.3e-05, 1.0, 0.47, 0.0, 0.0, 0.0, 1.0],
                [1.0, 0.0, 0.0, 0.0, 0.0, 1.0, 0.000111, -0.26, 0.0, -0.000111, 1.0, 0.47, 0.0, 0.0, 0.0, 1.0],
                [1.0, 0.0, 0.0, 0.0, 0.0, 1.0, 0.000173, -0.26, 0.0, -0.000173, 1.0, 0.47, 0.0, 0.0, 0.0, 1.0],
                [1.0, 0.0, 0.0, 0.0, 0.0, 1.0, 0.000248, -0.26, 0.0, -0.000248, 1.0, 0.47, 0.0, 0.0, 0.0, 1.0],
                [1.0, 0.0, 0.0, 0.0, 0.0, 1.0, 0.000334, -0.26, 0.0, -0.000334, 1.0, 0.47, 0.0, 0.0, 0.0, 1.0],
                [1.0, 0.0, 0.0, 0.0, 0.0, 1.0, 0.000433, -0.26, 0.0, -0.000433, 1.0, 0.47, 0.0, 0.0, 0.0, 1.0],
                [1.0, 0.0, 0.0, 0.0, 0.0, 1.0, 0.000543, -0.26, 0.0, -0.000543, 1.0, 0.47, 0.0, 0.0, 0.0, 1.0],
                [1.0, 0.0, 0.0, 0.0, 0.0, 1.0, 0.000665, -0.26, 0.0, -0.000665, 1.0, 0.47, 0.0, 0.0, 0.0, 1.0],
                [1.0, 0.0, 0.0, 0.0, 0.0, 1.0, 0.000797, -0.26, 0.0, -0.000797, 1.0, 0.47, 0.0, 0.0, 0.0, 1.0],
                [1.0, 0.0, 0.0, 0.0, 0.0, 1.0, 0.000939, -0.26, 0.0, -0.000939, 1.0, 0.47, 0.0, 0.0, 0.0, 1.0],
                [1.0, 0.0, 0.0, 0.0, 0.0, 0.999999, 0.001092, -0.26, 0.0, -0.001092, 0.999999, 0.47, 0.0, 0.0, 0.0, 1.0],
                [1.0, 0.0, 0.0, 0.0, 0.0, 0.999999, 0.001255, -0.26, 0.0, -0.001255, 0.999999, 0.47, 0.0, 0.0, 0.0, 1.0],
                [1.0, 0.0, 0.0, 0.0, 0.0, 0.999999, 0.001427, -0.26, 0.0, -0.001427, 0.999999, 0.47, 0.0, 0.0, 0.0, 1.0],
                [1.0, 0.0, 0.0, 0.0, 0.0, 0.999999, 0.001607, -0.26, 0.0, -0.001607, 0.999999, 0.47, 0.0, 0.0, 0.0, 1.0],
                [1.0, 0.0, 0.0, 0.0, 0.0, 0.999998, 0.001797, -0.26, 0.0, -0.001797, 0.999998, 0.47, 0.0, 0.0, 0.0, 1.0],
                [1.0, 0.0, 0.0, 0.0, 0.0, 0.999998, 0.001994, -0.26, 0.0, -0.001994, 0.999998, 0.47, 0.0, 0.0, 0.0, 1.0],
                [1.0, 0.0, 0.0, 0.0, 0.0, 0.999997, 0.0022, -0.26, 0.0, -0.0022, 0.999998, 0.47, 0.0, 0.0, 0.0, 1.0],
                [1.0, 0.0, 0.0, 0.0, 0.0, 0.999997, 0.002412, -0.26, 0.0, -0.002412, 0.999997, 0.47, 0.0, 0.0, 0.0, 1.0],
                [1.0, 0.0, 0.0, 0.0, 0.0, 0.999996, 0.002632, -0.26, 0.0, -0.002632, 0.999997, 0.47, 0.0, 0.0, 0.0, 1.0],
                [1.0, 0.0, 0.0, 0.0, 0.0, 0.999996, 0.002859, -0.26, 0.0, -0.002859, 0.999996, 0.47, 0.0, 0.0, 0.0, 1.0],
                [1.0, 0.0, 0.0, 0.0, 0.0, 0.999995, 0.003092, -0.26, 0.0, -0.003092, 0.999995, 0.47, 0.0, 0.0, 0.0, 1.0],
                [1.0, 0.0, 0.0, 0.0, 0.0, 0.999994, 0.003331, -0.26, 0.0, -0.003331, 0.999994, 0.47, 0.0, 0.0, 0.0, 1.0],
                [1.0, 0.0, 0.0, 0.0, 0.0, 0.999994, 0.003576, -0.26, 0.0, -0.003576, 0.999994, 0.47, 0.0, 0.0, 0.0, 1.0],
                [1.0, 0.0, 0.0, 0.0, 0.0, 0.999993, 0.003825, -0.26, 0.0, -0.003825, 0.999993, 0.47, 0.0, 0.0, 0.0, 1.0],
                [1.0, 0.0, 0.0, 0.0, 0.0, 0.999992, 0.00408, -0.26, 0.0, -0.00408, 0.999992, 0.47, 0.0, 0.0, 0.0, 1.0],
                [1.0, 0.0, 0.0, 0.0, 0.0, 0.999991, 0.004339, -0.26, 0.0, -0.004339, 0.999991, 0.47, 0.0, 0.0, 0.0, 1.0],
                [1.0, 0.0, 0.0, 0.0, 0.0, 0.999989, 0.004602, -0.26, 0.0, -0.004602, 0.999989, 0.47, 0.0, 0.0, 0.0, 1.0],
                [1.0, 0.0, 0.0, 0.0, 0.0, 0.999988, 0.004869, -0.26, 0.0, -0.004869, 0.999988, 0.47, 0.0, 0.0, 0.0, 1.0],
                [1.0, 0.0, 0.0, 0.0, 0.0, 0.999987, 0.00514, -0.26, 0.0, -0.00514, 0.999987, 0.47, 0.0, 0.0, 0.0, 1.0],
                [1.0, 0.0, 0.0, 0.0, 0.0, 0.999985, 0.005413, -0.26, 0.0, -0.005413, 0.999985, 0.47, 0.0, 0.0, 0.0, 1.0],
                [1.0, 0.0, 0.0, 0.0, 0.0, 0.999984, 0.005689, -0.26, 0.0, -0.005689, 0.999984, 0.47, 0.0, 0.0, 0.0, 1.0],
                [1.0, 0.0, 0.0, 0.0, 0.0, 0.999982, 0.005967, -0.26, 0.0, -0.005967, 0.999982, 0.47, 0.0, 0.0, 0.0, 1.0],
                [1.0, 0.0, 0.0, 0.0, 0.0, 0.99998, 0.006247, -0.26, 0.0, -0.006247, 0.999981, 0.47, 0.0, 0.0, 0.0, 1.0],
                [1.0, 0.0, 0.0, 0.0, 0.0, 0.999979, 0.006529, -0.26, 0.0, -0.006529, 0.999979, 0.47, 0.0, 0.0, 0.0, 1.0],
                [1.0, 0.0, 0.0, 0.0, 0.0, 0.999977, 0.006811, -0.26, 0.0, -0.006811, 0.999977, 0.47, 0.0, 0.0, 0.0, 1.0],
                [1.0, 0.0, 0.0, 0.0, 0.0, 0.999975, 0.007095, -0.26, 0.0, -0.007095, 0.999975, 0.47, 0.0, 0.0, 0.0, 1.0],
                [1.0, 0.0, 0.0, 0.0, 0.0, 0.999973, 0.007378, -0.26, 0.0, -0.007378, 0.999973, 0.47, 0.0, 0.0, 0.0, 1.0],
                [1.0, 0.0, 0.0, 0.0, 0.0, 0.999971, 0.007662, -0.26, 0.0, -0.007662, 0.999971, 0.47, 0.0, 0.0, 0.0, 1.0],
                [1.0, 0.0, 0.0, 0.0, 0.0, 0.999968, 0.007946, -0.26, 0.0, -0.007946, 0.999968, 0.47, 0.0, 0.0, 0.0, 1.0],
                [1.0, 0.0, 0.0, 0.0, 0.0, 0.999966, 0.008228, -0.26, 0.0, -0.008228, 0.999966, 0.47, 0.0, 0.0, 0.0, 1.0],
                [1.0, 0.0, 0.0, 0.0, 0.0, 0.999964, 0.00851, -0.26, 0.0, -0.00851, 0.999964, 0.47, 0.0, 0.0, 0.0, 1.0],
                [1.0, 0.0, 0.0, 0.0, 0.0, 0.999961, 0.00879, -0.26, 0.0, -0.00879, 0.999961, 0.47, 0.0, 0.0, 0.0, 1.0],
                [1.0, 0.0, 0.0, 0.0, 0.0, 0.999959, 0.009068, -0.26, 0.0, -0.009068, 0.999959, 0.47, 0.0, 0.0, 0.0, 1.0],
                [1.0, 0.0, 0.0, 0.0, 0.0, 0.999956, 0.009344, -0.26, 0.0, -0.009344, 0.999956, 0.47, 0.0, 0.0, 0.0, 1.0],
                [1.0, 0.0, 0.0, 0.0, 0.0, 0.999954, 0.009617, -0.26, 0.0, -0.009617, 0.999954, 0.47, 0.0, 0.0, 0.0, 1.0],
                [1.0, 0.0, 0.0, 0.0, 0.0, 0.999951, 0.009887, -0.26, 0.0, -0.009887, 0.999951, 0.47, 0.0, 0.0, 0.0, 1.0],
                [1.0, 0.0, 0.0, 0.0, 0.0, 0.999948, 0.010154, -0.26, 0.0, -0.010154, 0.999948, 0.47, 0.0, 0.0, 0.0, 1.0],
                [1.0, 0.0, 0.0, 0.0, 0.0, 0.999946, 0.010418, -0.26, 0.0, -0.010418, 0.999946, 0.47, 0.0, 0.0, 0.0, 1.0],
                [1.0, 0.0, 0.0, 0.0, 0.0, 0.999943, 0.010677, -0.26, 0.0, -0.010677, 0.999943, 0.47, 0.0, 0.0, 0.0, 1.0],
                [1.0, 0.0, 0.0, 0.0, 0.0, 0.99994, 0.010931, -0.26, 0.0, -0.010931, 0.99994, 0.47, 0.0, 0.0, 0.0, 1.0],
                [1.0, 0.0, 0.0, 0.0, 0.0, 0.999937, 0.011181, -0.26, 0.0, -0.011181, 0.999937, 0.47, 0.0, 0.0, 0.0, 1.0],
                [1.0, 0.0, 0.0, 0.0, 0.0, 0.999935, 0.011426, -0.26, 0.0, -0.011426, 0.999935, 0.47, 0.0, 0.0, 0.0, 1.0],
                [1.0, 0.0, 0.0, 0.0, 0.0, 0.999932, 0.011665, -0.26, 0.0, -0.011665, 0.999932, 0.47, 0.0, 0.0, 0.0, 1.0],
                [1.0, 0.0, 0.0, 0.0, 0.0, 0.999929, 0.011898, -0.26, 0.0, -0.011898, 0.999929, 0.47, 0.0, 0.0, 0.0, 1.0],
                [1.0, 0.0, 0.0, 0.0, 0.0, 0.999926, 0.012124, -0.26, 0.0, -0.012124, 0.999927, 0.47, 0.0, 0.0, 0.0, 1.0],
                [1.0, 0.0, 0.0, 0.0, 0.0, 0.999924, 0.012344, -0.26, 0.0, -0.012344, 0.999924, 0.47, 0.0, 0.0, 0.0, 1.0],
                [1.0, 0.0, 0.0, 0.0, 0.0, 0.999921, 0.012557, -0.26, 0.0, -0.012557, 0.999921, 0.47, 0.0, 0.0, 0.0, 1.0],
                [1.0, 0.0, 0.0, 0.0, 0.0, 0.999918, 0.012762, -0.26, 0.0, -0.012762, 0.999919, 0.47, 0.0, 0.0, 0.0, 1.0],
                [1.0, 0.0, 0.0, 0.0, 0.0, 0.999916, 0.01296, -0.26, 0.0, -0.01296, 0.999916, 0.47, 0.0, 0.0, 0.0, 1.0],
                [1.0, 0.0, 0.0, 0.0, 0.0, 0.999913, 0.013149, -0.26, 0.0, -0.013149, 0.999914, 0.47, 0.0, 0.0, 0.0, 1.0],
                [1.0, 0.0, 0.0, 0.0, 0.0, 0.999911, 0.01333, -0.26, 0.0, -0.01333, 0.999911, 0.47, 0.0, 0.0, 0.0, 1.0],
                [1.0, 0.0, 0.0, 0.0, 0.0, 0.999909, 0.013502, -0.26, 0.0, -0.013502, 0.999909, 0.47, 0.0, 0.0, 0.0, 1.0],
                [1.0, 0.0, 0.0, 0.0, 0.0, 0.999907, 0.013664, -0.26, 0.0, -0.013664, 0.999907, 0.47, 0.0, 0.0, 0.0, 1.0],
                [1.0, 0.0, 0.0, 0.0, 0.0, 0.999904, 0.013817, -0.26, 0.0, -0.013817, 0.999905, 0.47, 0.0, 0.0, 0.0, 1.0],
                [1.0, 0.0, 0.0, 0.0, 0.0, 0.999902, 0.01396, -0.26, 0.0, -0.01396, 0.999903, 0.47, 0.0, 0.0, 0.0, 1.0],
                [1.0, 0.0, 0.0, 0.0, 0.0, 0.999901, 0.014092, -0.26, 0.0, -0.014092, 0.999901, 0.47, 0.0, 0.0, 0.0, 1.0],
                [1.0, 0.0, 0.0, 0.0, 0.0, 0.999899, 0.014213, -0.26, 0.0, -0.014213, 0.999899, 0.47, 0.0, 0.0, 0.0, 1.0],
                [1.0, 0.0, 0.0, 0.0, 0.0, 0.999897, 0.014324, -0.26, 0.0, -0.014324, 0.999897, 0.47, 0.0, 0.0, 0.0, 1.0],
                [1.0, 0.0, 0.0, 0.0, 0.0, 0.999896, 0.014422, -0.26, 0.0, -0.014422, 0.999896, 0.47, 0.0, 0.0, 0.0, 1.0],
                [1.0, 0.0, 0.0, 0.0, 0.0, 0.999895, 0.014509, -0.26, 0.0, -0.014509, 0.999895, 0.47, 0.0, 0.0, 0.0, 1.0],
                [1.0, 0.0, 0.0, 0.0, 0.0, 0.999894, 0.014583, -0.26, 0.0, -0.014583, 0.999894, 0.47, 0.0, 0.0, 0.0, 1.0],
                [1.0, 0.0, 0.0, 0.0, 0.0, 0.999893, 0.014645, -0.26, 0.0, -0.014645, 0.999893, 0.47, 0.0, 0.0, 0.0, 1.0],
                [1.0, 0.0, 0.0, 0.0, 0.0, 0.999892, 0.014694, -0.26, 0.0, -0.014694, 0.999892, 0.47, 0.0, 0.0, 0.0, 1.0],
                [1.0, 0.0, 0.0, 0.0, 0.0, 0.999891, 0.014729, -0.26, 0.0, -0.014729, 0.999892, 0.47, 0.0, 0.0, 0.0, 1.0],
                [1.0, 0.0, 0.0, 0.0, 0.0, 0.999891, 0.01475, -0.26, 0.0, -0.01475, 0.999891, 0.47, 0.0, 0.0, 0.0, 1.0],
                [1.0, 0.0, 0.0, 0.0, 0.0, 0.999891, 0.014757, -0.26, 0.0, -0.014757, 0.999891, 0.47, 0.0, 0.0, 0.0, 1.0],
                [1.0, 0.0, 0.0, 0.0, 0.0, 0.999891, 0.014748, -0.26, 0.0, -0.014748, 0.999891, 0.47, 0.0, 0.0, 0.0, 1.0],
                [1.0, 0.0, 0.0, 0.0, 0.0, 0.999892, 0.014719, -0.26, 0.0, -0.014719, 0.999892, 0.47, 0.0, 0.0, 0.0, 1.0],
                [1.0, 0.0, 0.0, 0.0, 0.0, 0.999892, 0.014671, -0.26, 0.0, -0.014671, 0.999892, 0.47, 0.0, 0.0, 0.0, 1.0],
                [1.0, 0.0, 0.0, 0.0, 0.0, 0.999893, 0.014606, -0.26, 0.0, -0.014606, 0.999893, 0.47, 0.0, 0.0, 0.0, 1.0],
                [1.0, 0.0, 0.0, 0.0, 0.0, 0.999894, 0.014523, -0.26, 0.0, -0.014523, 0.999894, 0.47, 0.0, 0.0, 0.0, 1.0],
                [1.0, 0.0, 0.0, 0.0, 0.0, 0.999896, 0.014424, -0.26, 0.0, -0.014424, 0.999896, 0.47, 0.0, 0.0, 0.0, 1.0],
                [1.0, 0.0, 0.0, 0.0, 0.0, 0.999898, 0.014308, -0.26, 0.0, -0.014308, 0.999898, 0.47, 0.0, 0.0, 0.0, 1.0],
                [1.0, 0.0, 0.0, 0.0, 0.0, 0.999899, 0.014176, -0.26, 0.0, -0.014176, 0.9999, 0.47, 0.0, 0.0, 0.0, 1.0],
                [1.0, 0.0, 0.0, 0.0, 0.0, 0.999901, 0.01403, -0.26, 0.0, -0.01403, 0.999902, 0.47, 0.0, 0.0, 0.0, 1.0],
                [1.0, 0.0, 0.0, 0.0, 0.0, 0.999904, 0.013869, -0.26, 0.0, -0.013869, 0.999904, 0.47, 0.0, 0.0, 0.0, 1.0],
                [1.0, 0.0, 0.0, 0.0, 0.0, 0.999906, 0.013695, -0.26, 0.0, -0.013695, 0.999906, 0.47, 0.0, 0.0, 0.0, 1.0],
                [1.0, 0.0, 0.0, 0.0, 0.0, 0.999909, 0.013507, -0.26, 0.0, -0.013507, 0.999909, 0.47, 0.0, 0.0, 0.0, 1.0],
                [1.0, 0.0, 0.0, 0.0, 0.0, 0.999911, 0.013306, -0.26, 0.0, -0.013306, 0.999911, 0.47, 0.0, 0.0, 0.0, 1.0],
                [1.0, 0.0, 0.0, 0.0, 0.0, 0.999914, 0.013094, -0.26, 0.0, -0.013094, 0.999914, 0.47, 0.0, 0.0, 0.0, 1.0],
                [1.0, 0.0, 0.0, 0.0, 0.0, 0.999917, 0.01287, -0.26, 0.0, -0.01287, 0.999917, 0.47, 0.0, 0.0, 0.0, 1.0],
                [1.0, 0.0, 0.0, 0.0, 0.0, 0.99992, 0.012635, -0.26, 0.0, -0.012635, 0.99992, 0.47, 0.0, 0.0, 0.0, 1.0],
                [1.0, 0.0, 0.0, 0.0, 0.0, 0.999923, 0.012389, -0.26, 0.0, -0.012389, 0.999923, 0.47, 0.0, 0.0, 0.0, 1.0],
                [1.0, 0.0, 0.0, 0.0, 0.0, 0.999926, 0.012134, -0.26, 0.0, -0.012134, 0.999926, 0.47, 0.0, 0.0, 0.0, 1.0],
                [1.0, 0.0, 0.0, 0.0, 0.0, 0.999929, 0.01187, -0.26, 0.0, -0.01187, 0.99993, 0.47, 0.0, 0.0, 0.0, 1.0],
                [1.0, 0.0, 0.0, 0.0, 0.0, 0.999933, 0.011597, -0.26, 0.0, -0.011597, 0.999933, 0.47, 0.0, 0.0, 0.0, 1.0],
                [1.0, 0.0, 0.0, 0.0, 0.0, 0.999936, 0.011317, -0.26, 0.0, -0.011317, 0.999936, 0.47, 0.0, 0.0, 0.0, 1.0],
                [1.0, 0.0, 0.0, 0.0, 0.0, 0.999939, 0.011029, -0.26, 0.0, -0.011029, 0.999939, 0.47, 0.0, 0.0, 0.0, 1.0],
                [1.0, 0.0, 0.0, 0.0, 0.0, 0.999942, 0.010734, -0.26, 0.0, -0.010734, 0.999942, 0.47, 0.0, 0.0, 0.0, 1.0],
                [1.0, 0.0, 0.0, 0.0, 0.0, 0.999946, 0.010433, -0.26, 0.0, -0.010433, 0.999946, 0.47, 0.0, 0.0, 0.0, 1.0],
                [1.0, 0.0, 0.0, 0.0, 0.0, 0.999949, 0.010127, -0.26, 0.0, -0.010127, 0.999949, 0.47, 0.0, 0.0, 0.0, 1.0],
                [1.0, 0.0, 0.0, 0.0, 0.0, 0.999952, 0.009815, -0.26, 0.0, -0.009815, 0.999952, 0.47, 0.0, 0.0, 0.0, 1.0],
                [1.0, 0.0, 0.0, 0.0, 0.0, 0.999955, 0.009499, -0.26, 0.0, -0.009499, 0.999955, 0.47, 0.0, 0.0, 0.0, 1.0],
                [1.0, 0.0, 0.0, 0.0, 0.0, 0.999958, 0.009179, -0.26, 0.0, -0.009179, 0.999958, 0.47, 0.0, 0.0, 0.0, 1.0],
                [1.0, 0.0, 0.0, 0.0, 0.0, 0.999961, 0.008856, -0.26, 0.0, -0.008856, 0.999961, 0.47, 0.0, 0.0, 0.0, 1.0],
                [1.0, 0.0, 0.0, 0.0, 0.0, 0.999964, 0.008531, -0.26, 0.0, -0.008531, 0.999964, 0.47, 0.0, 0.0, 0.0, 1.0],
                [1.0, 0.0, 0.0, 0.0, 0.0, 0.999966, 0.008203, -0.26, 0.0, -0.008203, 0.999966, 0.47, 0.0, 0.0, 0.0, 1.0],
                [1.0, 0.0, 0.0, 0.0, 0.0, 0.999969, 0.007874, -0.26, 0.0, -0.007874, 0.999969, 0.47, 0.0, 0.0, 0.0, 1.0],
                [1.0, 0.0, 0.0, 0.0, 0.0, 0.999972, 0.007544, -0.26, 0.0, -0.007544, 0.999972, 0.47, 0.0, 0.0, 0.0, 1.0],
                [1.0, 0.0, 0.0, 0.0, 0.0, 0.999974, 0.007213, -0.26, 0.0, -0.007213, 0.999974, 0.47, 0.0, 0.0, 0.0, 1.0],
                [1.0, 0.0, 0.0, 0.0, 0.0, 0.999976, 0.006883, -0.26, 0.0, -0.006883, 0.999976, 0.47, 0.0, 0.0, 0.0, 1.0],
                [1.0, 0.0, 0.0, 0.0, 0.0, 0.999978, 0.006554, -0.26, 0.0, -0.006554, 0.999979, 0.47, 0.0, 0.0, 0.0, 1.0],
                [1.0, 0.0, 0.0, 0.0, 0.0, 0.999981, 0.006226, -0.26, 0.0, -0.006226, 0.999981, 0.47, 0.0, 0.0, 0.0, 1.0],
                [1.0, 0.0, 0.0, 0.0, 0.0, 0.999983, 0.0059, -0.26, 0.0, -0.0059, 0.999983, 0.47, 0.0, 0.0, 0.0, 1.0],
                [1.0, 0.0, 0.0, 0.0, 0.0, 0.999984, 0.005577, -0.26, 0.0, -0.005577, 0.999984, 0.47, 0.0, 0.0, 0.0, 1.0],
                [1.0, 0.0, 0.0, 0.0, 0.0, 0.999986, 0.005258, -0.26, 0.0, -0.005258, 0.999986, 0.47, 0.0, 0.0, 0.0, 1.0],
                [1.0, 0.0, 0.0, 0.0, 0.0, 0.999988, 0.004942, -0.26, 0.0, -0.004942, 0.999988, 0.47, 0.0, 0.0, 0.0, 1.0],
                [1.0, 0.0, 0.0, 0.0, 0.0, 0.999989, 0.00463, -0.26, 0.0, -0.00463, 0.999989, 0.47, 0.0, 0.0, 0.0, 1.0],
                [1.0, 0.0, 0.0, 0.0, 0.0, 0.999991, 0.004324, -0.26, 0.0, -0.004324, 0.999991, 0.47, 0.0, 0.0, 0.0, 1.0],
                [1.0, 0.0, 0.0, 0.0, 0.0, 0.999992, 0.004023, -0.26, 0.0, -0.004023, 0.999992, 0.47, 0.0, 0.0, 0.0, 1.0],
                [1.0, 0.0, 0.0, 0.0, 0.0, 0.999993, 0.003728, -0.26, 0.0, -0.003728, 0.999993, 0.47, 0.0, 0.0, 0.0, 1.0],
                [1.0, 0.0, 0.0, 0.0, 0.0, 0.999994, 0.00344, -0.26, 0.0, -0.00344, 0.999994, 0.47, 0.0, 0.0, 0.0, 1.0],
                [1.0, 0.0, 0.0, 0.0, 0.0, 0.999995, 0.003159, -0.26, 0.0, -0.003159, 0.999995, 0.47, 0.0, 0.0, 0.0, 1.0],
                [1.0, 0.0, 0.0, 0.0, 0.0, 0.999996, 0.002887, -0.26, 0.0, -0.002887, 0.999996, 0.47, 0.0, 0.0, 0.0, 1.0],
                [1.0, 0.0, 0.0, 0.0, 0.0, 0.999996, 0.002622, -0.26, 0.0, -0.002622, 0.999997, 0.47, 0.0, 0.0, 0.0, 1.0],
                [1.0, 0.0, 0.0, 0.0, 0.0, 0.999997, 0.002367, -0.26, 0.0, -0.002367, 0.999997, 0.47, 0.0, 0.0, 0.0, 1.0],
                [1.0, 0.0, 0.0, 0.0, 0.0, 0.999998, 0.002122, -0.26, 0.0, -0.002122, 0.999998, 0.47, 0.0, 0.0, 0.0, 1.0],
                [1.0, 0.0, 0.0, 0.0, 0.0, 0.999998, 0.001887, -0.26, 0.0, -0.001887, 0.999998, 0.47, 0.0, 0.0, 0.0, 1.0],
                [1.0, 0.0, 0.0, 0.0, 0.0, 0.999999, 0.001663, -0.26, 0.0, -0.001663, 0.999999, 0.47, 0.0, 0.0, 0.0, 1.0],
                [1.0, 0.0, 0.0, 0.0, 0.0, 0.999999, 0.00145, -0.26, 0.0, -0.00145, 0.999999, 0.47, 0.0, 0.0, 0.0, 1.0],
                [1.0, 0.0, 0.0, 0.0, 0.0, 0.999999, 0.00125, -0.26, 0.0, -0.00125, 0.999999, 0.47, 0.0, 0.0, 0.0, 1.0],
                [1.0, 0.0, 0.0, 0.0, 0.0, 0.999999, 0.001062, -0.26, 0.0, -0.001062, 0.999999, 0.47, 0.0, 0.0, 0.0, 1.0],
                [1.0, 0.0, 0.0, 0.0, 0.0, 1.0, 0.000887, -0.26, 0.0, -0.000887, 1.0, 0.47, 0.0, 0.0, 0.0, 1.0],
                [1.0, 0.0, 0.0, 0.0, 0.0, 1.0, 0.000726, -0.26, 0.0, -0.000726, 1.0, 0.47, 0.0, 0.0, 0.0, 1.0],
                [1.0, 0.0, 0.0, 0.0, 0.0, 1.0, 0.00058, -0.26, 0.0, -0.00058, 1.0, 0.47, 0.0, 0.0, 0.0, 1.0],
                [1.0, 0.0, 0.0, 0.0, 0.0, 1.0, 0.000449, -0.26, 0.0, -0.000449, 1.0, 0.47, 0.0, 0.0, 0.0, 1.0],
                [1.0, 0.0, 0.0, 0.0, 0.0, 1.0, 0.000333, -0.26, 0.0, -0.000333, 1.0, 0.47, 0.0, 0.0, 0.0, 1.0],
                [1.0, 0.0, 0.0, 0.0, 0.0, 1.0, 0.000233, -0.26, 0.0, -0.000233, 1.0, 0.47, 0.0, 0.0, 0.0, 1.0],
                [1.0, 0.0, 0.0, 0.0, 0.0, 1.0, 0.000151, -0.26, 0.0, -0.000151, 1.0, 0.47, 0.0, 0.0, 0.0, 1.0],
                [1.0, 0.0, 0.0, 0.0, 0.0, 1.0, 8.5e-05, -0.26, 0.0, -8.5e-05, 1.0, 0.47, 0.0, 0.0, 0.0, 1.0],
                [1.0, 0.0, 0.0, 0.0, 0.0, 1.0, 3.8e-05, -0.26, 0.0, -3.8e-05, 1.0, 0.47, 0.0, 0.0, 0.0, 1.0],
                [1.0, 0.0, 0.0, 0.0, 0.0, 1.0, 9e-06, -0.26, 0.0, -9e-06, 1.0, 0.47, 0.0, 0.0, 0.0, 1.0],
                [1.0, 0.0, 0.0, 0.0, 0.0, 1.0, -1e-06, -0.26, 0.0, 1e-06, 1.0, 0.47, 0.0, 0.0, 0.0, 1.0]
            ]
        },
        {
            "name": "Torso",
            "time": [0.0417, 0.0833, 0.125, 0.1667, 0.2083, 0.25, 0.2917, 0.3333, 0.375, 0.4167, 0.4583, 0.5, 0.5417, 0.5833, 0.625, 0.6667, 0.7083, 0.75, 0.7917, 0.8333, 0.875, 0.9167, 0.9583, 1.0, 1.0417, 1.0833, 1.125, 1.1667, 1.2083, 1.25, 1.2917, 1.3333, 1.375, 1.4167, 1.4583, 1.5, 1.5417, 1.5833, 1.625, 1.6667, 1.7083, 1.75, 1.7917, 1.8333, 1.875, 1.9167, 1.9583, 2.0, 2.0417, 2.0833, 2.125, 2.1667, 2.2083, 2.25, 2.2917, 2.3333, 2.375, 2.4167, 2.4583, 2.5, 2.5417, 2.5833, 2.625, 2.6667, 2.7083, 2.75, 2.7917, 2.8333, 2.875, 2.9167, 2.9583, 3.0, 3.0417, 3.0833, 3.125, 3.1667, 3.2083, 3.25, 3.2917, 3.3333, 3.375, 3.4167, 3.4583, 3.5, 3.5417, 3.5833, 3.625, 3.6667, 3.7083, 3.75, 3.7917, 3.8333, 3.875, 3.9167, 3.9583, 4.0, 4.0417, 4.0833, 4.125, 4.1667, 4.2083, 4.25, 4.2917, 4.3333, 4.375, 4.4167, 4.4583, 4.5, 4.5417, 4.5833, 4.625, 4.6667, 4.7083, 4.75, 4.7917, 4.8333, 4.875, 4.9167, 4.9583, 5.0, 5.0417, 5.0833, 5.125, 5.1667, 5.2083, 5.25, 5.2917, 5.3333, 5.375, 5.4167, 5.4583, 5.5, 5.5417, 5.5833, 5.625, 5.6667, 5.7083, 5.75, 5.7917, 5.8333, 5.875, 5.9167, 5.9583, 6.0, 6.0417, 6.0833],
            "transform": [
                [1.0, 0.0, 0.0, 0.0, 0.0, 1.0, 1e-06, 0.06, 0.0, -1e-06, 1.0, -0.0, 0.0, 0.0, 0.0, 1.0],
                [1.0, 0.0, 0.0, 0.0, 0.0, 1.0, -4.3e-05, 0.06, 0.0, 4.3e-05, 1.0, -0.0, 0.0, 0.0, 0.0, 1.0],
                [1.0, 0.0, 0.0, 0.0, 0.0, 1.0, -0.000173, 0.06, 0.0, 0.000173, 1.0, -0.0, 0.0, 0.0, 0.0, 1.0],
                [1.0, 0.0, 0.0, 0.0, 0.0, 1.0, -0.000387, 0.06, 0.0, 0.000387, 1.0, 0.0, 0.0, 0.0, 0.0, 1.0],
                [1.0, 0.0, 0.0, 0.0, 0.0, 1.0, -0.000681, 0.06, 0.0, 0.000681, 1.0, -0.0, 0.0, 0.0, 0.0, 1.0],
                [1.0, 0.0, 0.0, 0.0, 0.0, 0.999999, -0.001053, 0.06, 0.0, 0.001053, 0.999999, -0.0, 0.0, 0.0, 0.0, 1.0],
                [1.0, 0.0, 0.0, 0.0, 0.0, 0.999999, -0.0015, 0.06, 0.0, 0.0015, 0.999999, 0.0, 0.0, 0.0, 0.0, 1.0],
                [1.0, 0.0, 0.0, 0.0, 0.0, 0.999998, -0.002019, 0.06, 0.0, 0.002019, 0.999998, -0.0, 0.0, 0.0, 0.0, 1.0],
                [1.0, 0.0, 0.0, 0.0, 0.0, 0.999997, -0.002608, 0.06, 0.0, 0.002608, 0.999997, -0.0, 0.0, 0.0, 0.0, 1.0],
                [1.0, 0.0, 0.0, 0.0, 0.0, 0.999995, -0.003263, 0.06, 0.0, 0.003263, 0.999995, 0.0, 0.0, 0.0, 0.0, 1.0],
                [1.0, 0.0, 0.0, 0.0, 0.0, 0.999992, -0.003982, 0.06, 0.0, 0.003982, 0.999992, 0.0, 0.0, 0.0, 0.0, 1.0],
                [1.0, 0.0, 0.0, 0.0, 0.0, 0.999989, -0.004763, 0.06, 0.0, 0.004763, 0.999989, -0.0, 0.0, 0.0, 0.0, 1.0],
                [1.0, 0.0, 0.0, 0.0, 0.0, 0.999984, -0.005602, 0.06, 0.0, 0.005602, 0.999984, 0.0, 0.0, 0.0, 0.0, 1.0],
                [1.0, 0.0, 0.0, 0.0, 0.0, 0.999979, -0.006496, 0.06, 0.0, 0.006496, 0.999979, 0.0, 0.0, 0.0, 0.0, 1.0],
                [1.0, 0.0, 0.0, 0.0, 0.0, 0.999972, -0.007443, 0.06, 0.0, 0.007443, 0.999972, -0.0, 0.0, 0.0, 0.0, 1.0],
                [1.0, 0.0, 0.0, 0.0, 0.0, 0.999964, -0.008441, 0.06, 0.0, 0.008441, 0.999964, -0.0, 0.0, 0.0, 0.0, 1.0],
                [1.0, 0.0, 0.0, 0.0, 0.0, 0.999955, -0.009485, 0.06, 0.0, 0.009485, 0.999955, -0.0, 0.0, 0.0, 0.0, 1.0],
                [1.0, 0.0, 0.0, 0.0, 0.0, 0.999944, -0.010574, 0.06, 0.0, 0.010574, 0.999944, 0.0, 0.0, 0.0, 0.0, 1.0],
                [1.0, 0.0, 0.0, 0.0, 0.0, 0.999932, -0.011705, 0.06, 0.0, 0.011705, 0.999932, -0.0, 0.0, 0.0, 0.0, 1.0],
                [1.0, 0.0, 0.0, 0.0, 0.0, 0.999917, -0.012874, 0.06, 0.0, 0.012874, 0.999917, -0.0, 0.0, 0.0, 0.0, 1.0],
                [1.0, 0.0, 0.0, 0.0, 0.0, 0.999901, -0.01408, 0.06, 0.0, 0.01408, 0.999901, -0.0, 0.0, 0.0, 0.0, 1.0],
                [1.0, 0.0, 0.0, 0.0, 0.0, 0.999883, -0.015319, 0.06, 0.0, 0.015319, 0.999883, -0.0, 0.0, 0.0, 0.0, 1.0],
                [1.0, 0.0, 0.0, 0.0, 0.0, 0.999862, -0.016589, 0.06, 0.0, 0.016589, 0.999862, -0.0, 0.0, 0.0, 0.0, 1.0],
                [1.0, 0.0, 0.0, 0.0, 0.0, 0.99984, -0.017886, 0.06, 0.0, 0.017886, 0.99984, -0.0, 0.0, 0.0, 0.0, 1.0],
                [1.0, 0.0, 0.0, 0.0, 0.0, 0.999816, -0.019208, 0.06, 0.0, 0.019208, 0.999816, 0.0, 0.0, 0.0, 0.0, 1.0],
                [1.0, 0.0, 0.0, 0.0, 0.0, 0.999789, -0.020553, 0.06, 0.0, 0.020553, 0.999789, -0.0, 0.0, 0.0, 0.0, 1.0],
                [1.0, 0.0, 0.0, 0.0, 0.0, 0.99976, -0.021917, 0.06, 0.0, 0.021917, 0.99976, 0.0, 0.0, 0.0, 0.0, 1.0],
                [1.0, 0.0, 0.0, 0.0, 0.0, 0.999729, -0.023297, 0.06, 0.0, 0.023297, 0.999729, 0.0, 0.0, 0.0, 0.0, 1.0],
                [1.0, 0.0, 0.0, 0.0, 0.0, 0.999695, -0.024692, 0.06, 0.0, 0.024692, 0.999695, -0.0, 0.0, 0.0, 0.0, 1.0],
                [1.0, 0.0, 0.0, 0.0, 0.0, 0.999659, -0.026097, 0.06, 0.0, 0.026097, 0.999659, -0.0, 0.0, 0.0, 0.0, 1.0],
                [1.0, 0.0, 0.0, 0.0, 0.0, 0.999621, -0.027511, 0.06, 0.0, 0.027511, 0.999621, 0.0, 0.0, 0.0, 0.0, 1.0],
                [1.0, 0.0, 0.0, 0.0, 0.0, 0.999581, -0.028931, 0.06, 0.0, 0.028931, 0.999581, -0.0, 0.0, 0.0, 0.0, 1.0],
                [1.0, 0.0, 0.0, 0.0, 0.0, 0.999539, -0.030353, 0.06, 0.0, 0.030353, 0.999539, -0.0, 0.0, 0.0, 0.0, 1.0],
                [1.0, 0.0, 0.0, 0.0, 0.0, 0.999495, -0.031775, 0.06, 0.0, 0.031775, 0.999495, 0.0, 0.0, 0.0, 0.0, 1.0],
                [1.0, 0.0, 0.0, 0.0, 0.0, 0.999449, -0.033194, 0.06, 0.0, 0.033194, 0.999449, 0.0, 0.0, 0.0, 0.0, 1.0],
                [1.0, 0.0, 0.0, 0.0, 0.0, 0.999401, -0.034607, 0.06, 0.0, 0.034607, 0.999401, 0.0, 0.0, 0.0, 0.0, 1.0],
                [1.0, 0.0, 0.0, 0.0, 0.0, 0.999351, -0.036013, 0.06, 0.0, 0.036013, 0.999351, -0.0, 0.0, 0.0, 0.0, 1.0],
                [1.0, 0.0, 0.0, 0.0, 0.0, 0.9993, -0.037407, 0.06, 0.0, 0.037407, 0.9993, 0.0, 0.0, 0.0, 0.0, 1.0],
                [1.0, 0.0, 0.0, 0.0, 0.0, 0.999247, -0.038787, 0.06, 0.0, 0.038787, 0.999247, 0.0, 0.0, 0.0, 0.0, 1.0],
                [1.0, 0.0, 0.0, 0.0, 0.0, 0.999194, -0.04015, 0.06, 0.0, 0.04015, 0.999194, 0.0, 0.0, 0.0, 0.0, 1.0],
                [1.0, 0.0, 0.0, 0.0, 0.0, 0.999139, -0.041493, 0.06, 0.0, 0.041493, 0.999139, -0.0, 0.0, 0.0, 0.0, 1.0],
                [1.0, 0.0, 0.0, 0.0, 0.0, 0.999083, -0.042815, 0.06, 0.0, 0.042815, 0.999083, -0.0, 0.0, 0.0, 0.0, 1.0],
                [1.0, 0.0, 0.0, 0.0, 0.0, 0.999027, -0.044111, 0.06, 0.0, 0.044111, 0.999027, 0.0, 0.0, 0.0, 0.0, 1.0],
                [1.0, 0.0, 0.0, 0.0, 0.0, 0.99897, -0.04538, 0.06, 0.0, 0.04538, 0.99897, -0.0, 0.0, 0.0, 0.0, 1.0],
                [1.0, 0.0, 0.0, 0.0, 0.0, 0.998913, -0.046618, 0.06, 0.0, 0.046618, 0.998913, 0.0, 0.0, 0.0, 0.0, 1.0],
                [1.0, 0.0, 0.0, 0.0, 0.0, 0.998856, -0.047822, 0.06, 0.0, 0.047822, 0.998856, -0.0, 0.0, 0.0, 0.0, 1.0],
                [1.0, 0.0, 0.0, 0.0, 0.0, 0.998799, -0.04899, 0.06, 0.0, 0.04899, 0.998799, 0.0, 0.0, 0.0, 0.0, 1.0],
                [1.0, 0.0, 0.0, 0.0, 0.0, 0.998743, -0.05012, 0.06, 0.0, 0.05012, 0.998743, -0.0, 0.0, 0.0, 0.0, 1.0],
                [1.0, 0.0, 0.0, 0.0, 0.0, 0.998688, -0.051207, 0.06, 0.0, 0.051207, 0.998688, -0.0, 0.0, 0.0, 0.0, 1.0],
                [1.0, 0.0, 0.0, 0.0, 0.0, 0.998634, -0.05225, 0.06, 0.0, 0.05225, 0.998634, 0.0, 0.0, 0.0, 0.0, 1.0],
                [1.0, 0.0, 0.0, 0.0, 0.0, 0.998581, -0.053246, 0.06, 0.0, 0.053246, 0.998581, -0.0, 0.0, 0.0, 0.0, 1.0],
                [1.0, 0.0, 0.0, 0.0, 0.0, 0.998531, -0.054192, 0.06, 0.0, 0.054192, 0.998531, 0.0, 0.0, 0.0, 0.0, 1.0],
                [1.0, 0.0, 0.0, 0.0, 0.0, 0.998482, -0.055085, 0.06, 0.0, 0.055085, 0.998482, -0.0, 0.0, 0.0, 0.0, 1.0],
                [1.0, 0.0, 0.0, 0.0, 0.0, 0.998435, -0.055923, 0.06, 0.0, 0.055923, 0.998435, -0.0, 0.0, 0.0, 0.0, 1.0],
                [1.0, 0.0, 0.0, 0.0, 0.0, 0.998391, -0.056702, 0.06, 0.0, 0.056702, 0.998391, -0.0, 0.0, 0.0, 0.0, 1.0],
                [1.0, 0.0, 0.0, 0.0, 0.0, 0.99835, -0.05742, 0.06, 0.0, 0.05742, 0.99835, -0.0, 0.0, 0.0, 0.0, 1.0],
                [1.0, 0.0, 0.0, 0.0, 0.0, 0.998312, -0.058075, 0.06, 0.0, 0.058075, 0.998312, 0.0, 0.0, 0.0, 0.0, 1.0],
                [1.0, 0.0, 0.0, 0.0, 0.0, 0.998278, -0.058662, 0.06, 0.0, 0.058662, 0.998278, 0.0, 0.0, 0.0, 0.0, 1.0],
                [1.0, 0.0, 0.0, 0.0, 0.0, 0.998247, -0.059181, 0.06, 0.0, 0.059181, 0.998247, 0.0, 0.0, 0.0, 0.0, 1.0],
                [1.0, 0.0, 0.0, 0.0, 0.0, 0.998221, -0.059627, 0.06, 0.0, 0.059627, 0.998221, -0.0, 0.0, 0.0, 0.0, 1.0],
                [1.0, 0.0, 0.0, 0.0, 0.0, 0.998199, -0.059998, 0.06, 0.0, 0.059998, 0.998199, -0.0, 0.0, 0.0, 0.0, 1.0],
                [1.0, 0.0, 0.0, 0.0, 0.0, 0.998181, -0.060292, 0.06, 0.0, 0.060292, 0.998181, -0.0, 0.0, 0.0, 0.0, 1.0],
                [1.0, 0.0, 0.0, 0.0, 0.0, 0.998168, -0.060505, 0.06, 0.0, 0.060505, 0.998168, -0.0, 0.0, 0.0, 0.0, 1.0],
                [1.0, 0.0, 0.0, 0.0, 0.0, 0.99816, -0.060635, 0.06, 0.0, 0.060635, 0.99816, -0.0, 0.0, 0.0, 0.0, 1.0],
                [1.0, 0.0, 0.0, 0.0, 0.0, 0.998157, -0.060678, 0.06, 0.0, 0.060678, 0.998157, -0.0, 0.0, 0.0, 0.0, 1.0],
                [1.0, 0.0, 0.0, 0.0, 0.0, 0.998158, -0.060678, 0.06, 0.0, 0.060678, 0.998158, -0.0, 0.0, 0.0, 0.0, 1.0],
                [1.0, 0.0, 0.0, 0.0, 0.0, 0.998158, -0.060677, 0.06, 0.0, 0.060677, 0.998158, 0.0, 0.0, 0.0, 0.0, 1.0],
                [1.0, 0.0, 0.0, 0.0, 0.0, 0.998158, -0.060674, 0.06, 0.0, 0.060674, 0.998158, -0.0, 0.0, 0.0, 0.0, 1.0],
                [1.0, 0.0, 0.0, 0.0, 0.0, 0.998158, -0.060668, 0.06, 0.0, 0.060668, 0.998158, 0.0, 0.0, 0.0, 0.0, 1.0],
                [1.0, 0.0, 0.0, 0.0, 0.0, 0.998159, -0.060659, 0.06, 0.0, 0.060659, 0.998159, 0.0, 0.0, 0.0, 0.0, 1.0],
                [1.0, 0.0, 0.0, 0.0, 0.0, 0.998159, -0.060645, 0.06, 0.0, 0.060645, 0.998159, -0.0, 0.0, 0.0, 0.0, 1.0],
                [1.0, 0.0, 0.0, 0.0, 0.0, 0.998161, -0.060625, 0.06, 0.0, 0.060625, 0.998161, -0.0, 0.0, 0.0, 0.0, 1.0],
                [1.0, 0.0, 0.0, 0.0, 0.0, 0.998162, -0.060598, 0.06, 0.0, 0.060598, 0.998162, -0.0, 0.0, 0.0, 0.0, 1.0],
                [1.0, 0.0, 0.0, 0.0, 0.0, 0.998164, -0.060564, 0.06, 0.0, 0.060564, 0.998164, -0.0, 0.0, 0.0, 0.0, 1.0],
                [1.0, 0.0, 0.0, 0.0, 0.0, 0.998167, -0.060522, 0.06, 0.0, 0.060522, 0.998167, 0.0, 0.0, 0.0, 0.0, 1.0],
                [1.0, 0.0, 0.0, 0.0, 0.0, 0.99817, -0.06047, 0.06, 0.0, 0.06047, 0.99817, -0.0, 0.0, 0.0, 0.0, 1.0],
                [1.0, 0.0, 0.0, 0.0, 0.0, 0.998174, -0.060408, 0.06, 0.0, 0.060408, 0.998174, -0.0, 0.0, 0.0, 0.0, 1.0],
                [1.0, 0.0, 0.0, 0.0, 0.0, 0.998178, -0.060334, 0.06, 0.0, 0.060334, 0.998178, 0.0, 0.0, 0.0, 0.0, 1.0],
                [1.0, 0.0, 0.0, 0.0, 0.0, 0.998183, -0.060249, 0.06, 0.0, 0.060249, 0.998183, -0.0, 0.0, 0.0, 0.0, 1.0],
                [1.0, 0.0, 0.0, 0.0, 0.0, 0.998189, -0.06015, 0.06, 0.0, 0.06015, 0.998189, -0.0, 0.0, 0.0, 0.0, 1.0],
                [1.0, 0.0, 0.0, 0.0, 0.0, 0.998196, -0.060037, 0.06, 0.0, 0.060037, 0.998196, -0.0, 0.0, 0.0, 0.0, 1.0],
                [1.0, 0.0, 0.0, 0.0, 0.0, 0.998204, -0.059909, 0.06, 0.0, 0.059909, 0.998204, -0.0, 0.0, 0.0, 0.0, 1.0],
                [1.0, 0.0, 0.0, 0.0, 0.0, 0.998212, -0.059765, 0.06, 0.0, 0.059765, 0.998212, 0.0, 0.0, 0.0, 0.0, 1.0],
                [1.0, 0.0, 0.0, 0.0, 0.0, 0.998222, -0.059604, 0.06, 0.0, 0.059604, 0.998222, 0.0, 0.0, 0.0, 0.0, 1.0],
                [1.0, 0.0, 0.0, 0.0, 0.0, 0.998233, -0.059426, 0.06, 0.0, 0.059426, 0.998233, 0.0, 0.0, 0.0, 0.0, 1.0],
                [1.0, 0.0, 0.0, 0.0, 0.0, 0.998244, -0.059228, 0.06, 0.0, 0.059228, 0.998244, 0.0, 0.0, 0.0, 0.0, 1.0],
                [1.0, 0.0, 0.0, 0.0, 0.0, 0.998257, -0.059011, 0.06, 0.0, 0.059011, 0.998257, -0.0, 0.0, 0.0, 0.0, 1.0],
                [1.0, 0.0, 0.0, 0.0, 0.0, 0.998271, -0.058773, 0.06, 0.0, 0.058773, 0.998271, -0.0, 0.0, 0.0, 0.0, 1.0],
                [1.0, 0.0, 0.0, 0.0, 0.0, 0.998287, -0.058514, 0.06, 0.0, 0.058514, 0.998287, -0.0, 0.0, 0.0, 0.0, 1.0],
                [1.0, 0.0, 0.0, 0.0, 0.0, 0.998303, -0.058232, 0.06, 0.0, 0.058232, 0.998303, -0.0, 0.0, 0.0, 0.0, 1.0],
                [1.0, 0.0, 0.0, 0.0, 0.0, 0.998321, -0.057926, 0.06, 0.0, 0.057926, 0.998321, -0.0, 0.0, 0.0, 0.0, 1.0],
                [1.0, 0.0, 0.0, 0.0, 0.0, 0.99834, -0.057596, 0.06, 0.0, 0.057596, 0.99834, -0.0, 0.0, 0.0, 0.0, 1.0],
                [1.0, 0.0, 0.0, 0.0, 0.0, 0.99836, -0.057241, 0.06, 0.0, 0.057241, 0.99836, 0.0, 0.0, 0.0, 0.0, 1.0],
                [1.0, 0.0, 0.0, 0.0, 0.0, 0.998382, -0.056859, 0.06, 0.0, 0.056859, 0.998382, -0.0, 0.0, 0.0, 0.0, 1.0],
                [1.0, 0.0, 0.0, 0.0, 0.0, 0.998405, -0.05645, 0.06, 0.0, 0.05645, 0.998405, -0.0, 0.0, 0.0, 0.0, 1.0],
                [1.0, 0.0, 0.0, 0.0, 0.0, 0.99843, -0.056013, 0.06, 0.0, 0.056013, 0.99843, 0.0, 0.0, 0.0, 0.0, 1.0],
                [1.0, 0.0, 0.0, 0.0, 0.0, 0.998456, -0.055547, 0.06, 0.0, 0.055547, 0.998456, 0.0, 0.0, 0.0, 0.0, 1.0],
                [1.0, 0.0, 0.0, 0.0, 0.0, 0.998484, -0.05505, 0.06, 0.0, 0.05505, 0.998484, 0.0, 0.0, 0.0, 0.0, 1.0],
                [1.0, 0.0, 0.0, 0.0, 0.0, 0.998513, -0.054523, 0.06, 0.0, 0.054523, 0.998513, -0.0, 0.0, 0.0, 0.0, 1.0],
                [1.0, 0.0, 0.0, 0.0, 0.0, 0.998543, -0.053963, 0.06, 0.0, 0.053963, 0.998543, -0.0, 0.0, 0.0, 0.0, 1.0],
                [1.0, 0.0, 0.0, 0.0, 0.0, 0.998575, -0.053371, 0.06, 0.0, 0.053371, 0.998575, 0.0, 0.0, 0.0, 0.0, 1.0],
                [1.0, 0.0, 0.0, 0.0, 0.0, 0.998608, -0.052745, 0.06, 0.0, 0.052745, 0.998608, -0.0, 0.0, 0.0, 0.0, 1.0],
                [1.0, 0.0, 0.0, 0.0, 0.0, 0.998643, -0.052084, 0.06, 0.0, 0.052084, 0.998643, -0.0, 0.0, 0.0, 0.0, 1.0],
                [1.0, 0.0, 0.0, 0.0, 0.0, 0.998679, -0.051387, 0.06, 0.0, 0.051387, 0.998679, -0.0, 0.0, 0.0, 0.0, 1.0],
                [1.0, 0.0, 0.0, 0.0, 0.0, 0.998716, -0.050654, 0.06, 0.0, 0.050654, 0.998716, -0.0, 0.0, 0.0, 0.0, 1.0],
                [1.0, 0.0, 0.0, 0.0, 0.0, 0.998755, -0.049883, 0.06, 0.0, 0.049883, 0.998755, 0.0, 0.0, 0.0, 0.0, 1.0],
                [1.0, 0.0, 0.0, 0.0, 0.0, 0.998797, -0.04904, 0.06, 0.0, 0.04904, 0.998797, 0.0, 0.0, 0.0, 0.0, 1.0],
                [1.0, 0.0, 0.0, 0.0, 0.0, 0.998843, -0.048095, 0.06, 0.0, 0.048095, 0.998843, -0.0, 0.0, 0.0, 0.0, 1.0],
                [1.0, 0.0, 0.0, 0.0, 0.0, 0.998892, -0.047055, 0.06, 0.0, 0.047055, 0.998892, 0.0, 0.0, 0.0, 0.0, 1.0],
                [1.0, 0.0, 0.0, 0.0, 0.0, 0.998945, -0.045927, 0.06, 0.0, 0.045927, 0.998945, -0.0, 0.0, 0.0, 0.0, 1.0],
                [1.0, 0.0, 0.0, 0.0, 0.0, 0.999, -0.044715, 0.06, 0.0, 0.044715, 0.999, 0.0, 0.0, 0.0, 0.0, 1.0],
                [1.0, 0.0, 0.0, 0.0, 0.0, 0.999057, -0.043428, 0.06, 0.0, 0.043428, 0.999057, -0.0, 0.0, 0.0, 0.0, 1.0],
                [1.0, 0.0, 0.0, 0.0, 0.0, 0.999115, -0.042071, 0.06, 0.0, 0.042071, 0.999115, 0.0, 0.0, 0.0, 0.0, 1.0],
                [1.0, 0.0, 0.0, 0.0, 0.0, 0.999173, -0.040651, 0.06, 0.0, 0.040651, 0.999173, -0.0, 0.0, 0.0, 0.0, 1.0],
                [1.0, 0.0, 0.0, 0.0, 0.0, 0.999232, -0.039174, 0.06, 0.0, 0.039174, 0.999232, -0.0, 0.0, 0.0, 0.0, 1.0],
                [1.0, 0.0, 0.0, 0.0, 0.0, 0.999291, -0.037647, 0.06, 0.0, 0.037647, 0.999291, -0.0, 0.0, 0.0, 0.0, 1.0],
                [1.0, 0.0, 0.0, 0.0, 0.0, 0.999349, -0.036075, 0.06, 0.0, 0.036075, 0.999349, -0.0, 0.0, 0.0, 0.0, 1.0],
                [1.0, 0.0, 0.0, 0.0, 0.0, 0.999406, -0.034465, 0.06, 0.0, 0.034465, 0.999406, -0.0, 0.0, 0.0, 0.0, 1.0],
                [1.0, 0.0, 0.0, 0.0, 0.0, 0.999461, -0.032824, 0.06, 0.0, 0.032824, 0.999461, -0.0, 0.0, 0.0, 0.0, 1.0],
                [1.0, 0.0, 0.0, 0.0, 0.0, 0.999514, -0.031158, 0.06, 0.0, 0.031158, 0.999514, -0.0, 0.0, 0.0, 0.0, 1.0],
                [1.0, 0.0, 0.0, 0.0, 0.0, 0.999566, -0.029473, 0.06, 0.0, 0.029473, 0.999566, -0.0, 0.0, 0.0, 0.0, 1.0],
                [1.0, 0.0, 0.0, 0.0, 0.0, 0.999614, -0.027776, 0.06, 0.0, 0.027776, 0.999614, 0.0, 0.0, 0.0, 0.0, 1.0],
                [1.0, 0.0, 0.0, 0.0, 0.0, 0.99966, -0.026073, 0.06, 0.0, 0.026073, 0.99966, -0.0, 0.0, 0.0, 0.0, 1.0],
                [1.0, 0.0, 0.0, 0.0, 0.0, 0.999703, -0.024371, 0.06, 0.0, 0.024371, 0.999703, -0.0, 0.0, 0.0, 0.0, 1.0],
                [1.0, 0.0, 0.0, 0.0, 0.0, 0.999743, -0.022675, 0.06, 0.0, 0.022675, 0.999743, 0.0, 0.0, 0.0, 0.0, 1.0],
                [1.0, 0.0, 0.0, 0.0, 0.0, 0.99978, -0.020993, 0.06, 0.0, 0.020993, 0.99978, -0.0, 0.0, 0.0, 0.0, 1.0],
                [1.0, 0.0, 0.0, 0.0, 0.0, 0.999813, -0.019331, 0.06, 0.0, 0.019331, 0.999813, -0.0, 0.0, 0.0, 0.0, 1.0],
                [1.0, 0.0, 0.0, 0.0, 0.0, 0.999843, -0.017695, 0.06, 0.0, 0.017695, 0.999843, -0.0, 0.0, 0.0, 0.0, 1.0],
                [1.0, 0.0, 0.0, 0.0, 0.0, 0.999871, -0.016091, 0.06, 0.0, 0.016091, 0.999871, 0.0, 0.0, 0.0, 0.0, 1.0],
                [1.0, 0.0, 0.0, 0.0, 0.0, 0.999894, -0.014526, 0.06, 0.0, 0.014526, 0.999894, 0.0, 0.0, 0.0, 0.0, 1.0],
                [1.0, 0.0, 0.0, 0.0, 0.0, 0.999915, -0.013006, 0.06, 0.0, 0.013006, 0.999915, 0.0, 0.0, 0.0, 0.0, 1.0],
                [1.0, 0.0, 0.0, 0.0, 0.0, 0.999933, -0.011539, 0.06, 0.0, 0.011539, 0.999933, 0.0, 0.0, 0.0, 0.0, 1.0],
                [1.0, 0.0, 0.0, 0.0, 0.0, 0.999949, -0.010129, 0.06, 0.0, 0.010129, 0.999949, 0.0, 0.0, 0.0, 0.0, 1.0],
                [1.0, 0.0, 0.0, 0.0, 0.0, 0.999961, -0.008784, 0.06, 0.0, 0.008784, 0.999961, 0.0, 0.0, 0.0, 0.0, 1.0],
                [1.0, 0.0, 0.0, 0.0, 0.0, 0.999972, -0.00751, 0.06, 0.0, 0.00751, 0.999972, 0.0, 0.0, 0.0, 0.0, 1.0],
                [1.0, 0.0, 0.0, 0.0, 0.0, 0.99998, -0.006313, 0.06, 0.0, 0.006313, 0.99998, 0.0, 0.0, 0.0, 0.0, 1.0],
                [1.0, 0.0, 0.0, 0.0, 0.0, 0.999986, -0.005199, 0.06, 0.0, 0.005199, 0.999986, 0.0, 0.0, 0.0, 0.0, 1.0],
                [1.0, 0.0, 0.0, 0.0, 0.0, 0.999991, -0.004176, 0.06, 0.0, 0.004176, 0.999991, -0.0, 0.0, 0.0, 0.0, 1.0],
                [1.0, 0.0, 0.0, 0.0, 0.0, 0.999995, -0.003249, 0.06, 0.0, 0.003249, 0.999995, 0.0, 0.0, 0.0, 0.0, 1.0],
                [1.0, 0.0, 0.0, 0.0, 0.0, 0.999997, -0.002425, 0.06, 0.0, 0.002425, 0.999997, 0.0, 0.0, 0.0, 0.0, 1.0],
                [1.0, 0.0, 0.0, 0.0, 0.0, 0.999999, -0.00171, 0.06, 0.0, 0.00171, 0.999999, 0.0, 0.0, 0.0, 0.0, 1.0],
                [1.0, 0.0, 0.0, 0.0, 0.0, 1.0, -0.001111, 0.06, 0.0, 0.001111, 0.999999, -0.0, 0.0, 0.0, 0.0, 1.0],
                [1.0, 0.0, 0.0, 0.0, 0.0, 1.0, -0.000634, 0.06, 0.0, 0.000634, 1.0, 0.0, 0.0, 0.0, 0.0, 1.0],
                [1.0, 0.0, 0.0, 0.0, 0.0, 1.0, -0.000286, 0.06, 0.0, 0.000286, 1.0, 0.0, 0.0, 0.0, 0.0, 1.0],
                [1.0, 0.0, 0.0, 0.0, 0.0, 1.0, -7.2e-05, 0.06, 0.0, 7.2e-05, 1.0, 0.0, 0.0, 0.0, 0.0, 1.0],
                [1.0, 0.0, 0.0, 0.0, 0.0, 1.0, 1e-06, 0.06, 0.0, -1e-06, 1.0, -0.0, 0.0, 0.0, 0.0, 1.0]
            ]
        },
        {
            "name": "Chest",
            "time": [0.0417, 0.0833, 0.125, 0.1667, 0.2083, 0.25, 0.2917, 0.3333, 0.375, 0.4167, 0.4583, 0.5, 0.5417, 0.5833, 0.625, 0.6667, 0.7083, 0.75, 0.7917, 0.8333, 0.875, 0.9167, 0.9583, 1.0, 1.0417, 1.0833, 1.125, 1.1667, 1.2083, 1.25, 1.2917, 1.3333, 1.375, 1.4167, 1.4583, 1.5, 1.5417, 1.5833, 1.625, 1.6667, 1.7083, 1.75, 1.7917, 1.8333, 1.875, 1.9167, 1.9583, 2.0, 2.0417, 2.0833, 2.125, 2.1667, 2.2083, 2.25, 2.2917, 2.3333, 2.375, 2.4167, 2.4583, 2.5, 2.5417, 2.5833, 2.625, 2.6667, 2.7083, 2.75, 2.7917, 2.8333, 2.875, 2.9167, 2.9583, 3.0, 3.0417, 3.0833, 3.125, 3.1667, 3.2083, 3.25, 3.2917, 3.3333, 3.375, 3.4167, 3.4583, 3.5, 3.5417, 3.5833, 3.625, 3.6667, 3.7083, 3.75, 3.7917, 3.8333, 3.875, 3.9167, 3.9583, 4.0, 4.0417, 4.0833, 4.125, 4.1667, 4.2083, 4.25, 4.2917, 4.3333, 4.375, 4.4167, 4.4583, 4.5, 4.5417, 4.5833, 4.625, 4.6667, 4.7083, 4.75, 4.7917, 4.8333, 4.875, 4.9167, 4.9583, 5.0, 5.0417, 5.0833, 5.125, 5.1667, 5.2083, 5.25, 5.2917, 5.3333, 5.375, 5.4167, 5.4583, 5.5, 5.5417, 5.5833, 5.625, 5.6667, 5.7083, 5.75, 5.7917, 5.8333, 5.875, 5.9167, 5.9583, 6.0, 6.0417, 6.0833],
            "transform": [
                [1.0, 0.0, 0.0, 0.0, 0.0, 0.996195, 0.087156, 0.07, 0.0, -0.087156, 0.996195, 0.0, 0.0, 0.0, 0.0, 1.0],
                [1.0, 0.0, 0.0, 0.0, 0.0, 0.996196, 0.087137, 0.07, 0.0, -0.087137, 0.996196, -0.0, 0.0, 0.0, 0.0, 1.0],
                [1.0, 0.0, 0.0, 0.0, 0.0, 0.996201, 0.087082, 0.07, 0.0, -0.087082, 0.996201, -0.0, 0.0, 0.0, 0.0, 1.0],
                [1.0, 0.0, 0.0, 0.0, 0.0, 0.996209, 0.086992, 0.07, 0.0, -0.086992, 0.996209, 0.0, 0.0, 0.0, 0.0, 1.0],
                [1.0, 0.0, 0.0, 0.0, 0.0, 0.99622, 0.086868, 0.07, 0.0, -0.086868, 0.99622, -0.0, 0.0, 0.0, 0.0, 1.0],
                [1.0, 0.0, 0.0, 0.0, 0.0, 0.996234, 0.08671, 0.07, 0.0, -0.08671, 0.996234, 0.0, 0.0, 0.0, 0.0, 1.0],
                [1.0, 0.0, 0.0, 0.0, 0.0, 0.99625, 0.086521, 0.07, 0.0, -0.086521, 0.99625, -0.0, 0.0, 0.0, 0.0, 1.0],
                [1.0, 0.0, 0.0, 0.0, 0.0, 0.996269, 0.0863, 0.07, 0.0, -0.0863, 0.996269, -0.0, 0.0, 0.0, 0.0, 1.0],
                [1.0, 0.0, 0.0, 0.0, 0.0, 0.996291, 0.086051, 0.07, 0.0, -0.086051, 0.996291, 0.0, 0.0, 0.0, 0.0, 1.0],
                [1.0, 0.0, 0.0, 0.0, 0.0, 0.996315, 0.085772, 0.07, 0.0, -0.085772, 0.996315, -0.0, 0.0, 0.0, 0.0, 1.0],
                [1.0, 0.0, 0.0, 0.0, 0.0, 0.996341, 0.085466, 0.07, 0.0, -0.085466, 0.996341, -0.0, 0.0, 0.0, 0.0, 1.0],
                [1.0, 0.0, 0.0, 0.0, 0.0, 0.996369, 0.085134, 0.07, 0.0, -0.085134, 0.996369, -0.0, 0.0, 0.0, 0.0, 1.0],
