{
    "animation": [
        {
            "name": "Root",
            "time": [0.0417, 0.0833, 0.125, 0.1667, 0.2083, 0.25, 0.2917, 0.3333, 0.375, 0.4167, 0.4583, 0.5, 0.5417],
            "transform": [
                [1.0, 0.0, 0.0, 0.0, 0.0, 0.991712, 0.128481, -0.26, 0.0, -0.128481, 0.991712, 0.606773, 0.0, 0.0, 0.0, 1.0],
                [1.0, 0.0, 0.0, 0.0, 0.0, 0.999998, -0.002062, -0.215755, 0.0, 0.002062, 0.999998, 0.593049, 0.0, 0.0, 0.0, 1.0],
                [1.0, 0.0, 0.0, 0.0, 0.0, 0.991174, -0.13257, -0.171509, 0.0, 0.13257, 0.991174, 0.579325, 0.0, 0.0, 0.0, 1.0],
                [1.0, 0.0, 0.0, 0.0, 0.0, 0.972008, -0.234947, -0.178064, 0.0, 0.234947, 0.972008, 0.55382, 0.0, 0.0, 0.0, 1.0],
                [1.0, 0.0, 0.0, 0.0, 0.0, 0.953207, -0.302318, -0.194451, 0.0, 0.302318, 0.953207, 0.525984, 0.0, 0.0, 0.0, 1.0],
                [1.0, 0.0, 0.0, 0.0, 0.0, 0.939339, -0.342989, -0.215754, 0.0, 0.342989, 0.939339, 0.498925, 0.0, 0.0, 0.0, 1.0],
                [1.0, 0.0, 0.0, 0.0, 0.0, 0.931296, -0.364262, -0.237058, 0.0, 0.364262, 0.931296, 0.47575, 0.0, 0.0, 0.0, 1.0],
                [1.0, 0.0, 0.0, 0.0, 0.0, 0.927993, -0.372598, -0.253445, 0.0, 0.372598, 0.927993, 0.459567, 0.0, 0.0, 0.0, 1.0],
                [1.0, 0.0, 0.0, 0.0, 0.0, 0.927408, -0.37405, -0.26, 0.0, 0.37405, 0.927408, 0.453482, 0.0, 0.0, 0.0, 1.0],
                [1.0, 0.0, 0.0, 0.0, 0.0, 0.954189, -0.299205, -0.26, 0.0, 0.299205, 0.954189, 0.491805, 0.0, 0.0, 0.0, 1.0],
                [1.0, 0.0, 0.0, 0.0, 0.0, 0.99191, -0.126945, -0.26, 0.0, 0.126945, 0.99191, 0.530127, 0.0, 0.0, 0.0, 1.0],
                [1.0, 0.0, 0.0, 0.0, 0.0, 0.998785, 0.049282, -0.26, 0.0, -0.049282, 0.998785, 0.56845, 0.0, 0.0, 0.0, 1.0],
                [1.0, 0.0, 0.0, 0.0, 0.0, 0.991712, 0.128481, -0.26, 0.0, -0.128481, 0.991712, 0.606773, 0.0, 0.0, 0.0, 1.0]
            ]
        },
        {
            "name": "Torso",
            "time": [0.0417, 0.0833, 0.125, 0.1667, 0.2083, 0.25, 0.2917, 0.3333, 0.375, 0.4167, 0.4583, 0.5, 0.5417],
            "transform": [
                [1.0, 0.0, 0.0, 0.0, 0.0, 0.984808, 0.173649, 0.06, 0.0, -0.173649, 0.984808, 0.0, 0.0, 0.0, 0.0, 1.0],
                [1.0, 0.0, 0.0, 0.0, 0.0, 0.974386, 0.224882, 0.06, 0.0, -0.224882, 0.974386, -0.0, 0.0, 0.0, 0.0, 1.0],
                [1.0, 0.0, 0.0, 0.0, 0.0, 0.961271, 0.275604, 0.06, 0.0, -0.275604, 0.961271, 0.0, 0.0, 0.0, 0.0, 1.0],
                [1.0, 0.0, 0.0, 0.0, 0.0, 0.945507, 0.325603, 0.06, 0.0, -0.325603, 0.945507, -0.0, 0.0, 0.0, 0.0, 1.0],
                [1.0, 0.0, 0.0, 0.0, 0.0, 0.927157, 0.374674, 0.06, 0.0, -0.374674, 0.927157, -0.0, 0.0, 0.0, 0.0, 1.0],
                [1.0, 0.0, 0.0, 0.0, 0.0, 0.906307, 0.422619, 0.06, 0.0, -0.422619, 0.906307, 0.0, 0.0, 0.0, 0.0, 1.0],
                [1.0, 0.0, 0.0, 0.0, 0.0, 0.912326, 0.409464, 0.06, 0.0, -0.409464, 0.912326, -0.0, 0.0, 0.0, 0.0, 1.0],
                [1.0, 0.0, 0.0, 0.0, 0.0, 0.926985, 0.375099, 0.06, 0.0, -0.375099, 0.926985, 0.0, 0.0, 0.0, 0.0, 1.0],
                [1.0, 0.0, 0.0, 0.0, 0.0, 0.944958, 0.327192, 0.06, 0.0, -0.327192, 0.944958, -0.0, 0.0, 0.0, 0.0, 1.0],
                [1.0, 0.0, 0.0, 0.0, 0.0, 0.961733, 0.273987, 0.06, 0.0, -0.273987, 0.961733, 0.0, 0.0, 0.0, 0.0, 1.0],
                [1.0, 0.0, 0.0, 0.0, 0.0, 0.974489, 0.224436, 0.06, 0.0, -0.224436, 0.974489, -0.0, 0.0, 0.0, 0.0, 1.0],
                [1.0, 0.0, 0.0, 0.0, 0.0, 0.982192, 0.187878, 0.06, 0.0, -0.187878, 0.982192, 0.0, 0.0, 0.0, 0.0, 1.0],
                [1.0, 0.0, 0.0, 0.0, 0.0, 0.984808, 0.173649, 0.06, 0.0, -0.173649, 0.984808, 0.0, 0.0, 0.0, 0.0, 1.0]
            ]
        },
        {
            "name": "Chest",
            "time": [0.0417, 0.0833, 0.125, 0.1667, 0.2083, 0.25, 0.2917, 0.3333, 0.375, 0.4167, 0.4583, 0.5, 0.5417],
            "transform": [
                [1.0, 0.0, 0.0, 0.0, 0.0, 0.999689, -0.02492, 0.07, 0.0, 0.02492, 0.999689, 0.0, 0.0, 0.0, 0.0, 1.0],
                [1.0, 0.0, 0.0, 0.0, 0.0, 0.999825, 0.018709, 0.07, 0.0, -0.018709, 0.999825, -0.0, 0.0, 0.0, 0.0, 1.0],
                [1.0, 0.0, 0.0, 0.0, 0.0, 0.998057, 0.062303, 0.07, 0.0, -0.062303, 0.998057, -0.0, 0.0, 0.0, 0.0, 1.0],
                [1.0, 0.0, 0.0, 0.0, 0.0, 0.999143, 0.041395, 0.07, 0.0, -0.041395, 0.999143, 0.0, 0.0, 0.0, 0.0, 1.0],
                [1.0, 0.0, 0.0, 0.0, 0.0, 0.999962, -0.008699, 0.07, 0.0, 0.008699, 0.999962, -0.0, 0.0, 0.0, 0.0, 1.0],
                [1.0, 0.0, 0.0, 0.0, 0.0, 0.997645, -0.068596, 0.07, 0.0, 0.068596, 0.997645, -0.0, 0.0, 0.0, 0.0, 1.0],
                [1.0, 0.0, 0.0, 0.0, 0.0, 0.992938, -0.118632, 0.07, 0.0, 0.118632, 0.992938, -0.0, 0.0, 0.0, 0.0, 1.0],
                [1.0, 0.0, 0.0, 0.0, 0.0, 0.990219, -0.139523, 0.07, 0.0, 0.139523, 0.990219, -0.0, 0.0, 0.0, 0.0, 1.0],
                [1.0, 0.0, 0.0, 0.0, 0.0, 0.991822, -0.127633, 0.07, 0.0, 0.127633, 0.991822, 0.0, 0.0, 0.0, 0.0, 1.0],
                [1.0, 0.0, 0.0, 0.0, 0.0, 0.995064, -0.099232, 0.07, 0.0, 0.099232, 0.995064, -0.0, 0.0, 0.0, 0.0, 1.0],
                [1.0, 0.0, 0.0, 0.0, 0.0, 0.997867, -0.065284, 0.07, 0.0, 0.065284, 0.997867, -0.0, 0.0, 0.0, 0.0, 1.0],
                [1.0, 0.0, 0.0, 0.0, 0.0, 0.999321, -0.03684, 0.07, 0.0, 0.03684, 0.999321, -0.0, 0.0, 0.0, 0.0, 1.0],
                [1.0, 0.0, 0.0, 0.0, 0.0, 0.999689, -0.02492, 0.07, 0.0, 0.02492, 0.999689, 0.0, 0.0, 0.0, 0.0, 1.0]
            ]
        },
        {
            "name": "Chest_Upper",
            "time": [0.0417, 0.0833, 0.125, 0.1667, 0.2083, 0.25, 0.2917, 0.3333, 0.375, 0.4167, 0.4583, 0.5, 0.5417],
            "transform": [
                [0.999916, -0.012938, -0.001128, 0.0, 0.012536, 0.938863, 0.344063, 0.21, -0.003392, -0.344048, 0.938946, -0.0, 0.0, 0.0, 0.0, 1.0],
                [0.999901, -0.013981, -0.001542, 0.0, 0.013925, 0.968486, 0.248677, 0.21, -0.001984, -0.248673, 0.968585, 0.0, 0.0, 0.0, 0.0, 1.0],
                [0.999885, -0.015074, -0.001852, 0.0, 0.015181, 0.988641, 0.149529, 0.21, -0.000423, -0.14954, 0.988756, 0.0, 0.0, 0.0, 0.0, 1.0],
                [0.999867, -0.016202, -0.002052, 0.0, 0.016282, 0.998712, 0.048059, 0.21, 0.001271, -0.048086, 0.998842, 0.0, 0.0, 0.0, 0.0, 1.0],
                [0.999847, -0.017347, -0.002136, 0.0, 0.017206, 0.998383, -0.054179, 0.21, 0.003072, 0.054134, 0.998529, 0.0, 0.0, 0.0, 0.0, 1.0],
                [0.999827, -0.018492, -0.002102, 0.0, 0.017939, 0.987659, -0.155588, 0.21, 0.004953, 0.155523, 0.98782, -0.0, 0.0, 0.0, 0.0, 1.0],
                [0.999806, -0.019618, -0.001954, 0.0, 0.018474, 0.966866, -0.254615, 0.21, 0.006884, 0.254529, 0.967041, -0.0, 0.0, 0.0, 0.0, 1.0],
                [0.999784, -0.02071, -0.001697, 0.0, 0.018808, 0.936626, -0.349826, 0.21, 0.008834, 0.349718, 0.936813, -0.0, 0.0, 0.0, 0.0, 1.0],
                [0.999814, -0.019171, -0.002027, 0.0, 0.018284, 0.976358, -0.215385, 0.21, 0.006108, 0.215308, 0.976527, 0.0, 0.0, 0.0, 0.0, 1.0],
                [0.999843, -0.017576, -0.002138, 0.0, 0.017368, 0.997064, -0.074578, 0.21, 0.003443, 0.074529, 0.997213, -0.0, 0.0, 0.0, 0.0, 1.0],
                [0.99987, -0.015974, -0.002021, 0.0, 0.016075, 0.997524, 0.068465, 0.21, 0.000922, -0.068489, 0.997651, -0.0, 0.0, 0.0, 0.0, 1.0],
                [0.999895, -0.014413, -0.001679, 0.0, 0.014445, 0.977725, 0.209392, 0.21, -0.001377, -0.209394, 0.97783, 0.0, 0.0, 0.0, 0.0, 1.0],
                [0.999916, -0.012938, -0.001128, 0.0, 0.012536, 0.938863, 0.344063, 0.21, -0.003392, -0.344048, 0.938946, -0.0, 0.0, 0.0, 0.0, 1.0]
            ]
        },
        {
            "name": "Head",
            "time": [0.0417, 0.0833, 0.125, 0.1667, 0.2083, 0.25, 0.2917, 0.3333, 0.375, 0.4167, 0.4583, 0.5, 0.5417],
            "transform": [
                [0.999937, 0.009186, -0.006481, -0.0, -0.011194, 0.866847, -0.498449, 0.25, 0.00104, 0.49849, 0.866895, -0.0, 0.0, 0.0, 0.0, 1.0],
                [0.99994, 0.00965, -0.005241, -0.0, -0.01096, 0.906921, -0.421158, 0.25, 0.000689, 0.42119, 0.906972, 0.0, 0.0, 0.0, 0.0, 1.0],
                [0.999942, 0.010006, -0.00396, -0.0, -0.010756, 0.940233, -0.340361, 0.25, 0.000318, 0.340384, 0.940286, 0.0, 0.0, 0.0, 0.0, 1.0],
                [0.999944, 0.010248, -0.002653, 0.0, -0.010586, 0.966363, -0.256964, 0.25, -6.9e-05, 0.256978, 0.966417, -0.0, 0.0, 0.0, 0.0, 1.0],
                [0.999945, 0.010375, -0.001335, 0.0, -0.01045, 0.985053, -0.171932, 0.25, -0.000469, 0.171937, 0.985108, 0.0, 0.0, 0.0, 0.0, 1.0],
                [0.999945, 0.010473, 9e-05, 0.0, -0.010402, 0.994161, -0.107405, 0.25, -0.001214, 0.107399, 0.994215, -0.0, 0.0, 0.0, 0.0, 1.0],
                [0.999944, 0.010477, 0.001524, 0.0, -0.010404, 0.999057, -0.042158, 0.25, -0.001964, 0.04214, 0.99911, -0.0, 0.0, 0.0, 0.0, 1.0],
                [0.999942, 0.010388, 0.002958, 0.0, -0.010454, 0.999672, 0.023395, 0.25, -0.002714, -0.023424, 0.999722, 0.0, 0.0, 0.0, 0.0, 1.0],
                [0.999938, 0.010205, 0.004382, 0.0, -0.010554, 0.995991, 0.088831, 0.25, -0.003458, -0.088872, 0.996037, 0.0, 0.0, 0.0, 0.0, 1.0],
                [0.999943, 0.010578, 0.001648, 0.0, -0.010453, 0.997944, -0.063243, 0.25, -0.002314, 0.063222, 0.997997, -0.0, 0.0, 0.0, 0.0, 1.0],
                [0.999944, 0.01053, -0.001139, -0.0, -0.010528, 0.976487, -0.21532, 0.25, -0.001156, 0.21532, 0.976543, 0.0, 0.0, 0.0, 0.0, 1.0],
                [0.999942, 0.010058, -0.00388, 0.0, -0.01078, 0.9321, -0.36204, 0.25, -2.5e-05, 0.36206, 0.932155, 0.0, 0.0, 0.0, 0.0, 1.0],
                [0.999937, 0.009186, -0.006481, -0.0, -0.011194, 0.866847, -0.498449, 0.25, 0.00104, 0.49849, 0.866895, -0.0, 0.0, 0.0, 0.0, 1.0]
            ]
        },
        {
            "name": "Snout",
            "time": [0.0417, 0.0833, 0.125, 0.1667, 0.2083, 0.25, 0.2917, 0.3333, 0.375, 0.4167, 0.4583, 0.5, 0.5417],
            "transform": [
                [1.0, 0.0, 0.0, -0.0, -0.0, 1.0, -0.0, 0.36, -0.0, 0.0, 1.0, -0.15, 0.0, 0.0, 0.0, 1.0],
                [1.0, -0.0, -0.0, -0.0, -0.0, 1.0, 0.0, 0.36, 0.0, 0.0, 1.0, -0.15, 0.0, 0.0, 0.0, 1.0],
                [1.0, 0.0, 0.0, -0.0, -0.0, 1.0, -0.0, 0.36, 0.0, -0.0, 1.0, -0.15, 0.0, 0.0, 0.0, 1.0],
                [1.0, 0.0, 0.0, 0.0, -0.0, 1.0, -0.0, 0.36, 0.0, 0.0, 1.0, -0.15, 0.0, 0.0, 0.0, 1.0],
                [1.0, 0.0, 0.0, 0.0, -0.0, 1.0, -0.0, 0.36, 0.0, 0.0, 1.0, -0.15, 0.0, 0.0, 0.0, 1.0],
                [1.0, 0.0, 0.0, -0.0, 0.0, 1.0, -0.0, 0.36, 0.0, -0.0, 1.0, -0.15, 0.0, 0.0, 0.0, 1.0],
                [1.0, 0.0, -0.0, 0.0, -0.0, 1.0, 0.0, 0.36, 0.0, 0.0, 1.0, -0.15, 0.0, 0.0, 0.0, 1.0],
                [1.0, -0.0, 0.0, -0.0, 0.0, 1.0, 0.0, 0.36, -0.0, -0.0, 1.0, -0.15, 0.0, 0.0, 0.0, 1.0],
                [1.0, -0.0, 0.0, -0.0, -0.0, 1.0, -0.0, 0.36, 0.0, 0.0, 1.0, -0.15, 0.0, 0.0, 0.0, 1.0],
                [1.0, -0.0, 0.0, -0.0, 0.0, 1.0, 0.0, 0.36, -0.0, -0.0, 1.0, -0.15, 0.0, 0.0, 0.0, 1.0],
                [1.0, 0.0, -0.0, -0.0, 0.0, 1.0, 0.0, 0.36, 0.0, 0.0, 1.0, -0.15, 0.0, 0.0, 0.0, 1.0],
                [1.0, 0.0, 0.0, 0.0, -0.0, 1.0, -0.0, 0.36, -0.0, -0.0, 1.0, -0.15, 0.0, 0.0, 0.0, 1.0],
                [1.0, 0.0, 0.0, -0.0, -0.0, 1.0, -0.0, 0.36, -0.0, 0.0, 1.0, -0.15, 0.0, 0.0, 0.0, 1.0]
            ]
        },
        {
            "name": "Jaw",
            "time": [0.0417, 0.0833, 0.125, 0.1667, 0.2083, 0.25, 0.2917, 0.3333, 0.375, 0.4167, 0.4583, 0.5, 0.5417],
            "transform": [
                [1.0, -0.0, 0.0, 0.0, -0.0, 0.998143, 0.060909, 0.36, -0.0, -0.060909, 0.998143, -0.2, 0.0, 0.0, 0.0, 1.0],
                [1.0, -1.7e-05, 0.000112, 0.0, 8e-06, 0.996928, 0.078317, 0.36, -0.000113, -0.078317, 0.996928, -0.2, 0.0, 0.0, 0.0, 1.0],
                [1.0, -3.6e-05, 0.000224, 0.0, 1.4e-05, 0.99541, 0.095705, 0.36, -0.000226, -0.095705, 0.99541, -0.2, 0.0, 0.0, 0.0, 1.0],
                [1.0, -5.6e-05, 0.000335, 0.0, 1.8e-05, 0.993588, 0.113065, 0.36, -0.00034, -0.113065, 0.993588, -0.2, 0.0, 0.0, 0.0, 1.0],
                [1.0, -7.9e-05, 0.000446, 0.0, 2e-05, 0.991463, 0.130389, 0.36, -0.000453, -0.130389, 0.991463, -0.2, 0.0, 0.0, 0.0, 1.0],
                [1.0, -0.000104, 0.000557, 0.0, 2e-05, 0.989037, 0.14767, 0.36, -0.000566, -0.14767, 0.989037, -0.2, 0.0, 0.0, 0.0, 1.0],
                [1.0, -8.6e-05, 0.000478, 0.0, 2.1e-05, 0.990801, 0.135331, 0.36, -0.000485, -0.135331, 0.9908, -0.2, 0.0, 0.0, 0.0, 1.0],
                [1.0, -6.9e-05, 0.000399, -0.0, 2e-05, 0.99241, 0.122969, 0.36, -0.000404, -0.122969, 0.99241, -0.2, 0.0, 0.0, 0.0, 1.0],
                [1.0, -5.3e-05, 0.000319, 0.0, 1.8e-05, 0.993866, 0.110587, 0.36, -0.000323, -0.110587, 0.993866, -0.2, 0.0, 0.0, 0.0, 1.0],
                [1.0, -3.9e-05, 0.00024, -0.0, 1.5e-05, 0.995168, 0.098187, 0.36, -0.000242, -0.098187, 0.995168, -0.2, 0.0, 0.0, 0.0, 1.0],
                [1.0, -2.5e-05, 0.00016, 0.0, 1.1e-05, 0.996315, 0.085772, 0.36, -0.000162, -0.085772, 0.996315, -0.2, 0.0, 0.0, 0.0, 1.0],
                [1.0, -1.2e-05, 8e-05, 0.0, 6e-06, 0.997307, 0.073345, 0.36, -8.1e-05, -0.073345, 0.997307, -0.2, 0.0, 0.0, 0.0, 1.0],
                [1.0, -0.0, 0.0, 0.0, -0.0, 0.998143, 0.060909, 0.36, -0.0, -0.060909, 0.998143, -0.2, 0.0, 0.0, 0.0, 1.0]
            ]
        },
        {
            "name": "Eye_R",
            "time": [0.0417, 0.0833, 0.125, 0.1667, 0.2083, 0.25, 0.2917, 0.3333, 0.375, 0.4167, 0.4583, 0.5, 0.5417],
            "transform": [
                [1.0, 0.0, 0.0, 0.2, -0.0, 1.0, -0.0, 0.3, -0.0, 0.0, 1.0, -0.09, 0.0, 0.0, 0.0, 1.0],
                [1.0, -0.0, -0.0, 0.2, -0.0, 1.0, 0.0, 0.3, 0.0, 0.0, 1.0, -0.09, 0.0, 0.0, 0.0, 1.0],
                [1.0, 0.0, 0.0, 0.2, -0.0, 1.0, -0.0, 0.3, 0.0, -0.0, 1.0, -0.09, 0.0, 0.0, 0.0, 1.0],
                [1.0, 0.0, 0.0, 0.2, -0.0, 1.0, -0.0, 0.3, 0.0, 0.0, 1.0, -0.09, 0.0, 0.0, 0.0, 1.0],
                [1.0, 0.0, 0.0, 0.2, -0.0, 1.0, -0.0, 0.3, 0.0, -0.0, 1.0, -0.09, 0.0, 0.0, 0.0, 1.0],
                [1.0, 0.0, 0.0, 0.2, 0.0, 1.0, -0.0, 0.3, 0.0, -0.0, 1.0, -0.09, 0.0, 0.0, 0.0, 1.0],
                [1.0, 0.0, -0.0, 0.2, -0.0, 1.0, 0.0, 0.3, 0.0, 0.0, 1.0, -0.09, 0.0, 0.0, 0.0, 1.0],
                [1.0, -0.0, 0.0, 0.2, 0.0, 1.0, 0.0, 0.3, -0.0, -0.0, 1.0, -0.09, 0.0, 0.0, 0.0, 1.0],
                [1.0, 0.0, 0.0, 0.2, -0.0, 1.0, -0.0, 0.3, 0.0, 0.0, 1.0, -0.09, 0.0, 0.0, 0.0, 1.0],
                [1.0, -0.0, 0.0, 0.2, 0.0, 1.0, 0.0, 0.3, -0.0, -0.0, 1.0, -0.09, 0.0, 0.0, 0.0, 1.0],
                [1.0, 0.0, -0.0, 0.2, 0.0, 1.0, 0.0, 0.3, 0.0, 0.0, 1.0, -0.09, 0.0, 0.0, 0.0, 1.0],
                [1.0, 0.0, 0.0, 0.2, -0.0, 1.0, -0.0, 0.3, -0.0, 0.0, 1.0, -0.09, 0.0, 0.0, 0.0, 1.0],
                [1.0, 0.0, 0.0, 0.2, -0.0, 1.0, -0.0, 0.3, -0.0, 0.0, 1.0, -0.09, 0.0, 0.0, 0.0, 1.0]
            ]
        },
        {
            "name": "Eye_L",
            "time": [0.0417, 0.0833, 0.125, 0.1667, 0.2083, 0.25, 0.2917, 0.3333, 0.375, 0.4167, 0.4583, 0.5, 0.5417],
            "transform": [
                [1.0, 0.0, 0.0, -0.2, -0.0, 1.0, -0.0, 0.3, -0.0, 0.0, 1.0, -0.09, 0.0, 0.0, 0.0, 1.0],
                [1.0, -0.0, -0.0, -0.2, -0.0, 1.0, 0.0, 0.3, 0.0, 0.0, 1.0, -0.09, 0.0, 0.0, 0.0, 1.0],
                [1.0, 0.0, 0.0, -0.2, -0.0, 1.0, -0.0, 0.3, 0.0, -0.0, 1.0, -0.09, 0.0, 0.0, 0.0, 1.0],
                [1.0, 0.0, 0.0, -0.2, -0.0, 1.0, -0.0, 0.3, 0.0, 0.0, 1.0, -0.09, 0.0, 0.0, 0.0, 1.0],
                [1.0, 0.0, 0.0, -0.2, -0.0, 1.0, -0.0, 0.3, 0.0, -0.0, 1.0, -0.09, 0.0, 0.0, 0.0, 1.0],
                [1.0, 0.0, 0.0, -0.2, 0.0, 1.0, -0.0, 0.3, 0.0, -0.0, 1.0, -0.09, 0.0, 0.0, 0.0, 1.0],
                [1.0, 0.0, -0.0, -0.2, -0.0, 1.0, 0.0, 0.3, 0.0, 0.0, 1.0, -0.09, 0.0, 0.0, 0.0, 1.0],
                [1.0, -0.0, 0.0, -0.2, 0.0, 1.0, 0.0, 0.3, -0.0, -0.0, 1.0, -0.09, 0.0, 0.0, 0.0, 1.0],
                [1.0, 0.0, 0.0, -0.2, -0.0, 1.0, -0.0, 0.3, 0.0, 0.0, 1.0, -0.09, 0.0, 0.0, 0.0, 1.0],
                [1.0, -0.0, 0.0, -0.2, 0.0, 1.0, 0.0, 0.3, -0.0, -0.0, 1.0, -0.09, 0.0, 0.0, 0.0, 1.0],
                [1.0, 0.0, -0.0, -0.2, 0.0, 1.0, 0.0, 0.3, 0.0, 0.0, 1.0, -0.09, 0.0, 0.0, 0.0, 1.0],
                [1.0, 0.0, 0.0, -0.2, -0.0, 1.0, -0.0, 0.3, -0.0, 0.0, 1.0, -0.09, 0.0, 0.0, 0.0, 1.0],
                [1.0, 0.0, 0.0, -0.2, -0.0, 1.0, -0.0, 0.3, -0.0, 0.0, 1.0, -0.09, 0.0, 0.0, 0.0, 1.0]
            ]
        },
        {
            "name": "Ear_R",
            "time": [0.0417, 0.0833, 0.125, 0.1667, 0.2083, 0.25, 0.2917, 0.3333, 0.375, 0.4167, 0.4583, 0.5, 0.5417],
            "transform": [
                [0.981083, 0.193545, -0.003939, 0.18, -0.003939, -0.000385, -0.999992, 0.275, -0.193545, 0.981091, 0.000385, 0.125, 0.0, 0.0, 0.0, 1.0],
                [0.981083, 0.193545, -0.003939, 0.18, -0.003939, -0.000385, -0.999992, 0.275, -0.193545, 0.981091, 0.000385, 0.125, 0.0, 0.0, 0.0, 1.0],
                [0.981084, 0.193545, -0.003939, 0.18, -0.003939, -0.000385, -0.999992, 0.275, -0.193545, 0.981091, 0.000385, 0.125, 0.0, 0.0, 0.0, 1.0],
                [0.981083, 0.193545, -0.003939, 0.18, -0.003939, -0.000385, -0.999992, 0.275, -0.193545, 0.981091, 0.000385, 0.125, 0.0, 0.0, 0.0, 1.0],
                [0.981083, 0.193545, -0.003939, 0.18, -0.003939, -0.000385, -0.999992, 0.275, -0.193545, 0.981091, 0.000385, 0.125, 0.0, 0.0, 0.0, 1.0],
                [0.981084, 0.193545, -0.003939, 0.18, -0.003939, -0.000385, -0.999992, 0.275, -0.193545, 0.981091, 0.000385, 0.125, 0.0, 0.0, 0.0, 1.0],
                [0.981083, 0.193545, -0.003939, 0.18, -0.003939, -0.000385, -0.999992, 0.275, -0.193545, 0.981091, 0.000385, 0.125, 0.0, 0.0, 0.0, 1.0],
                [0.981083, 0.193545, -0.003939, 0.18, -0.003939, -0.000385, -0.999992, 0.275, -0.193545, 0.981091, 0.000385, 0.125, 0.0, 0.0, 0.0, 1.0],
                [0.981083, 0.193545, -0.003939, 0.18, -0.003939, -0.000385, -0.999992, 0.275, -0.193545, 0.981091, 0.000385, 0.125, 0.0, 0.0, 0.0, 1.0],
                [0.981083, 0.193545, -0.003939, 0.18, -0.003939, -0.000385, -0.999992, 0.275, -0.193545, 0.981091, 0.000385, 0.125, 0.0, 0.0, 0.0, 1.0],
                [0.981083, 0.193545, -0.003939, 0.18, -0.003939, -0.000385, -0.999992, 0.275, -0.193545, 0.981091, 0.000385, 0.125, 0.0, 0.0, 0.0, 1.0],
                [0.981083, 0.193545, -0.003939, 0.18, -0.003939, -0.000385, -0.999992, 0.275, -0.193545, 0.981091, 0.000385, 0.125, 0.0, 0.0, 0.0, 1.0],
                [0.981083, 0.193545, -0.003939, 0.18, -0.003939, -0.000385, -0.999992, 0.275, -0.193545, 0.981091, 0.000385, 0.125, 0.0, 0.0, 0.0, 1.0]
            ]
        },
        {
            "name": "Ear_R_Upper",
            "time": [0.0417, 0.0833, 0.125, 0.1667, 0.2083, 0.25, 0.2917, 0.3333, 0.375, 0.4167, 0.4583, 0.5, 0.5417],
            "transform": [
                [0.992457, 0.122565, -0.002494, 0.0, -0.122565, 0.992461, 0.000153, 0.06, 0.002494, 0.000153, 0.999997, 0.0, 0.0, 0.0, 0.0, 1.0],
                [0.992457, 0.122565, -0.002494, 0.0, -0.122565, 0.99246, 0.000153, 0.06, 0.002494, 0.000153, 0.999997, 0.0, 0.0, 0.0, 0.0, 1.0],
                [0.992457, 0.122565, -0.002494, 0.0, -0.122565, 0.99246, 0.000153, 0.06, 0.002494, 0.000153, 0.999997, -0.0, 0.0, 0.0, 0.0, 1.0],
                [0.992457, 0.122565, -0.002494, 0.0, -0.122565, 0.99246, 0.000153, 0.06, 0.002494, 0.000153, 0.999997, -0.0, 0.0, 0.0, 0.0, 1.0],
                [0.992457, 0.122565, -0.002494, 0.0, -0.122565, 0.99246, 0.000153, 0.06, 0.002494, 0.000153, 0.999997, -0.0, 0.0, 0.0, 0.0, 1.0],
                [0.992457, 0.122565, -0.002494, -0.0, -0.122565, 0.99246, 0.000153, 0.06, 0.002494, 0.000153, 0.999997, 0.0, 0.0, 0.0, 0.0, 1.0],
                [0.992457, 0.122565, -0.002494, -0.0, -0.122565, 0.99246, 0.000153, 0.06, 0.002494, 0.000154, 0.999997, -0.0, 0.0, 0.0, 0.0, 1.0],
                [0.992457, 0.122565, -0.002494, 0.0, -0.122565, 0.99246, 0.000153, 0.06, 0.002494, 0.000153, 0.999997, 0.0, 0.0, 0.0, 0.0, 1.0],
                [0.992457, 0.122565, -0.002494, 0.0, -0.122565, 0.99246, 0.000153, 0.06, 0.002494, 0.000154, 0.999997, 0.0, 0.0, 0.0, 0.0, 1.0],
                [0.992457, 0.122565, -0.002494, 0.0, -0.122565, 0.99246, 0.000153, 0.06, 0.002494, 0.000153, 0.999997, -0.0, 0.0, 0.0, 0.0, 1.0],
                [0.992457, 0.122565, -0.002494, 0.0, -0.122565, 0.99246, 0.000153, 0.06, 0.002494, 0.000153, 0.999997, -0.0, 0.0, 0.0, 0.0, 1.0],
                [0.992457, 0.122565, -0.002494, 0.0, -0.122565, 0.99246, 0.000153, 0.06, 0.002494, 0.000153, 0.999997, -0.0, 0.0, 0.0, 0.0, 1.0],
                [0.992457, 0.122565, -0.002494, 0.0, -0.122565, 0.992461, 0.000153, 0.06, 0.002494, 0.000153, 0.999997, 0.0, 0.0, 0.0, 0.0, 1.0]
            ]
        },
        {
            "name": "Ear_L",
            "time": [0.0417, 0.0833, 0.125, 0.1667, 0.2083, 0.25, 0.2917, 0.3333, 0.375, 0.4167, 0.4583, 0.5, 0.5417],
            "transform": [
                [0.996887, -0.074898, 0.024638, -0.18, 0.024401, -0.004075, -0.999694, 0.275, 0.074976, 0.997183, -0.002235, 0.125, 0.0, 0.0, 0.0, 1.0],
                [0.996887, -0.074898, 0.024638, -0.18, 0.024401, -0.004075, -0.999694, 0.275, 0.074976, 0.997183, -0.002235, 0.125, 0.0, 0.0, 0.0, 1.0],
                [0.996887, -0.074898, 0.024638, -0.18, 0.024401, -0.004075, -0.999694, 0.275, 0.074976, 0.997183, -0.002235, 0.125, 0.0, 0.0, 0.0, 1.0],
                [0.996887, -0.074898, 0.024638, -0.18, 0.024401, -0.004075, -0.999694, 0.275, 0.074976, 0.997183, -0.002235, 0.125, 0.0, 0.0, 0.0, 1.0],
                [0.996887, -0.074898, 0.024638, -0.18, 0.024401, -0.004075, -0.999694, 0.275, 0.074976, 0.997183, -0.002235, 0.125, 0.0, 0.0, 0.0, 1.0],
                [0.996887, -0.074898, 0.024638, -0.18, 0.024401, -0.004075, -0.999694, 0.275, 0.074976, 0.997183, -0.002235, 0.125, 0.0, 0.0, 0.0, 1.0],
                [0.996887, -0.074898, 0.024638, -0.18, 0.024401, -0.004075, -0.999694, 0.275, 0.074976, 0.997183, -0.002235, 0.125, 0.0, 0.0, 0.0, 1.0],
                [0.996887, -0.074898, 0.024638, -0.18, 0.024401, -0.004075, -0.999694, 0.275, 0.074976, 0.997183, -0.002235, 0.125, 0.0, 0.0, 0.0, 1.0],
                [0.996887, -0.074898, 0.024638, -0.18, 0.024401, -0.004075, -0.999694, 0.275, 0.074976, 0.997183, -0.002235, 0.125, 0.0, 0.0, 0.0, 1.0],
                [0.996887, -0.074898, 0.024638, -0.18, 0.024401, -0.004075, -0.999694, 0.275, 0.074976, 0.997183, -0.002235, 0.125, 0.0, 0.0, 0.0, 1.0],
                [0.996887, -0.074898, 0.024638, -0.18, 0.024401, -0.004075, -0.999694, 0.275, 0.074976, 0.997183, -0.002235, 0.125, 0.0, 0.0, 0.0, 1.0],
                [0.996887, -0.074898, 0.024638, -0.18, 0.024401, -0.004075, -0.999694, 0.275, 0.074976, 0.997183, -0.002235, 0.125, 0.0, 0.0, 0.0, 1.0],
                [0.996887, -0.074898, 0.024638, -0.18, 0.024401, -0.004075, -0.999694, 0.275, 0.074976, 0.997183, -0.002235, 0.125, 0.0, 0.0, 0.0, 1.0]
            ]
        },
        {
            "name": "Ear_L_Upper",
            "time": [0.0417, 0.0833, 0.125, 0.1667, 0.2083, 0.25, 0.2917, 0.3333, 0.375, 0.4167, 0.4583, 0.5, 0.5417],
            "transform": [
                [0.992624, -0.121202, 0.002786, 0.0, 0.121193, 0.992625, 0.002953, 0.06, -0.003123, -0.002594, 0.999992, -0.0, 0.0, 0.0, 0.0, 1.0],
                [0.992624, -0.121202, 0.002786, 0.0, 0.121193, 0.992625, 0.002953, 0.06, -0.003123, -0.002594, 0.999992, -0.0, 0.0, 0.0, 0.0, 1.0],
                [0.992624, -0.121202, 0.002786, 0.0, 0.121193, 0.992625, 0.002953, 0.06, -0.003123, -0.002594, 0.999992, 0.0, 0.0, 0.0, 0.0, 1.0],
                [0.992624, -0.121202, 0.002786, 0.0, 0.121193, 0.992625, 0.002953, 0.06, -0.003123, -0.002594, 0.999992, -0.0, 0.0, 0.0, 0.0, 1.0],
                [0.992624, -0.121202, 0.002786, 0.0, 0.121193, 0.992625, 0.002953, 0.06, -0.003123, -0.002594, 0.999992, -0.0, 0.0, 0.0, 0.0, 1.0],
                [0.992624, -0.121202, 0.002786, -0.0, 0.121193, 0.992625, 0.002953, 0.06, -0.003123, -0.002594, 0.999992, -0.0, 0.0, 0.0, 0.0, 1.0],
                [0.992624, -0.121202, 0.002786, -0.0, 0.121193, 0.992625, 0.002953, 0.06, -0.003123, -0.002594, 0.999992, -0.0, 0.0, 0.0, 0.0, 1.0],
                [0.992624, -0.121202, 0.002786, -0.0, 0.121193, 0.992625, 0.002953, 0.06, -0.003123, -0.002594, 0.999992, 0.0, 0.0, 0.0, 0.0, 1.0],
                [0.992624, -0.121202, 0.002786, 0.0, 0.121193, 0.992625, 0.002953, 0.06, -0.003123, -0.002594, 0.999992, 0.0, 0.0, 0.0, 0.0, 1.0],
                [0.992624, -0.121202, 0.002786, -0.0, 0.121193, 0.992624, 0.002953, 0.06, -0.003123, -0.002594, 0.999992, 0.0, 0.0, 0.0, 0.0, 1.0],
                [0.992624, -0.121202, 0.002786, -0.0, 0.121193, 0.992625, 0.002953, 0.06, -0.003123, -0.002594, 0.999992, -0.0, 0.0, 0.0, 0.0, 1.0],
                [0.992624, -0.121202, 0.002786, -0.0, 0.121193, 0.992624, 0.002953, 0.06, -0.003123, -0.002594, 0.999992, 0.0, 0.0, 0.0, 0.0, 1.0],
                [0.992624, -0.121202, 0.002786, 0.0, 0.121193, 0.992625, 0.002953, 0.06, -0.003123, -0.002594, 0.999992, -0.0, 0.0, 0.0, 0.0, 1.0]
            ]
        },
        {
            "name": "Shoulder_FL",
            "time": [0.0417, 0.0833, 0.125, 0.1667, 0.2083, 0.25, 0.2917, 0.3333, 0.375, 0.4167, 0.4583, 0.5, 0.5417],
            "transform": [
                [0.78671, -0.604551, 0.12492, 0.0, 0.440972, 0.691956, 0.571612, 0.21, -0.432008, -0.394607, 0.810959, -0.0, 0.0, 0.0, 0.0, 1.0],
                [0.78671, -0.604551, 0.12492, 0.0, 0.359255, 0.612921, 0.70375, 0.21, -0.502019, -0.508769, 0.699379, 0.0, 0.0, 0.0, 0.0, 1.0],
                [0.78671, -0.604551, 0.12492, 0.0, 0.266623, 0.515262, 0.814504, 0.21, -0.556776, -0.607472, 0.566549, 0.0, 0.0, 0.0, 0.0, 1.0],
                [0.78671, -0.604551, 0.12492, 0.0, 0.158116, 0.392941, 0.905868, 0.21, -0.59673, -0.692904, 0.40472, 0.0, 0.0, 0.0, 0.0, 1.0],
                [0.78671, -0.604551, 0.12492, 0.0, 0.113433, 0.34048, 0.933384, 0.21, -0.606812, -0.720133, 0.336435, 0.0, 0.0, 0.0, 0.0, 1.0],
                [0.78671, -0.604551, 0.12492, 0.0, 0.129105, 0.359009, 0.924362, 0.21, -0.603671, -0.711077, 0.360487, -0.0, 0.0, 0.0, 0.0, 1.0],
                [0.78671, -0.604551, 0.12492, 0.0, 0.170236, 0.40697, 0.897438, 0.21, -0.593386, -0.684758, 0.423084, -0.0, 0.0, 0.0, 0.0, 1.0],
                [0.78671, -0.604551, 0.12492, 0.0, 0.227442, 0.471976, 0.851768, 0.21, -0.573897, -0.641683, 0.508808, -0.0, 0.0, 0.0, 0.0, 1.0],
                [0.78671, -0.604551, 0.12492, 0.0, 0.290655, 0.541269, 0.789016, 0.21, -0.544616, -0.584419, 0.601538, 0.0, 0.0, 0.0, 0.0, 1.0],
                [0.78671, -0.604551, 0.12492, 0.0, 0.350167, 0.60367, 0.716216, 0.21, -0.5084, -0.519712, 0.686607, -0.0, 0.0, 0.0, 0.0, 1.0],
                [0.78671, -0.604551, 0.12492, 0.0, 0.398201, 0.651595, 0.645647, 0.21, -0.471724, -0.458194, 0.753349, -0.0, 0.0, 0.0, 0.0, 1.0],
                [0.78671, -0.604551, 0.12492, 0.0, 0.42964, 0.681508, 0.592416, 0.21, -0.44328, -0.412389, 0.795889, 0.0, 0.0, 0.0, 0.0, 1.0],
                [0.78671, -0.604551, 0.12492, 0.0, 0.440972, 0.691956, 0.571612, 0.21, -0.432008, -0.394607, 0.810959, -0.0, 0.0, 0.0, 0.0, 1.0]
            ]
        },
        {
            "name": "Thigh_FL",
            "time": [0.0417, 0.0833, 0.125, 0.1667, 0.2083, 0.25, 0.2917, 0.3333, 0.375, 0.4167, 0.4583, 0.5, 0.5417],
            "transform": [
                [0.750757, 0.61729, -0.235195, 0.0, -0.510958, 0.768316, 0.385502, 0.198494, 0.418671, -0.169243, 0.892228, 0.0, 0.0, 0.0, 0.0, 1.0],
                [0.733909, 0.613119, -0.292338, 0.0, -0.527137, 0.785535, 0.324132, 0.198494, 0.428373, -0.083781, 0.899709, -0.0, 0.0, 0.0, 0.0, 1.0],
                [0.716805, 0.60377, -0.348786, 0.0, -0.544123, 0.797155, 0.261675, 0.198494, 0.436029, 0.002213, 0.89993, 0.0, 0.0, 0.0, 0.0, 1.0],
                [0.746426, 0.60976, -0.266535, -0.0, -0.501264, 0.778616, 0.377481, 0.198494, 0.437701, -0.148158, 0.88683, 0.0, 0.0, 0.0, 0.0, 1.0],
                [0.800561, 0.589225, -0.109162, 0.0, -0.430062, 0.691778, 0.580077, 0.198494, 0.417312, -0.417441, 0.807214, 0.0, 0.0, 0.0, 0.0, 1.0],
                [0.838781, 0.544372, 0.010243, -0.0, -0.380754, 0.573019, 0.725725, 0.198494, 0.389195, -0.612624, 0.687909, 0.0, 0.0, 0.0, 0.0, 1.0],
                [0.860032, 0.503397, 0.083281, 0.0, -0.35258, 0.468337, 0.810153, 0.198494, 0.368825, -0.726121, 0.580273, 0.0, 0.0, 0.0, 0.0, 1.0],
                [0.869918, 0.478494, 0.119527, 0.0, -0.337093, 0.399943, 0.852299, 0.198494, 0.360016, -0.781722, 0.509215, -0.0, 0.0, 0.0, 0.0, 1.0],
                [0.872955, 0.471213, 0.12613, 0.0, -0.328361, 0.376428, 0.866303, 0.198494, 0.360734, -0.79766, 0.483332, 0.0, 0.0, 0.0, 0.0, 1.0],
                [0.854501, 0.512441, 0.085041, -0.0, -0.357219, 0.460843, 0.812415, 0.198494, 0.377124, -0.724588, 0.576845, -0.0, 0.0, 0.0, 0.0, 1.0],
                [0.812499, 0.581613, -0.039646, 0.0, -0.413287, 0.622646, 0.664459, 0.198494, 0.411143, -0.523488, 0.746272, 0.0, 0.0, 0.0, 0.0, 1.0],
                [0.769326, 0.613485, -0.178252, -0.0, -0.476466, 0.736855, 0.47961, 0.198494, 0.425579, -0.284045, 0.859186, 0.0, 0.0, 0.0, 0.0, 1.0],
                [0.750757, 0.61729, -0.235195, 0.0, -0.510958, 0.768316, 0.385502, 0.198494, 0.418671, -0.169243, 0.892228, 0.0, 0.0, 0.0, 0.0, 1.0]
            ]
        },
        {
            "name": "Leg_FL",
            "time": [0.0417, 0.0833, 0.125, 0.1667, 0.2083, 0.25, 0.2917, 0.3333, 0.375, 0.4167, 0.4583, 0.5, 0.5417],
            "transform": [
                [0.987403, -0.153315, -0.039102, 0.0, 0.153315, 0.866025, 0.475915, 0.21, -0.039102, -0.475915, 0.878622, -0.0, 0.0, 0.0, 0.0, 1.0],
                [0.992836, -0.11665, -0.025869, -0.0, 0.118033, 0.92388, 0.364025, 0.21, -0.018564, -0.364471, 0.93103, -0.0, 0.0, 0.0, 0.0, 1.0],
                [0.996769, -0.078437, -0.017312, -0.0, 0.080284, 0.965926, 0.246051, 0.21, -0.002577, -0.246645, 0.969102, 0.0, 0.0, 0.0, 0.0, 1.0],
                [0.999198, 0.037688, -0.01352, -0.0, -0.03903, 0.992144, -0.118857, 0.21, 0.008934, 0.119289, 0.992819, -0.0, 0.0, 0.0, 0.0, 1.0],
                [0.99422, 0.102411, -0.032236, 0.0, -0.107324, 0.939696, -0.324735, 0.21, -0.002964, 0.326318, 0.945255, 0.0, 0.0, 0.0, 0.0, 1.0],
                [0.99689, 0.07336, -0.028799, -0.0, -0.078374, 0.961217, -0.264423, 0.21, 0.008284, 0.265858, 0.963977, -0.0, 0.0, 0.0, 0.0, 1.0],
                [0.999733, -0.004977, -0.02255, 0.0, 0.003027, 0.996316, -0.085704, 0.21, 0.022893, 0.085613, 0.996065, -0.0, 0.0, 0.0, 0.0, 1.0],
                [0.992593, -0.115312, -0.038245, -0.0, 0.120609, 0.973128, 0.196152, 0.21, 0.014599, -0.199311, 0.979827, -0.0, 0.0, 0.0, 0.0, 1.0],
                [0.969952, -0.223832, -0.095351, 0.0, 0.240203, 0.818729, 0.521523, 0.21, -0.038667, -0.528756, 0.847892, -0.0, 0.0, 0.0, 0.0, 1.0],
                [0.935288, -0.300529, -0.186866, -0.0, 0.323419, 0.511531, 0.796075, 0.21, -0.143656, -0.804996, 0.575626, -0.0, 0.0, 0.0, 0.0, 1.0],
                [0.914091, -0.322689, -0.245581, -0.0, 0.345127, 0.301129, 0.888937, 0.21, -0.212899, -0.897326, 0.386628, -0.0, 0.0, 0.0, 0.0, 1.0],
                [0.957504, -0.258524, -0.12787, -0.0, 0.266913, 0.626276, 0.732486, 0.21, -0.109283, -0.735488, 0.668666, 0.0, 0.0, 0.0, 0.0, 1.0],
                [0.987403, -0.153315, -0.039102, 0.0, 0.153315, 0.866025, 0.475915, 0.21, -0.039102, -0.475915, 0.878622, -0.0, 0.0, 0.0, 0.0, 1.0]
            ]
        },
        {
            "name": "Paw_FL",
            "time": [0.0417, 0.0833, 0.125, 0.1667, 0.2083, 0.25, 0.2917, 0.3333, 0.375, 0.4167, 0.4583, 0.5, 0.5417],
            "transform": [
                [0.99433, -0.104873, -0.017601, 0.0, 0.104873, 0.939693, 0.325545, 0.09, -0.017601, -0.325545, 0.945363, -0.0, 0.0, 0.0, 0.0, 1.0],
                [0.99433, -0.104873, -0.017601, -0.0, 0.104873, 0.939693, 0.325545, 0.09, -0.017601, -0.325545, 0.945363, 0.0, 0.0, 0.0, 0.0, 1.0],
                [0.99433, -0.104873, -0.017601, 0.0, 0.104873, 0.939693, 0.325545, 0.09, -0.017601, -0.325545, 0.945363, 0.0, 0.0, 0.0, 0.0, 1.0],
                [0.99433, -0.104873, -0.017601, 0.0, 0.104873, 0.939693, 0.325545, 0.09, -0.017601, -0.325545, 0.945363, -0.0, 0.0, 0.0, 0.0, 1.0],
                [0.99433, -0.104873, -0.017601, -0.0, 0.104873, 0.939693, 0.325545, 0.09, -0.017601, -0.325545, 0.945363, 0.0, 0.0, 0.0, 0.0, 1.0],
                [0.99433, -0.104873, -0.017601, 0.0, 0.104873, 0.939693, 0.325545, 0.09, -0.017601, -0.325545, 0.945363, 0.0, 0.0, 0.0, 0.0, 1.0],
                [0.99433, -0.104873, -0.017601, -0.0, 0.104873, 0.939693, 0.325545, 0.09, -0.017601, -0.325545, 0.945363, -0.0, 0.0, 0.0, 0.0, 1.0],
                [0.99433, -0.104873, -0.017601, 0.0, 0.104873, 0.939693, 0.325545, 0.09, -0.017601, -0.325545, 0.945363, -0.0, 0.0, 0.0, 0.0, 1.0],
                [0.99433, -0.104873, -0.017601, 0.0, 0.104873, 0.939693, 0.325545, 0.09, -0.017601, -0.325545, 0.945363, 0.0, 0.0, 0.0, 0.0, 1.0],
                [0.99433, -0.104873, -0.017601, 0.0, 0.104873, 0.939693, 0.325545, 0.09, -0.017601, -0.325545, 0.945363, 0.0, 0.0, 0.0, 0.0, 1.0],
                [0.99433, -0.104873, -0.017601, -0.0, 0.104873, 0.939693, 0.325545, 0.09, -0.017601, -0.325545, 0.945363, -0.0, 0.0, 0.0, 0.0, 1.0],
                [0.99433, -0.104873, -0.017601, 0.0, 0.104873, 0.939693, 0.325545, 0.09, -0.017601, -0.325545, 0.945363, 0.0, 0.0, 0.0, 0.0, 1.0],
                [0.99433, -0.104873, -0.017601, 0.0, 0.104873, 0.939693, 0.325545, 0.09, -0.017601, -0.325545, 0.945363, -0.0, 0.0, 0.0, 0.0, 1.0]
            ]
        },
        {
            "name": "Shoulder_FR",
            "time": [0.0417, 0.0833, 0.125, 0.1667, 0.2083, 0.25, 0.2917, 0.3333, 0.375, 0.4167, 0.4583, 0.5, 0.5417],
            "transform": [
                [0.779156, 0.604551, 0.165633, 0.0, -0.604551, 0.654931, 0.453413, 0.21, 0.165633, -0.453413, 0.875775, -0.0, 0.0, 0.0, 0.0, 1.0],
                [0.779155, 0.604551, 0.165633, 0.0, -0.566605, 0.566246, 0.598602, 0.21, 0.268096, -0.560253, 0.783736, 0.0, 0.0, 0.0, 0.0, 1.0],
                [0.779155, 0.604551, 0.165633, 0.0, -0.511442, 0.460357, 0.725602, 0.21, 0.362413, -0.650069, 0.667883, 0.0, 0.0, 0.0, 0.0, 1.0],
                [0.779155, 0.604551, 0.165633, 0.0, -0.434836, 0.330973, 0.837481, 0.21, 0.45148, -0.724551, 0.52076, 0.0, 0.0, 0.0, 0.0, 1.0],
                [0.779155, 0.604551, 0.165633, 0.0, -0.400216, 0.27642, 0.873739, 0.21, 0.482435, -0.747067, 0.457326, 0.0, 0.0, 0.0, 0.0, 1.0],
                [0.779156, 0.604551, 0.165633, 0.0, -0.412572, 0.295669, 0.861606, 0.21, 0.471912, -0.739661, 0.479793, -0.0, 0.0, 0.0, 0.0, 1.0],
                [0.779156, 0.604551, 0.165633, 0.0, -0.44399, 0.345741, 0.826642, 0.21, 0.442481, -0.717622, 0.5378, -0.0, 0.0, 0.0, 0.0, 1.0],
                [0.779155, 0.604551, 0.165633, 0.0, -0.485129, 0.414253, 0.770094, 0.21, 0.396947, -0.680376, 0.616053, -0.0, 0.0, 0.0, 0.0, 1.0],
                [0.779156, 0.604551, 0.165633, 0.0, -0.526764, 0.488274, 0.695779, 0.21, 0.339759, -0.629369, 0.698897, 0.0, 0.0, 0.0, 0.0, 1.0],
                [0.779155, 0.604551, 0.165633, 0.0, -0.561691, 0.556077, 0.612603, 0.21, 0.278245, -0.570347, 0.772841, -0.0, 0.0, 0.0, 0.0, 1.0],
                [0.779156, 0.604551, 0.165633, 0.0, -0.586206, 0.609181, 0.534098, 0.21, 0.221989, -0.513241, 0.829038, -0.0, 0.0, 0.0, 0.0, 1.0],
                [0.779156, 0.604551, 0.165633, 0.0, -0.60006, 0.642973, 0.475935, 0.21, 0.181229, -0.470217, 0.863743, 0.0, 0.0, 0.0, 0.0, 1.0],
                [0.779156, 0.604551, 0.165633, 0.0, -0.604551, 0.654931, 0.453413, 0.21, 0.165633, -0.453413, 0.875775, -0.0, 0.0, 0.0, 0.0, 1.0]
            ]
        },
        {
            "name": "Thigh_FR",
            "time": [0.0417, 0.0833, 0.125, 0.1667, 0.2083, 0.25, 0.2917, 0.3333, 0.375, 0.4167, 0.4583, 0.5, 0.5417],
            "transform": [
                [0.857755, -0.482435, 0.177517, 0.0, 0.297113, 0.747067, 0.594655, 0.198494, -0.4195, -0.457325, 0.784139, -0.0, 0.0, 0.0, 0.0, 1.0],
                [0.830822, -0.517379, 0.205071, 0.0, 0.343742, 0.766836, 0.542037, 0.198494, -0.437694, -0.379845, 0.814949, 0.0, 0.0, 0.0, 0.0, 1.0],
                [0.80221, -0.548836, 0.235025, -0.0, 0.390948, 0.780401, 0.48799, 0.198494, -0.451241, -0.299588, 0.840612, 0.0, 0.0, 0.0, 0.0, 1.0],
                [0.851133, -0.497738, 0.166821, 0.0, 0.324122, 0.748254, 0.578844, 0.198494, -0.412937, -0.438603, 0.798192, 0.0, 0.0, 0.0, 0.0, 1.0],
                [0.928339, -0.366232, 0.063727, -0.0, 0.204841, 0.647034, 0.73443, 0.198494, -0.310205, -0.668745, 0.675686, -0.0, 0.0, 0.0, 0.0, 1.0],
                [0.973925, -0.226861, 0.002151, -0.0, 0.121861, 0.531104, 0.838498, 0.198494, -0.191364, -0.816372, 0.544901, 0.0, 0.0, 0.0, 0.0, 1.0],
                [0.992838, -0.116481, -0.026571, -0.0, 0.075703, 0.441294, 0.894164, 0.198494, -0.092427, -0.889771, 0.446951, 0.0, 0.0, 0.0, 0.0, 1.0],
                [0.998077, -0.04764, -0.039655, 0.0, 0.055111, 0.389226, 0.919492, 0.198494, -0.028369, -0.919909, 0.391104, -0.0, 0.0, 0.0, 0.0, 1.0],
                [0.998577, -0.02411, -0.047574, 0.0, 0.05314, 0.37359, 0.92607, 0.198494, -0.004555, -0.92728, 0.37434, 0.0, 0.0, 0.0, 0.0, 1.0],
                [0.994051, -0.105891, -0.025486, 0.0, 0.070765, 0.450048, 0.890196, 0.198494, -0.082793, -0.886704, 0.454864, 0.0, 0.0, 0.0, 0.0, 1.0],
                [0.95975, -0.278984, 0.032379, -0.0, 0.14806, 0.600547, 0.785761, 0.198494, -0.23866, -0.74934, 0.617682, -0.0, 0.0, 0.0, 0.0, 1.0],
                [0.895351, -0.42833, 0.121986, 0.0, 0.250841, 0.711328, 0.656575, 0.198494, -0.368003, -0.557266, 0.744331, 0.0, 0.0, 0.0, 0.0, 1.0],
                [0.857755, -0.482435, 0.177517, 0.0, 0.297113, 0.747067, 0.594655, 0.198494, -0.4195, -0.457325, 0.784139, -0.0, 0.0, 0.0, 0.0, 1.0]
            ]
        },
        {
            "name": "Leg_FR",
            "time": [0.0417, 0.0833, 0.125, 0.1667, 0.2083, 0.25, 0.2917, 0.3333, 0.375, 0.4167, 0.4583, 0.5, 0.5417],
            "transform": [
                [0.963086, 0.265274, 0.045781, 0.0, -0.265274, 0.906308, 0.328992, 0.21, 0.045781, -0.328992, 0.943222, 0.0, 0.0, 0.0, 0.0, 1.0],
                [0.986565, 0.162905, 0.012286, 0.0, -0.162011, 0.965926, 0.20184, 0.21, 0.021014, -0.201119, 0.979341, 0.0, 0.0, 0.0, 0.0, 1.0],
                [0.998462, 0.055004, -0.006902, 0.0, -0.054408, 0.996195, 0.068086, 0.21, 0.010621, -0.067606, 0.997656, 0.0, 0.0, 0.0, 0.0, 1.0],
                [0.981457, -0.191433, 0.009814, 0.0, 0.18828, 0.953158, -0.23673, 0.21, 0.035964, 0.234188, 0.971526, 0.0, 0.0, 0.0, 0.0, 1.0],
                [0.947065, -0.317356, 0.048519, -0.0, 0.310288, 0.866036, -0.39205, 0.21, 0.0824, 0.386352, 0.918663, 0.0, 0.0, 0.0, 0.0, 1.0],
                [0.956568, -0.289989, 0.029741, 0.0, 0.282299, 0.896061, -0.34261, 0.21, 0.072703, 0.336125, 0.939007, -0.0, 0.0, 0.0, 0.0, 1.0],
                [0.98054, -0.196161, -0.007899, 0.0, 0.191029, 0.962617, -0.192033, 0.21, 0.045273, 0.186787, 0.981357, -0.0, 0.0, 0.0, 0.0, 1.0],
                [0.999279, -0.020264, -0.032089, -0.0, 0.022125, 0.998028, 0.058736, 0.21, 0.030836, -0.059404, 0.997758, 0.0, 0.0, 0.0, 0.0, 1.0],
                [0.974409, 0.224659, 0.007403, 0.0, -0.211588, 0.905603, 0.367579, 0.21, 0.075875, -0.359739, 0.929963, -0.0, 0.0, 0.0, 0.0, 1.0],
                [0.872797, 0.465359, 0.147192, 0.0, -0.442626, 0.627573, 0.640495, 0.21, 0.205687, -0.624174, 0.753724, -0.0, 0.0, 0.0, 0.0, 1.0],
                [0.788841, 0.558769, 0.255943, -0.0, -0.532566, 0.413605, 0.738447, 0.21, 0.306762, -0.718824, 0.62385, -0.0, 0.0, 0.0, 0.0, 1.0],
                [0.890427, 0.436489, 0.128908, 0.0, -0.427092, 0.703492, 0.56806, 0.21, 0.157266, -0.560872, 0.812829, 0.0, 0.0, 0.0, 0.0, 1.0],
                [0.963086, 0.265274, 0.045781, 0.0, -0.265274, 0.906308, 0.328992, 0.21, 0.045781, -0.328992, 0.943222, 0.0, 0.0, 0.0, 0.0, 1.0]
            ]
        },
        {
            "name": "Paw_FR",
