{
    "animation": [
        {
            "name": "Root",
            "time": [0.0417, 0.0833, 0.125, 0.1667, 0.2083, 0.25, 0.2917, 0.3333, 0.375, 0.4167, 0.4583, 0.5, 0.5417, 0.5833, 0.625, 0.6667, 0.7083, 0.75, 0.7917, 0.8333, 0.875, 0.9167, 0.9583, 1.0, 1.0417, 1.0833, 1.125, 1.1667, 1.2083, 1.25, 1.2917, 2.625],
            "transform": [
                [1.0, 0.0, 0.0, 0.0, 0.0, 0.939693, 0.342019, -0.277059, 0.0, -0.342019, 0.939693, 0.43306, 0.0, 0.0, 0.0, 1.0],
                [1.0, 0.0, 0.0, 0.0, 0.0, 0.940224, 0.340558, -0.276407, 0.0, -0.340558, 0.940224, 0.43306, 0.0, 0.0, 0.0, 1.0],
                [1.0, 0.0, 0.0, 0.0, 0.0, 0.941721, 0.336395, -0.274511, 0.0, -0.336395, 0.941721, 0.43306, 0.0, 0.0, 0.0, 1.0],
                [1.0, 0.0, 0.0, 0.0, 0.0, 0.944032, 0.329854, -0.271459, 0.0, -0.329854, 0.944032, 0.43306, 0.0, 0.0, 0.0, 1.0],
                [1.0, 0.0, 0.0, 0.0, 0.0, 0.946992, 0.321257, -0.26734, 0.0, -0.321257, 0.946992, 0.43306, 0.0, 0.0, 0.0, 1.0],
                [1.0, 0.0, 0.0, 0.0, 0.0, 0.950435, 0.310925, -0.262244, 0.0, -0.310925, 0.950435, 0.43306, 0.0, 0.0, 0.0, 1.0],
                [1.0, 0.0, 0.0, 0.0, 0.0, 0.954196, 0.299182, -0.256259, 0.0, -0.299182, 0.954196, 0.43306, 0.0, 0.0, 0.0, 1.0],
                [1.0, 0.0, 0.0, 0.0, 0.0, 0.958122, 0.286359, -0.249474, 0.0, -0.286359, 0.958122, 0.43306, 0.0, 0.0, 0.0, 1.0],
                [1.0, 0.0, 0.0, 0.0, 0.0, 0.962074, 0.27279, -0.241977, 0.0, -0.27279, 0.962074, 0.43306, 0.0, 0.0, 0.0, 1.0],
                [1.0, 0.0, 0.0, 0.0, 0.0, 0.965926, 0.258818, -0.233859, 0.0, -0.258818, 0.965926, 0.43306, 0.0, 0.0, 0.0, 1.0],
                [1.0, 0.0, 0.0, 0.0, 0.0, 0.969576, 0.244791, -0.225207, 0.0, -0.244791, 0.969576, 0.43306, 0.0, 0.0, 0.0, 1.0],
                [1.0, 0.0, 0.0, 0.0, 0.0, 0.972938, 0.231065, -0.216111, 0.0, -0.231065, 0.972938, 0.43306, 0.0, 0.0, 0.0, 1.0],
                [1.0, 0.0, 0.0, 0.0, 0.0, 0.97595, 0.217996, -0.206659, 0.0, -0.217996, 0.97595, 0.43306, 0.0, 0.0, 0.0, 1.0],
                [1.0, 0.0, 0.0, 0.0, 0.0, 0.978563, 0.205945, -0.19694, 0.0, -0.205945, 0.978563, 0.43306, 0.0, 0.0, 0.0, 1.0],
                [1.0, 0.0, 0.0, 0.0, 0.0, 0.980748, 0.195276, -0.187044, 0.0, -0.195276, 0.980748, 0.43306, 0.0, 0.0, 0.0, 1.0],
                [1.0, 0.0, 0.0, 0.0, 0.0, 0.982483, 0.186351, -0.177059, 0.0, -0.186351, 0.982483, 0.43306, 0.0, 0.0, 0.0, 1.0],
                [1.0, 0.0, 0.0, 0.0, 0.0, 0.983752, 0.179531, -0.167074, 0.0, -0.179531, 0.983752, 0.43306, 0.0, 0.0, 0.0, 1.0],
                [1.0, 0.0, 0.0, 0.0, 0.0, 0.984537, 0.175177, -0.157177, 0.0, -0.175177, 0.984537, 0.43306, 0.0, 0.0, 0.0, 1.0],
                [1.0, 0.0, 0.0, 0.0, 0.0, 0.984808, 0.173647, -0.147459, 0.0, -0.173647, 0.984808, 0.43306, 0.0, 0.0, 0.0, 1.0],
                [1.0, 0.0, 0.0, 0.0, 0.0, 0.981483, 0.191551, -0.138007, 0.0, -0.191551, 0.981483, 0.43306, 0.0, 0.0, 0.0, 1.0],
                [1.0, 0.0, 0.0, 0.0, 0.0, 0.970503, 0.24109, -0.128911, 0.0, -0.24109, 0.970503, 0.43306, 0.0, 0.0, 0.0, 1.0],
                [1.0, 0.0, 0.0, 0.0, 0.0, 0.948871, 0.315665, -0.120259, 0.0, -0.315665, 0.948871, 0.43306, 0.0, 0.0, 0.0, 1.0],
                [1.0, 0.0, 0.0, 0.0, 0.0, 0.913112, 0.407708, -0.11214, 0.0, -0.407708, 0.913112, 0.43306, 0.0, 0.0, 0.0, 1.0],
                [1.0, 0.0, 0.0, 0.0, 0.0, 0.861069, 0.508489, -0.104644, 0.0, -0.508489, 0.861069, 0.43306, 0.0, 0.0, 0.0, 1.0],
                [1.0, 0.0, 0.0, 0.0, 0.0, 0.793354, 0.60876, -0.097859, 0.0, -0.60876, 0.793354, 0.43306, 0.0, 0.0, 0.0, 1.0],
                [1.0, 0.0, 0.0, 0.0, 0.0, 0.714026, 0.70012, -0.091874, 0.0, -0.70012, 0.714026, 0.43306, 0.0, 0.0, 0.0, 1.0],
                [1.0, 0.0, 0.0, 0.0, 0.0, 0.630149, 0.776474, -0.086777, 0.0, -0.776474, 0.630149, 0.43306, 0.0, 0.0, 0.0, 1.0],
                [1.0, 0.0, 0.0, 0.0, 0.0, 0.550498, 0.834837, -0.082659, 0.0, -0.834837, 0.550498, 0.43306, 0.0, 0.0, 0.0, 1.0],
                [1.0, 0.0, 0.0, 0.0, 0.0, 0.484062, 0.875034, -0.079607, 0.0, -0.875034, 0.484062, 0.43306, 0.0, 0.0, 0.0, 1.0],
                [1.0, 0.0, 0.0, 0.0, 0.0, 0.439053, 0.898461, -0.077711, 0.0, -0.898461, 0.439053, 0.43306, 0.0, 0.0, 0.0, 1.0],
                [1.0, 0.0, 0.0, 0.0, 0.0, 0.42262, 0.906307, -0.077059, 0.0, -0.906307, 0.42262, 0.43306, 0.0, 0.0, 0.0, 1.0],
                [1.0, 0.0, 0.0, 0.0, 0.0, 0.42262, 0.906307, -0.077059, 0.0, -0.906307, 0.42262, 0.43306, 0.0, 0.0, 0.0, 1.0]
            ]
        },
        {
            "name": "Torso",
            "time": [0.0417, 0.0833, 0.125, 0.1667, 0.2083, 0.25, 0.2917, 0.3333, 0.375, 0.4167, 0.4583, 0.5, 0.5417, 0.5833, 0.625, 0.6667, 0.7083, 0.75, 0.7917, 0.8333, 0.875, 0.9167, 0.9583, 1.0, 1.0417, 1.0833, 1.125, 1.1667, 1.2083, 1.25, 1.2917, 1.3333, 1.375, 1.4167, 1.4583, 1.5, 1.5417, 1.5833, 1.625, 1.6667, 1.7083, 2.625],
            "transform": [
                [1.0, 0.0, 0.0, 0.0, 0.0, 0.984807, 0.17365, 0.04, 0.0, -0.17365, 0.984807, -0.0, 0.0, 0.0, 0.0, 1.0],
                [1.0, 0.0, 0.0, 0.0, 0.0, 0.988309, 0.152462, 0.04, 0.0, -0.152462, 0.988309, -0.0, 0.0, 0.0, 0.0, 1.0],
                [1.0, 0.0, 0.0, 0.0, 0.0, 0.995553, 0.094204, 0.04, 0.0, -0.094204, 0.995553, -0.0, 0.0, 0.0, 0.0, 1.0],
                [1.0, 0.0, 0.0, 0.0, 0.0, 0.999977, 0.006846, 0.04, 0.0, -0.006846, 0.999977, -0.0, 0.0, 0.0, 0.0, 1.0],
                [1.0, 0.0, 0.0, 0.0, 0.0, 0.99495, -0.100375, 0.04, 0.0, 0.100375, 0.99495, 0.0, 0.0, 0.0, 0.0, 1.0],
                [1.0, 0.0, 0.0, 0.0, 0.0, 0.976296, -0.216438, 0.04, 0.0, 0.216438, 0.976296, 0.0, 0.0, 0.0, 0.0, 1.0],
                [1.0, 0.0, 0.0, 0.0, 0.0, 0.944152, -0.32951, 0.04, 0.0, 0.32951, 0.944152, 0.0, 0.0, 0.0, 0.0, 1.0],
                [1.0, 0.0, 0.0, 0.0, 0.0, 0.903395, -0.42881, 0.04, 0.0, 0.42881, 0.903395, -0.0, 0.0, 0.0, 0.0, 1.0],
                [1.0, 0.0, 0.0, 0.0, 0.0, 0.862467, -0.506114, 0.04, 0.0, 0.506114, 0.862467, 0.0, 0.0, 0.0, 0.0, 1.0],
                [1.0, 0.0, 0.0, 0.0, 0.0, 0.831281, -0.555853, 0.04, 0.0, 0.555853, 0.831281, 0.0, 0.0, 0.0, 0.0, 1.0],
                [1.0, 0.0, 0.0, 0.0, 0.0, 0.819153, -0.573575, 0.04, 0.0, 0.573575, 0.819153, -0.0, 0.0, 0.0, 0.0, 1.0],
                [1.0, 0.0, 0.0, 0.0, 0.0, 0.819153, -0.573575, 0.04, 0.0, 0.573575, 0.819153, 0.0, 0.0, 0.0, 0.0, 1.0],
                [1.0, 0.0, 0.0, 0.0, 0.0, 0.819153, -0.573575, 0.04, 0.0, 0.573575, 0.819153, 0.0, 0.0, 0.0, 0.0, 1.0],
                [1.0, 0.0, 0.0, 0.0, 0.0, 0.819153, -0.573575, 0.04, 0.0, 0.573575, 0.819153, 0.0, 0.0, 0.0, 0.0, 1.0],
                [1.0, 0.0, 0.0, 0.0, 0.0, 0.819153, -0.573575, 0.04, 0.0, 0.573575, 0.819153, 0.0, 0.0, 0.0, 0.0, 1.0],
                [1.0, 0.0, 0.0, 0.0, 0.0, 0.819153, -0.573575, 0.04, 0.0, 0.573575, 0.819153, 0.0, 0.0, 0.0, 0.0, 1.0],
                [1.0, 0.0, 0.0, 0.0, 0.0, 0.819153, -0.573575, 0.04, 0.0, 0.573575, 0.819153, -0.0, 0.0, 0.0, 0.0, 1.0],
                [1.0, 0.0, 0.0, 0.0, 0.0, 0.819153, -0.573575, 0.04, 0.0, 0.573575, 0.819153, -0.0, 0.0, 0.0, 0.0, 1.0],
                [1.0, 0.0, 0.0, 0.0, 0.0, 0.819153, -0.573575, 0.04, 0.0, 0.573575, 0.819153, 0.0, 0.0, 0.0, 0.0, 1.0],
                [1.0, 0.0, 0.0, 0.0, 0.0, 0.819153, -0.573575, 0.04, 0.0, 0.573575, 0.819153, -0.0, 0.0, 0.0, 0.0, 1.0],
                [1.0, 0.0, 0.0, 0.0, 0.0, 0.819153, -0.573575, 0.04, 0.0, 0.573575, 0.819153, 0.0, 0.0, 0.0, 0.0, 1.0],
                [1.0, 0.0, 0.0, 0.0, 0.0, 0.819153, -0.573575, 0.04, 0.0, 0.573575, 0.819153, -0.0, 0.0, 0.0, 0.0, 1.0],
                [1.0, 0.0, 0.0, 0.0, 0.0, 0.819153, -0.573575, 0.04, 0.0, 0.573575, 0.819153, -0.0, 0.0, 0.0, 0.0, 1.0],
                [1.0, 0.0, 0.0, 0.0, 0.0, 0.819153, -0.573575, 0.04, 0.0, 0.573575, 0.819153, 0.0, 0.0, 0.0, 0.0, 1.0],
                [1.0, 0.0, 0.0, 0.0, 0.0, 0.819153, -0.573575, 0.04, 0.0, 0.573575, 0.819153, 0.0, 0.0, 0.0, 0.0, 1.0],
                [1.0, 0.0, 0.0, 0.0, 0.0, 0.819153, -0.573575, 0.04, 0.0, 0.573575, 0.819153, -0.0, 0.0, 0.0, 0.0, 1.0],
                [1.0, 0.0, 0.0, 0.0, 0.0, 0.842942, -0.538004, 0.04, 0.0, 0.538004, 0.842942, 0.0, 0.0, 0.0, 0.0, 1.0],
                [1.0, 0.0, 0.0, 0.0, 0.0, 0.897003, -0.442025, 0.04, 0.0, 0.442025, 0.897003, 0.0, 0.0, 0.0, 0.0, 1.0],
                [1.0, 0.0, 0.0, 0.0, 0.0, 0.953003, -0.302961, 0.04, 0.0, 0.302961, 0.953003, 0.0, 0.0, 0.0, 0.0, 1.0],
                [1.0, 0.0, 0.0, 0.0, 0.0, 0.989346, -0.145583, 0.04, 0.0, 0.145583, 0.989346, 0.0, 0.0, 0.0, 0.0, 1.0],
                [1.0, 0.0, 0.0, 0.0, 0.0, 1.0, 2e-06, 0.04, 0.0, -2e-06, 1.0, -0.0, 0.0, 0.0, 0.0, 1.0],
                [1.0, 0.0, 0.0, 0.0, 0.0, 0.993134, 0.116987, 0.04, 0.0, -0.116987, 0.993134, -0.0, 0.0, 0.0, 0.0, 1.0],
                [1.0, 0.0, 0.0, 0.0, 0.0, 0.977826, 0.209421, 0.04, 0.0, -0.209421, 0.977826, -0.0, 0.0, 0.0, 0.0, 1.0],
                [1.0, 0.0, 0.0, 0.0, 0.0, 0.959958, 0.280144, 0.04, 0.0, -0.280144, 0.959958, -0.0, 0.0, 0.0, 0.0, 1.0],
                [1.0, 0.0, 0.0, 0.0, 0.0, 0.943104, 0.332499, 0.04, 0.0, -0.332499, 0.943104, -0.0, 0.0, 0.0, 0.0, 1.0],
                [1.0, 0.0, 0.0, 0.0, 0.0, 0.929138, 0.369733, 0.04, 0.0, -0.369733, 0.929138, -0.0, 0.0, 0.0, 0.0, 1.0],
                [1.0, 0.0, 0.0, 0.0, 0.0, 0.918774, 0.394785, 0.04, 0.0, -0.394785, 0.918774, -0.0, 0.0, 0.0, 0.0, 1.0],
                [1.0, 0.0, 0.0, 0.0, 0.0, 0.911961, 0.410277, 0.04, 0.0, -0.410277, 0.911961, -0.0, 0.0, 0.0, 0.0, 1.0],
                [1.0, 0.0, 0.0, 0.0, 0.0, 0.908174, 0.418592, 0.04, 0.0, -0.418592, 0.908174, -0.0, 0.0, 0.0, 0.0, 1.0],
                [1.0, 0.0, 0.0, 0.0, 0.0, 0.906607, 0.421977, 0.04, 0.0, -0.421977, 0.906607, -0.0, 0.0, 0.0, 0.0, 1.0],
                [1.0, 0.0, 0.0, 0.0, 0.0, 0.906307, 0.42262, 0.04, 0.0, -0.42262, 0.906307, -0.0, 0.0, 0.0, 0.0, 1.0],
                [1.0, 0.0, 0.0, 0.0, 0.0, 0.906307, 0.42262, 0.04, 0.0, -0.42262, 0.906307, -0.0, 0.0, 0.0, 0.0, 1.0]
            ]
        },
        {
            "name": "Chest",
            "time": [0.0417, 0.0833, 0.125, 0.1667, 0.2083, 0.25, 0.2917, 0.3333, 0.375, 0.4167, 0.4583, 0.5, 0.5417, 0.5833, 0.625, 0.6667, 0.7083, 0.75, 0.7917, 0.8333, 0.875, 0.9167, 0.9583, 1.0, 1.0417, 1.0833, 1.125, 1.1667, 1.2083, 1.25, 1.2917, 1.3333, 1.375, 1.4167, 1.4583, 1.5, 1.5417, 1.5833, 2.625],
            "transform": [
                [1.0, 0.0, 0.0, 0.0, 0.0, 0.965926, -0.258819, 0.09, 0.0, 0.258819, 0.965926, -0.0, 0.0, 0.0, 0.0, 1.0],
                [1.0, 0.0, 0.0, 0.0, 0.0, 0.964949, -0.262438, 0.09, 0.0, 0.262438, 0.964949, 0.0, 0.0, 0.0, 0.0, 1.0],
                [1.0, 0.0, 0.0, 0.0, 0.0, 0.962308, -0.271963, 0.09, 0.0, 0.271963, 0.962308, -0.0, 0.0, 0.0, 0.0, 1.0],
                [1.0, 0.0, 0.0, 0.0, 0.0, 0.958413, -0.285386, 0.09, 0.0, 0.285386, 0.958413, 0.0, 0.0, 0.0, 0.0, 1.0],
                [1.0, 0.0, 0.0, 0.0, 0.0, 0.953717, -0.300706, 0.09, 0.0, 0.300706, 0.953717, -0.0, 0.0, 0.0, 0.0, 1.0],
                [1.0, 0.0, 0.0, 0.0, 0.0, 0.948776, -0.315949, 0.09, 0.0, 0.315949, 0.948776, -0.0, 0.0, 0.0, 0.0, 1.0],
                [1.0, 0.0, 0.0, 0.0, 0.0, 0.944268, -0.329178, 0.09, 0.0, 0.329178, 0.944268, 0.0, 0.0, 0.0, 0.0, 1.0],
                [1.0, 0.0, 0.0, 0.0, 0.0, 0.940968, -0.338495, 0.09, 0.0, 0.338495, 0.940968, -0.0, 0.0, 0.0, 0.0, 1.0],
                [1.0, 0.0, 0.0, 0.0, 0.0, 0.939693, -0.34202, 0.09, 0.0, 0.34202, 0.939693, 0.0, 0.0, 0.0, 0.0, 1.0],
                [1.0, 0.0, 0.0, 0.0, 0.0, 0.939693, -0.34202, 0.09, 0.0, 0.34202, 0.939693, -0.0, 0.0, 0.0, 0.0, 1.0],
                [1.0, 0.0, 0.0, 0.0, 0.0, 0.939693, -0.34202, 0.09, 0.0, 0.34202, 0.939693, 0.0, 0.0, 0.0, 0.0, 1.0],
                [1.0, 0.0, 0.0, 0.0, 0.0, 0.939693, -0.34202, 0.09, 0.0, 0.34202, 0.939693, 0.0, 0.0, 0.0, 0.0, 1.0],
                [1.0, 0.0, 0.0, 0.0, 0.0, 0.939693, -0.34202, 0.09, 0.0, 0.34202, 0.939693, 0.0, 0.0, 0.0, 0.0, 1.0],
                [1.0, 0.0, 0.0, 0.0, 0.0, 0.939693, -0.34202, 0.09, 0.0, 0.34202, 0.939693, -0.0, 0.0, 0.0, 0.0, 1.0],
                [1.0, 0.0, 0.0, 0.0, 0.0, 0.939693, -0.34202, 0.09, 0.0, 0.34202, 0.939693, -0.0, 0.0, 0.0, 0.0, 1.0],
                [1.0, 0.0, 0.0, 0.0, 0.0, 0.939693, -0.34202, 0.09, 0.0, 0.34202, 0.939693, 0.0, 0.0, 0.0, 0.0, 1.0],
                [1.0, 0.0, 0.0, 0.0, 0.0, 0.939693, -0.34202, 0.09, 0.0, 0.34202, 0.939693, 0.0, 0.0, 0.0, 0.0, 1.0],
                [1.0, 0.0, 0.0, 0.0, 0.0, 0.939693, -0.34202, 0.09, 0.0, 0.34202, 0.939693, -0.0, 0.0, 0.0, 0.0, 1.0],
                [1.0, 0.0, 0.0, 0.0, 0.0, 0.939693, -0.34202, 0.09, 0.0, 0.34202, 0.939693, 0.0, 0.0, 0.0, 0.0, 1.0],
                [1.0, 0.0, 0.0, 0.0, 0.0, 0.939693, -0.34202, 0.09, 0.0, 0.34202, 0.939693, 0.0, 0.0, 0.0, 0.0, 1.0],
                [1.0, 0.0, 0.0, 0.0, 0.0, 0.939693, -0.34202, 0.09, 0.0, 0.34202, 0.939693, -0.0, 0.0, 0.0, 0.0, 1.0],
                [1.0, 0.0, 0.0, 0.0, 0.0, 0.939693, -0.34202, 0.09, 0.0, 0.34202, 0.939693, 0.0, 0.0, 0.0, 0.0, 1.0],
                [1.0, 0.0, 0.0, 0.0, 0.0, 0.939693, -0.34202, 0.09, 0.0, 0.34202, 0.939693, -0.0, 0.0, 0.0, 0.0, 1.0],
                [1.0, 0.0, 0.0, 0.0, 0.0, 0.941565, -0.336831, 0.09, 0.0, 0.336831, 0.941565, 0.0, 0.0, 0.0, 0.0, 1.0],
                [1.0, 0.0, 0.0, 0.0, 0.0, 0.946686, -0.322158, 0.09, 0.0, 0.322158, 0.946686, 0.0, 0.0, 0.0, 0.0, 1.0],
                [1.0, 0.0, 0.0, 0.0, 0.0, 0.954164, -0.299284, 0.09, 0.0, 0.299285, 0.954164, 0.0, 0.0, 0.0, 0.0, 1.0],
                [1.0, 0.0, 0.0, 0.0, 0.0, 0.963005, -0.269482, 0.09, 0.0, 0.269482, 0.963005, -0.0, 0.0, 0.0, 0.0, 1.0],
                [1.0, 0.0, 0.0, 0.0, 0.0, 0.972219, -0.234072, 0.09, 0.0, 0.234072, 0.972219, 0.0, 0.0, 0.0, 0.0, 1.0],
                [1.0, 0.0, 0.0, 0.0, 0.0, 0.98091, -0.194464, 0.09, 0.0, 0.194464, 0.98091, 0.0, 0.0, 0.0, 0.0, 1.0],
                [1.0, 0.0, 0.0, 0.0, 0.0, 0.988353, -0.152176, 0.09, 0.0, 0.152176, 0.988353, -0.0, 0.0, 0.0, 0.0, 1.0],
                [1.0, 0.0, 0.0, 0.0, 0.0, 0.994062, -0.108813, 0.09, 0.0, 0.108813, 0.994062, -0.0, 0.0, 0.0, 0.0, 1.0],
                [1.0, 0.0, 0.0, 0.0, 0.0, 0.997817, -0.06604, 0.09, 0.0, 0.06604, 0.997817, -0.0, 0.0, 0.0, 0.0, 1.0],
                [1.0, 0.0, 0.0, 0.0, 0.0, 0.999674, -0.025533, 0.09, 0.0, 0.025533, 0.999674, -0.0, 0.0, 0.0, 0.0, 1.0],
                [1.0, 0.0, 0.0, 0.0, 0.0, 0.999939, 0.011056, 0.09, 0.0, -0.011056, 0.999939, -0.0, 0.0, 0.0, 0.0, 1.0],
                [1.0, 0.0, 0.0, 0.0, 0.0, 0.999112, 0.042131, 0.09, 0.0, -0.042131, 0.999112, 0.0, 0.0, 0.0, 0.0, 1.0],
                [1.0, 0.0, 0.0, 0.0, 0.0, 0.997809, 0.06616, 0.09, 0.0, -0.06616, 0.997809, 0.0, 0.0, 0.0, 0.0, 1.0],
                [1.0, 0.0, 0.0, 0.0, 0.0, 0.99666, 0.081659, 0.09, 0.0, -0.081659, 0.99666, -0.0, 0.0, 0.0, 0.0, 1.0],
                [1.0, 0.0, 0.0, 0.0, 0.0, 0.996195, 0.087156, 0.09, 0.0, -0.087156, 0.996195, -0.0, 0.0, 0.0, 0.0, 1.0],
                [1.0, 0.0, 0.0, 0.0, 0.0, 0.996195, 0.087156, 0.09, 0.0, -0.087156, 0.996195, 0.0, 0.0, 0.0, 0.0, 1.0]
            ]
        },
        {
            "name": "Chest_Upper",
            "time": [0.0417, 0.0833, 0.125, 0.1667, 0.2083, 0.25, 0.2917, 0.3333, 0.375, 0.4167, 0.4583, 0.5, 0.5417, 0.5833, 0.625, 0.6667, 0.7083, 0.75, 0.7917, 0.8333, 0.875, 0.9167, 0.9583, 1.0, 1.0417, 1.0833, 1.125, 1.1667, 1.2083, 1.25, 1.2917, 1.3333, 1.375, 1.4167, 1.4583, 1.5, 1.5417, 1.5833, 2.625],
            "transform": [
                [0.996195, 0.086824, -0.007596, 0.0, -0.084186, 0.936031, -0.3417, 0.21, -0.022558, 0.341039, 0.939778, -0.0, 0.0, 0.0, 0.0, 1.0],
                [0.996195, 0.086824, -0.007596, 0.0, -0.084186, 0.936031, -0.3417, 0.21, -0.022558, 0.341039, 0.939779, 0.0, 0.0, 0.0, 0.0, 1.0],
                [0.996195, 0.086824, -0.007596, 0.0, -0.084186, 0.936031, -0.3417, 0.21, -0.022558, 0.341039, 0.939779, -0.0, 0.0, 0.0, 0.0, 1.0],
                [0.996195, 0.086824, -0.007596, 0.0, -0.084186, 0.936031, -0.3417, 0.21, -0.022558, 0.341039, 0.939778, 0.0, 0.0, 0.0, 0.0, 1.0],
                [0.996195, 0.086824, -0.007596, 0.0, -0.084186, 0.936031, -0.3417, 0.21, -0.022558, 0.341039, 0.939779, 0.0, 0.0, 0.0, 0.0, 1.0],
                [0.996195, 0.086824, -0.007596, 0.0, -0.084186, 0.936031, -0.3417, 0.21, -0.022558, 0.341039, 0.939779, 0.0, 0.0, 0.0, 0.0, 1.0],
                [0.996195, 0.086824, -0.007596, 0.0, -0.084186, 0.936031, -0.3417, 0.21, -0.022558, 0.341039, 0.939779, 0.0, 0.0, 0.0, 0.0, 1.0],
                [0.996195, 0.086824, -0.007596, 0.0, -0.084186, 0.936031, -0.3417, 0.21, -0.022558, 0.341039, 0.939779, 0.0, 0.0, 0.0, 0.0, 1.0],
                [0.996195, 0.086824, -0.007596, 0.0, -0.084186, 0.936031, -0.3417, 0.21, -0.022558, 0.341039, 0.939779, 0.0, 0.0, 0.0, 0.0, 1.0],
                [0.996195, 0.086824, -0.007596, 0.0, -0.084186, 0.936031, -0.3417, 0.21, -0.022558, 0.341039, 0.939779, 0.0, 0.0, 0.0, 0.0, 1.0],
                [0.996195, 0.086824, -0.007596, 0.0, -0.084186, 0.936031, -0.3417, 0.21, -0.022558, 0.341039, 0.939778, -0.0, 0.0, 0.0, 0.0, 1.0],
                [0.996195, 0.086824, -0.007596, 0.0, -0.084552, 0.941617, -0.325896, 0.21, -0.021143, 0.325298, 0.945375, -0.0, 0.0, 0.0, 0.0, 1.0],
                [0.996195, 0.086824, -0.007596, 0.0, -0.085459, 0.955973, -0.280736, 0.21, -0.017113, 0.280317, 0.959755, 0.0, 0.0, 0.0, 0.0, 1.0],
                [0.996195, 0.086824, -0.007596, 0.0, -0.086491, 0.974085, -0.208991, 0.21, -0.010746, 0.208853, 0.977888, 0.0, 0.0, 0.0, 0.0, 1.0],
                [0.996195, 0.086824, -0.007596, 0.0, -0.087124, 0.989689, -0.113689, 0.21, -0.002353, 0.113918, 0.993487, -0.0, 0.0, 0.0, 0.0, 1.0],
                [0.996195, 0.086824, -0.007596, 0.0, -0.086821, 0.996224, 0.000726, 0.21, 0.007631, -6.4e-05, 0.999971, 0.0, 0.0, 0.0, 0.0, 1.0],
                [0.996195, 0.086824, -0.007596, 0.0, -0.085148, 0.988142, 0.127768, 0.21, 0.018599, -0.126635, 0.991775, 0.0, 0.0, 0.0, 0.0, 1.0],
                [0.996195, 0.086824, -0.007596, 0.0, -0.0819, 0.962363, 0.259131, 0.21, 0.029809, -0.257523, 0.965812, 0.0, 0.0, 0.0, 0.0, 1.0],
                [0.996195, 0.086824, -0.007596, 0.0, -0.077183, 0.919329, 0.385847, 0.21, 0.040484, -0.383792, 0.922532, -0.0, 0.0, 0.0, 0.0, 1.0],
                [0.996195, 0.086824, -0.007596, 0.0, -0.071414, 0.863117, 0.499929, 0.21, 0.049962, -0.497484, 0.866033, 0.0, 0.0, 0.0, 0.0, 1.0],
                [0.996195, 0.086824, -0.007596, 0.0, -0.065228, 0.80053, 0.595732, 0.21, 0.057805, -0.59297, 0.803147, 0.0, 0.0, 0.0, 0.0, 1.0],
                [0.996195, 0.086824, -0.007596, 0.0, -0.059348, 0.739599, 0.670426, 0.21, 0.063827, -0.667424, 0.741938, 0.0, 0.0, 0.0, 0.0, 1.0],
                [0.996195, 0.086824, -0.007596, 0.0, -0.054466, 0.688216, 0.723458, 0.21, 0.068041, -0.720292, 0.690326, 0.0, 0.0, 0.0, 0.0, 1.0],
                [0.996195, 0.086824, -0.007596, 0.0, -0.05118, 0.653314, 0.755355, 0.21, 0.070546, -0.752092, 0.655272, -0.0, 0.0, 0.0, 0.0, 1.0],
                [0.996195, 0.086824, -0.007596, 0.0, -0.04999, 0.640613, 0.766235, 0.21, 0.071394, -0.762939, 0.642516, -0.0, 0.0, 0.0, 0.0, 1.0],
                [0.996195, 0.086824, -0.007596, 0.0, -0.051278, 0.65435, 0.754451, 0.21, 0.070475, -0.751191, 0.656313, -0.0, 0.0, 0.0, 0.0, 1.0],
                [0.996195, 0.086824, -0.007596, 0.0, -0.054803, 0.69179, 0.720016, 0.21, 0.06777, -0.71686, 0.693916, -0.0, 0.0, 0.0, 0.0, 1.0],
                [0.996195, 0.086824, -0.007596, 0.0, -0.059981, 0.746205, 0.663008, 0.21, 0.063233, -0.66003, 0.748574, 0.0, 0.0, 0.0, 0.0, 1.0],
                [0.996195, 0.086824, -0.007596, 0.0, -0.06611, 0.809558, 0.583305, 0.21, 0.056794, -0.580583, 0.812218, 0.0, 0.0, 0.0, 0.0, 1.0],
                [0.996195, 0.086824, -0.007596, 0.0, -0.072409, 0.872993, 0.482327, 0.21, 0.048509, -0.479942, 0.875958, -0.0, 0.0, 0.0, 0.0, 1.0],
                [0.996195, 0.086824, -0.007596, 0.0, -0.078104, 0.928009, 0.364278, 0.21, 0.038677, -0.362298, 0.931259, 0.0, 0.0, 0.0, 0.0, 1.0],
                [0.996195, 0.086824, -0.007596, 0.0, -0.082577, 0.968142, 0.236392, 0.21, 0.027879, -0.234865, 0.971628, 0.0, 0.0, 0.0, 0.0, 1.0],
                [0.996195, 0.086824, -0.007596, 0.0, -0.085502, 0.990469, 0.107987, 0.21, 0.0169, -0.106926, 0.994123, 0.0, 0.0, 0.0, 0.0, 1.0],
                [0.996195, 0.086824, -0.007596, 0.0, -0.086906, 0.996153, -0.011285, 0.21, 0.006587, 0.011903, 0.999907, 0.0, 0.0, 0.0, 0.0, 1.0],
                [0.996195, 0.086824, -0.007596, 0.0, -0.087125, 0.989758, -0.113084, 0.21, -0.0023, 0.113315, 0.993556, 0.0, 0.0, 0.0, 0.0, 1.0],
                [0.996195, 0.086824, -0.007596, 0.0, -0.086672, 0.977729, -0.19114, 0.21, -0.009169, 0.191071, 0.981533, 0.0, 0.0, 0.0, 0.0, 1.0],
                [0.996195, 0.086824, -0.007596, 0.0, -0.086092, 0.966718, -0.240923, 0.21, -0.013575, 0.24066, 0.970514, 0.0, 0.0, 0.0, 0.0, 1.0],
                [0.996195, 0.086824, -0.007596, 0.0, -0.085832, 0.962193, -0.258492, 0.21, -0.015134, 0.258161, 0.965984, 0.0, 0.0, 0.0, 0.0, 1.0],
                [0.996195, 0.086824, -0.007596, 0.0, -0.085832, 0.962193, -0.258492, 0.21, -0.015134, 0.258161, 0.965983, -0.0, 0.0, 0.0, 0.0, 1.0]
            ]
        },
        {
            "name": "Head",
            "time": [0.0417, 0.0833, 0.125, 0.1667, 0.2083, 0.25, 0.2917, 0.3333, 0.375, 0.4167, 0.4583, 0.5, 0.5417, 0.5833, 0.625, 0.6667, 0.7083, 0.75, 0.7917, 0.8333, 0.875, 0.9167, 0.9583, 1.0, 1.0417, 1.0833, 2.625],
            "transform": [
                [0.996195, -0.085506, 0.016878, 0.0, 0.086824, 0.990496, -0.106674, 0.25, -0.007596, 0.107733, 0.994151, 0.0, 0.0, 0.0, 0.0, 1.0],
                [0.996195, -0.085281, 0.017981, -0.0, 0.086824, 0.989036, -0.119457, 0.25, -0.007596, 0.120564, 0.992677, 0.0, 0.0, 0.0, 0.0, 1.0],
                [0.996195, -0.084655, 0.020727, 0.0, 0.086824, 0.98466, -0.151349, 0.25, -0.007596, 0.152572, 0.988263, -0.0, 0.0, 0.0, 0.0, 1.0],
                [0.996195, -0.08371, 0.024266, 0.0, 0.086824, 0.97743, -0.192595, 0.25, -0.007596, 0.193969, 0.980978, 0.0, 0.0, 0.0, 0.0, 1.0],
                [0.996195, -0.082616, 0.027762, -0.0, 0.086824, 0.968472, -0.233502, 0.25, -0.007596, 0.235024, 0.97196, -0.0, 0.0, 0.0, 0.0, 1.0],
                [0.996195, -0.081676, 0.030417, -0.0, 0.086824, 0.960423, -0.264669, 0.25, -0.007596, 0.266303, 0.963859, -0.0, 0.0, 0.0, 0.0, 1.0],
                [0.996195, -0.081276, 0.031469, 0.0, 0.086824, 0.956924, -0.277051, 0.25, -0.007596, 0.278729, 0.96034, -0.0, 0.0, 0.0, 0.0, 1.0],
                [0.996195, -0.081276, 0.031469, 0.0, 0.086824, 0.956924, -0.277051, 0.25, -0.007596, 0.278729, 0.96034, -0.0, 0.0, 0.0, 0.0, 1.0],
                [0.996195, -0.081276, 0.031469, 0.0, 0.086824, 0.956924, -0.277051, 0.25, -0.007596, 0.278729, 0.96034, 0.0, 0.0, 0.0, 0.0, 1.0],
                [0.996195, -0.081276, 0.031469, 0.0, 0.086824, 0.956924, -0.277051, 0.25, -0.007596, 0.278729, 0.96034, -0.0, 0.0, 0.0, 0.0, 1.0],
                [0.996195, -0.081276, 0.031469, -0.0, 0.086824, 0.956924, -0.277051, 0.25, -0.007596, 0.278729, 0.96034, -0.0, 0.0, 0.0, 0.0, 1.0],
                [0.996195, -0.081276, 0.031469, 0.0, 0.086824, 0.956924, -0.277051, 0.25, -0.007596, 0.278729, 0.96034, -0.0, 0.0, 0.0, 0.0, 1.0],
                [0.996195, -0.081276, 0.031469, -0.0, 0.086824, 0.956924, -0.277051, 0.25, -0.007596, 0.278729, 0.96034, 0.0, 0.0, 0.0, 0.0, 1.0],
                [0.996195, -0.081276, 0.031469, -0.0, 0.086824, 0.956924, -0.277051, 0.25, -0.007596, 0.278729, 0.96034, -0.0, 0.0, 0.0, 0.0, 1.0],
                [0.996195, -0.081276, 0.031469, 0.0, 0.086824, 0.956924, -0.277051, 0.25, -0.007596, 0.278729, 0.96034, 0.0, 0.0, 0.0, 0.0, 1.0],
                [0.996195, -0.081276, 0.031469, 0.0, 0.086824, 0.956924, -0.277051, 0.25, -0.007596, 0.278729, 0.96034, -0.0, 0.0, 0.0, 0.0, 1.0],
                [0.996193, -0.083582, 0.024775, 0.0, 0.086845, 0.976246, -0.1985, 0.25, -0.007596, 0.199896, 0.979788, -0.0, 0.0, 0.0, 0.0, 1.0],
                [0.99619, -0.086707, 0.009368, -0.0, 0.08688, 0.996019, -0.019953, 0.25, -0.0076, 0.020691, 0.999757, 0.0, 0.0, 0.0, 0.0, 1.0],
                [0.996189, -0.086986, -0.006359, 0.0, 0.086886, 0.983394, 0.159334, 0.25, -0.007607, -0.159279, 0.987204, -0.0, 0.0, 0.0, 0.0, 1.0],
                [0.996195, -0.086122, -0.013385, 0.0, 0.086824, 0.967246, 0.238529, 0.25, -0.007596, -0.238783, 0.971043, 0.0, 0.0, 0.0, 0.0, 1.0],
                [0.996201, -0.086214, -0.012252, -0.0, 0.086749, 0.970298, 0.225822, 0.25, -0.007581, -0.226028, 0.974091, -0.0, 0.0, 0.0, 0.0, 1.0],
                [0.996203, -0.086543, -0.009457, -0.0, 0.086728, 0.977093, 0.194337, 0.25, -0.007578, -0.194419, 0.980889, -0.0, 0.0, 0.0, 0.0, 1.0],
                [0.996202, -0.086879, -0.005816, -0.0, 0.086743, 0.984384, 0.153176, 0.25, -0.007583, -0.153099, 0.988182, -0.0, 0.0, 0.0, 0.0, 1.0],
                [0.996199, -0.08708, -0.002164, 0.0, 0.086776, 0.98994, 0.111754, 0.25, -0.007589, -0.111517, 0.993734, -0.0, 0.0, 0.0, 0.0, 1.0],
                [0.996196, -0.087138, 0.000649, -0.0, 0.086809, 0.993027, 0.079762, 0.25, -0.007595, -0.079402, 0.996814, -0.0, 0.0, 0.0, 0.0, 1.0],
                [0.996195, -0.087138, 0.001774, -0.0, 0.086824, 0.993972, 0.066944, 0.25, -0.007597, -0.066536, 0.997755, 0.0, 0.0, 0.0, 0.0, 1.0],
                [0.996195, -0.087138, 0.001774, -0.0, 0.086824, 0.993972, 0.066945, 0.25, -0.007597, -0.066536, 0.997755, -0.0, 0.0, 0.0, 0.0, 1.0]
            ]
        },
        {
            "name": "Snout",
            "time": [0.0417, 0.0833, 0.125, 0.1667, 0.2083, 0.25, 0.2917, 0.3333, 0.375, 0.4167, 0.4583, 0.5, 0.5417, 0.5833, 0.625, 0.6667, 0.7083, 0.75, 0.7917, 0.8333, 0.875, 0.9167, 0.9583, 1.0, 1.0417, 2.625],
            "transform": [
                [1.0, -0.0, 0.0, 0.0, 0.0, 1.0, -0.0, 0.36, -0.0, -0.0, 1.0, -0.15, 0.0, 0.0, 0.0, 1.0],
                [1.0, 0.0, 0.0, 0.0, -0.0, 0.999917, -0.012915, 0.36, 0.0, 0.012915, 0.999917, -0.15, 0.0, 0.0, 0.0, 1.0],
                [1.0, 0.0, 0.0, 0.0, 0.0, 0.998977, -0.045213, 0.36, -0.0, 0.045213, 0.998977, -0.15, 0.0, 0.0, 0.0, 1.0],
                [1.0, 0.0, -0.0, 0.0, 0.0, 0.996195, -0.087156, 0.36, 0.0, 0.087156, 0.996195, -0.15, 0.0, 0.0, 0.0, 1.0],
                [1.0, 0.0, 0.0, 0.0, -0.0, 0.991652, -0.128944, 0.36, 0.0, 0.128944, 0.991652, -0.15, 0.0, 0.0, 0.0, 1.0],
                [1.0, 0.0, 0.0, -0.0, 0.0, 0.986968, -0.160915, 0.36, 0.0, 0.160915, 0.986968, -0.15, 0.0, 0.0, 0.0, 1.0],
                [1.0, 0.0, 0.0, 0.0, 0.0, 0.984808, -0.173648, 0.36, 0.0, 0.173648, 0.984808, -0.15, 0.0, 0.0, 0.0, 1.0],
                [1.0, 0.0, 0.0, 0.0, -0.0, 0.984808, -0.173648, 0.36, -0.0, 0.173648, 0.984808, -0.15, 0.0, 0.0, 0.0, 1.0],
                [1.0, 0.0, 0.0, 0.0, 0.0, 0.984808, -0.173648, 0.36, 0.0, 0.173648, 0.984808, -0.15, 0.0, 0.0, 0.0, 1.0],
                [1.0, 0.0, 0.0, -0.0, 0.0, 0.984808, -0.173648, 0.36, 0.0, 0.173648, 0.984808, -0.15, 0.0, 0.0, 0.0, 1.0],
                [1.0, -0.0, -0.0, -0.0, 0.0, 0.984808, -0.173648, 0.36, -0.0, 0.173648, 0.984808, -0.15, 0.0, 0.0, 0.0, 1.0],
                [1.0, -0.0, 0.0, 0.0, -0.0, 0.984808, -0.173648, 0.36, 0.0, 0.173648, 0.984808, -0.15, 0.0, 0.0, 0.0, 1.0],
                [1.0, -0.0, 0.0, -0.0, 0.0, 0.984808, -0.173648, 0.36, 0.0, 0.173648, 0.984808, -0.15, 0.0, 0.0, 0.0, 1.0],
                [1.0, 0.0, -0.0, 0.0, 0.0, 0.984808, -0.173648, 0.36, 0.0, 0.173648, 0.984808, -0.15, 0.0, 0.0, 0.0, 1.0],
                [1.0, -0.0, -0.0, 0.0, -0.0, 0.984808, -0.173648, 0.36, -0.0, 0.173648, 0.984808, -0.15, 0.0, 0.0, 0.0, 1.0],
                [1.0, 0.0, 0.0, 0.0, 0.0, 0.984808, -0.173648, 0.36, -0.0, 0.173648, 0.984808, -0.15, 0.0, 0.0, 0.0, 1.0],
                [1.0, 0.0, 0.0, -0.0, -0.0, 0.984808, -0.173648, 0.36, 0.0, 0.173648, 0.984808, -0.15, 0.0, 0.0, 0.0, 1.0],
                [1.0, -0.0, 0.0, 0.0, -0.0, 0.984808, -0.173648, 0.36, 0.0, 0.173648, 0.984808, -0.15, 0.0, 0.0, 0.0, 1.0],
                [1.0, 0.0, 0.0, 0.0, -0.0, 0.984808, -0.173648, 0.36, -0.0, 0.173648, 0.984808, -0.15, 0.0, 0.0, 0.0, 1.0],
                [1.0, -0.0, 0.0, -0.0, 0.0, 0.984808, -0.173648, 0.36, -0.0, 0.173648, 0.984808, -0.15, 0.0, 0.0, 0.0, 1.0],
                [1.0, 0.0, 0.0, -0.0, 0.0, 0.984808, -0.173648, 0.36, -0.0, 0.173648, 0.984808, -0.15, 0.0, 0.0, 0.0, 1.0],
                [1.0, -0.0, 0.0, 0.0, 0.0, 0.984808, -0.173648, 0.36, 0.0, 0.173648, 0.984808, -0.15, 0.0, 0.0, 0.0, 1.0],
                [1.0, -0.0, -0.0, 0.0, 0.0, 0.984808, -0.173648, 0.36, 0.0, 0.173648, 0.984808, -0.15, 0.0, 0.0, 0.0, 1.0],
                [1.0, -0.0, 0.0, -0.0, -0.0, 0.984808, -0.173648, 0.36, -0.0, 0.173648, 0.984808, -0.15, 0.0, 0.0, 0.0, 1.0],
                [1.0, 0.0, -0.0, 0.0, 0.0, 0.984808, -0.173648, 0.36, -0.0, 0.173648, 0.984808, -0.15, 0.0, 0.0, 0.0, 1.0],
                [1.0, -0.0, -0.0, -0.0, -0.0, 0.984808, -0.173648, 0.36, 0.0, 0.173648, 0.984808, -0.15, 0.0, 0.0, 0.0, 1.0]
            ]
        },
        {
            "name": "Jaw",
            "time": [0.0417, 0.0833, 0.125, 0.1667, 0.2083, 0.25, 0.2917, 0.3333, 0.375, 0.4167, 0.4583, 0.5, 0.5417, 0.5833, 0.625, 0.6667, 0.7083, 0.75, 0.7917, 0.8333, 0.875, 0.9167, 0.9583, 1.0, 1.0417, 2.625],
            "transform": [
                [1.0, -0.0, 0.0, 0.0, 0.0, 0.998143, 0.060909, 0.36, -0.0, -0.060909, 0.998143, -0.2, 0.0, 0.0, 0.0, 1.0],
                [1.0, -0.0, 0.0, 0.0, -0.0, 0.998847, 0.048013, 0.36, 0.0, -0.048013, 0.998847, -0.2, 0.0, 0.0, 0.0, 1.0],
                [1.0, -0.0, -0.0, 0.0, 0.0, 0.999876, 0.015718, 0.36, -0.0, -0.015718, 0.999876, -0.2, 0.0, 0.0, 0.0, 1.0],
                [1.0, 0.0, 0.0, 0.0, 0.0, 0.999654, -0.026316, 0.36, 0.0, 0.026316, 0.999654, -0.2, 0.0, 0.0, 0.0, 1.0],
                [1.0, 0.0, -0.0, 0.0, -0.0, 0.997665, -0.068304, 0.36, 0.0, 0.068304, 0.997665, -0.2, 0.0, 0.0, 0.0, 1.0],
                [1.0, 0.0, 0.0, -0.0, 0.0, 0.994937, -0.1005, 0.36, 0.0, 0.1005, 0.994937, -0.2, 0.0, 0.0, 0.0, 1.0],
                [1.0, 0.0, 0.0, 0.0, 0.0, 0.993556, -0.113342, 0.36, 0.0, 0.113342, 0.993556, -0.2, 0.0, 0.0, 0.0, 1.0],
                [1.0, 0.0, -0.0, 0.0, -0.0, 0.993556, -0.113342, 0.36, -0.0, 0.113342, 0.993556, -0.2, 0.0, 0.0, 0.0, 1.0],
                [1.0, 0.0, 0.0, 0.0, 0.0, 0.993556, -0.113342, 0.36, 0.0, 0.113342, 0.993556, -0.2, 0.0, 0.0, 0.0, 1.0],
                [1.0, -0.0, 0.0, -0.0, 0.0, 0.993556, -0.113342, 0.36, 0.0, 0.113342, 0.993556, -0.2, 0.0, 0.0, 0.0, 1.0],
                [1.0, 0.0, 0.0, -0.0, 0.0, 0.993556, -0.113342, 0.36, -0.0, 0.113342, 0.993556, -0.2, 0.0, 0.0, 0.0, 1.0],
                [1.0, -0.0, -0.0, 0.0, -0.0, 0.993556, -0.113342, 0.36, 0.0, 0.113342, 0.993556, -0.2, 0.0, 0.0, 0.0, 1.0],
                [1.0, 0.0, 0.0, -0.0, 0.0, 0.993556, -0.113342, 0.36, 0.0, 0.113342, 0.993556, -0.2, 0.0, 0.0, 0.0, 1.0],
                [1.0, 0.0, 0.0, 0.0, 0.0, 0.993556, -0.113342, 0.36, 0.0, 0.113342, 0.993556, -0.2, 0.0, 0.0, 0.0, 1.0],
                [1.0, -0.0, 0.0, 0.0, -0.0, 0.993556, -0.113342, 0.36, -0.0, 0.113342, 0.993556, -0.2, 0.0, 0.0, 0.0, 1.0],
                [1.0, -0.0, -0.0, 0.0, 0.0, 0.993556, -0.113342, 0.36, -0.0, 0.113342, 0.993556, -0.2, 0.0, 0.0, 0.0, 1.0],
                [1.0, 0.0, -0.0, -0.0, -0.0, 0.993556, -0.113342, 0.36, 0.0, 0.113342, 0.993556, -0.2, 0.0, 0.0, 0.0, 1.0],
                [1.0, 0.0, 0.0, 0.0, -0.0, 0.993556, -0.113342, 0.36, 0.0, 0.113342, 0.993556, -0.2, 0.0, 0.0, 0.0, 1.0],
                [1.0, 0.0, 0.0, 0.0, -0.0, 0.993556, -0.113342, 0.36, -0.0, 0.113342, 0.993556, -0.2, 0.0, 0.0, 0.0, 1.0],
                [1.0, -0.0, 0.0, -0.0, 0.0, 0.993556, -0.113342, 0.36, -0.0, 0.113342, 0.993556, -0.2, 0.0, 0.0, 0.0, 1.0],
                [1.0, 0.0, 0.0, -0.0, 0.0, 0.993556, -0.113342, 0.36, -0.0, 0.113342, 0.993556, -0.2, 0.0, 0.0, 0.0, 1.0],
                [1.0, -0.0, 0.0, 0.0, 0.0, 0.993556, -0.113342, 0.36, 0.0, 0.113342, 0.993556, -0.2, 0.0, 0.0, 0.0, 1.0],
                [1.0, 0.0, -0.0, 0.0, 0.0, 0.993556, -0.113342, 0.36, 0.0, 0.113342, 0.993556, -0.2, 0.0, 0.0, 0.0, 1.0],
                [1.0, 0.0, -0.0, -0.0, -0.0, 0.993556, -0.113342, 0.36, -0.0, 0.113342, 0.993556, -0.2, 0.0, 0.0, 0.0, 1.0],
                [1.0, 0.0, -0.0, 0.0, 0.0, 0.993556, -0.113342, 0.36, -0.0, 0.113342, 0.993556, -0.2, 0.0, 0.0, 0.0, 1.0],
                [1.0, 0.0, -0.0, -0.0, -0.0, 0.993556, -0.113342, 0.36, 0.0, 0.113342, 0.993556, -0.2, 0.0, 0.0, 0.0, 1.0]
            ]
        },
        {
            "name": "Eye_R",
            "time": [0.0417, 0.0833, 0.125, 0.1667, 0.2083, 0.25, 0.2917, 0.3333, 0.375, 0.4167, 0.4583, 0.5, 0.5417, 0.5833, 0.625, 0.6667, 0.7083, 0.75, 0.7917, 0.8333, 0.875, 0.9167, 0.9583, 1.0, 1.0417, 2.625],
            "transform": [
                [0.6, -0.0, 0.0, 0.19, -0.0, 1.0, -0.0, 0.3, 0.0, -0.0, 1.0, -0.09, 0.0, 0.0, 0.0, 1.0],
                [0.6, -0.0, 0.0, 0.19, -0.0, 0.999917, -0.012915, 0.3, 0.0, 0.012915, 0.999917, -0.09, 0.0, 0.0, 0.0, 1.0],
                [0.6, 0.0, 0.0, 0.19, -0.0, 0.998977, -0.045213, 0.3, -0.0, 0.045213, 0.998977, -0.09, 0.0, 0.0, 0.0, 1.0],
                [0.6, 0.0, -0.0, 0.19, 0.0, 0.996195, -0.087156, 0.3, -0.0, 0.087156, 0.996195, -0.09, 0.0, 0.0, 0.0, 1.0],
                [0.6, 0.0, 0.0, 0.19, -0.0, 0.991652, -0.128944, 0.3, 0.0, 0.128944, 0.991652, -0.09, 0.0, 0.0, 0.0, 1.0],
                [0.6, 0.0, 0.0, 0.19, 0.0, 0.986968, -0.160915, 0.3, -0.0, 0.160915, 0.986968, -0.09, 0.0, 0.0, 0.0, 1.0],
                [0.6, 0.0, 0.0, 0.19, -0.0, 0.984808, -0.173648, 0.3, 0.0, 0.173648, 0.984808, -0.09, 0.0, 0.0, 0.0, 1.0],
                [0.6, 0.0, -0.0, 0.19, -0.0, 0.984808, -0.173648, 0.3, 0.0, 0.173648, 0.984808, -0.09, 0.0, 0.0, 0.0, 1.0],
                [0.6, 0.0, 0.0, 0.19, -0.0, 0.984808, -0.173648, 0.3, 0.0, 0.173648, 0.984808, -0.09, 0.0, 0.0, 0.0, 1.0],
                [0.6, -0.0, -0.0, 0.19, 0.0, 0.984808, -0.173648, 0.3, 0.0, 0.173648, 0.984808, -0.09, 0.0, 0.0, 0.0, 1.0],
                [0.6, -0.0, -0.0, 0.19, -0.0, 0.984808, -0.173648, 0.3, 0.0, 0.173648, 0.984808, -0.09, 0.0, 0.0, 0.0, 1.0],
                [0.6, -0.0, -0.0, 0.19, -0.0, 0.984808, -0.173648, 0.3, 0.0, 0.173648, 0.984808, -0.09, 0.0, 0.0, 0.0, 1.0],
                [0.6, -0.0, 0.0, 0.19, -0.0, 0.984808, -0.173648, 0.3, 0.0, 0.173648, 0.984808, -0.09, 0.0, 0.0, 0.0, 1.0],
                [0.6, -0.0, 0.0, 0.19, 0.0, 0.984808, -0.173648, 0.3, 0.0, 0.173648, 0.984808, -0.09, 0.0, 0.0, 0.0, 1.0],
                [0.6, -0.0, -0.0, 0.19, -0.0, 0.984808, -0.173648, 0.3, -0.0, 0.173648, 0.984808, -0.09, 0.0, 0.0, 0.0, 1.0],
                [0.6, -0.0, 0.0, 0.19, -0.0, 0.984808, -0.173648, 0.3, 0.0, 0.173648, 0.984808, -0.09, 0.0, 0.0, 0.0, 1.0],
                [0.6, 0.0, 0.0, 0.19, -0.0, 0.984808, -0.173648, 0.3, -0.0, 0.173648, 0.984808, -0.09, 0.0, 0.0, 0.0, 1.0],
                [0.6, -0.0, 0.0, 0.19, 0.0, 0.984808, -0.173648, 0.3, -0.0, 0.173648, 0.984808, -0.09, 0.0, 0.0, 0.0, 1.0],
                [0.6, 0.0, 0.0, 0.19, -0.0, 0.984808, -0.173648, 0.3, 0.0, 0.173648, 0.984808, -0.09, 0.0, 0.0, 0.0, 1.0],
                [0.6, -0.0, 0.0, 0.19, 0.0, 0.984808, -0.173648, 0.3, -0.0, 0.173648, 0.984808, -0.09, 0.0, 0.0, 0.0, 1.0],
                [0.6, -0.0, 0.0, 0.19, 0.0, 0.984808, -0.173648, 0.3, 0.0, 0.173648, 0.984808, -0.09, 0.0, 0.0, 0.0, 1.0],
                [0.6, -0.0, 0.0, 0.19, 0.0, 0.984808, -0.173648, 0.3, -0.0, 0.173648, 0.984808, -0.09, 0.0, 0.0, 0.0, 1.0],
                [0.6, -0.0, -0.0, 0.19, -0.0, 0.984808, -0.173648, 0.3, 0.0, 0.173648, 0.984808, -0.09, 0.0, 0.0, 0.0, 1.0],
                [0.6, -0.0, 0.0, 0.19, -0.0, 0.984808, -0.173648, 0.3, 0.0, 0.173648, 0.984808, -0.09, 0.0, 0.0, 0.0, 1.0],
                [0.6, 0.0, -0.0, 0.19, 0.0, 0.984808, -0.173648, 0.3, -0.0, 0.173648, 0.984808, -0.09, 0.0, 0.0, 0.0, 1.0],
                [0.6, -0.0, -0.0, 0.19, -0.0, 0.984808, -0.173648, 0.3, 0.0, 0.173648, 0.984808, -0.09, 0.0, 0.0, 0.0, 1.0]
            ]
        },
        {
            "name": "Eye_L",
            "time": [0.0417, 0.0833, 0.125, 0.1667, 0.2083, 0.25, 0.2917, 0.3333, 0.375, 0.4167, 0.4583, 0.5, 0.5417, 0.5833, 0.625, 0.6667, 0.7083, 0.75, 0.7917, 0.8333, 0.875, 0.9167, 0.9583, 1.0, 1.0417, 2.625],
            "transform": [
                [0.6, -0.0, 0.0, -0.19, -0.0, 1.0, -0.0, 0.3, 0.0, -0.0, 1.0, -0.09, 0.0, 0.0, 0.0, 1.0],
                [0.6, -0.0, 0.0, -0.19, -0.0, 0.999917, -0.012915, 0.3, 0.0, 0.012915, 0.999917, -0.09, 0.0, 0.0, 0.0, 1.0],
                [0.6, 0.0, 0.0, -0.19, -0.0, 0.998977, -0.045213, 0.3, -0.0, 0.045213, 0.998977, -0.09, 0.0, 0.0, 0.0, 1.0],
                [0.6, 0.0, -0.0, -0.19, 0.0, 0.996195, -0.087156, 0.3, -0.0, 0.087156, 0.996195, -0.09, 0.0, 0.0, 0.0, 1.0],
                [0.6, 0.0, 0.0, -0.19, -0.0, 0.991652, -0.128944, 0.3, 0.0, 0.128944, 0.991652, -0.09, 0.0, 0.0, 0.0, 1.0],
                [0.6, 0.0, 0.0, -0.19, 0.0, 0.986968, -0.160915, 0.3, -0.0, 0.160915, 0.986968, -0.09, 0.0, 0.0, 0.0, 1.0],
                [0.6, 0.0, 0.0, -0.19, -0.0, 0.984808, -0.173648, 0.3, 0.0, 0.173648, 0.984808, -0.09, 0.0, 0.0, 0.0, 1.0],
                [0.6, 0.0, -0.0, -0.19, -0.0, 0.984808, -0.173648, 0.3, 0.0, 0.173648, 0.984808, -0.09, 0.0, 0.0, 0.0, 1.0],
                [0.6, 0.0, 0.0, -0.19, -0.0, 0.984808, -0.173648, 0.3, 0.0, 0.173648, 0.984808, -0.09, 0.0, 0.0, 0.0, 1.0],
                [0.6, -0.0, -0.0, -0.19, 0.0, 0.984808, -0.173648, 0.3, 0.0, 0.173648, 0.984808, -0.09, 0.0, 0.0, 0.0, 1.0],
                [0.6, -0.0, -0.0, -0.19, -0.0, 0.984808, -0.173648, 0.3, 0.0, 0.173648, 0.984808, -0.09, 0.0, 0.0, 0.0, 1.0],
                [0.6, -0.0, -0.0, -0.19, -0.0, 0.984808, -0.173648, 0.3, 0.0, 0.173648, 0.984808, -0.09, 0.0, 0.0, 0.0, 1.0],
                [0.6, -0.0, 0.0, -0.19, -0.0, 0.984808, -0.173648, 0.3, 0.0, 0.173648, 0.984808, -0.09, 0.0, 0.0, 0.0, 1.0],
                [0.6, -0.0, 0.0, -0.19, 0.0, 0.984808, -0.173648, 0.3, 0.0, 0.173648, 0.984808, -0.09, 0.0, 0.0, 0.0, 1.0],
                [0.6, -0.0, -0.0, -0.19, -0.0, 0.984808, -0.173648, 0.3, -0.0, 0.173648, 0.984808, -0.09, 0.0, 0.0, 0.0, 1.0],
                [0.6, -0.0, 0.0, -0.19, -0.0, 0.984808, -0.173648, 0.3, 0.0, 0.173648, 0.984808, -0.09, 0.0, 0.0, 0.0, 1.0],
                [0.6, 0.0, 0.0, -0.19, -0.0, 0.984808, -0.173648, 0.3, -0.0, 0.173648, 0.984808, -0.09, 0.0, 0.0, 0.0, 1.0],
                [0.6, -0.0, 0.0, -0.19, 0.0, 0.984808, -0.173648, 0.3, -0.0, 0.173648, 0.984808, -0.09, 0.0, 0.0, 0.0, 1.0],
                [0.6, 0.0, 0.0, -0.19, -0.0, 0.984808, -0.173648, 0.3, 0.0, 0.173648, 0.984808, -0.09, 0.0, 0.0, 0.0, 1.0],
                [0.6, -0.0, 0.0, -0.19, 0.0, 0.984808, -0.173648, 0.3, -0.0, 0.173648, 0.984808, -0.09, 0.0, 0.0, 0.0, 1.0],
                [0.6, -0.0, 0.0, -0.19, 0.0, 0.984808, -0.173648, 0.3, 0.0, 0.173648, 0.984808, -0.09, 0.0, 0.0, 0.0, 1.0],
                [0.6, -0.0, 0.0, -0.19, 0.0, 0.984808, -0.173648, 0.3, -0.0, 0.173648, 0.984808, -0.09, 0.0, 0.0, 0.0, 1.0],
                [0.6, -0.0, -0.0, -0.19, -0.0, 0.984808, -0.173648, 0.3, 0.0, 0.173648, 0.984808, -0.09, 0.0, 0.0, 0.0, 1.0],
                [0.6, -0.0, 0.0, -0.19, -0.0, 0.984808, -0.173648, 0.3, 0.0, 0.173648, 0.984808, -0.09, 0.0, 0.0, 0.0, 1.0],
                [0.6, 0.0, -0.0, -0.19, 0.0, 0.984808, -0.173648, 0.3, -0.0, 0.173648, 0.984808, -0.09, 0.0, 0.0, 0.0, 1.0],
                [0.6, -0.0, -0.0, -0.19, -0.0, 0.984808, -0.173648, 0.3, 0.0, 0.173648, 0.984808, -0.09, 0.0, 0.0, 0.0, 1.0]
            ]
        },
        {
            "name": "Ear_R",
            "time": [0.0417, 0.0833, 0.125, 0.1667, 0.2083, 0.25, 0.2917, 0.3333, 0.375, 0.4167, 0.4583, 0.5, 0.5417, 0.5833, 0.625, 0.6667, 0.7083, 0.75, 0.7917, 0.8333, 0.875, 0.9167, 0.9583, 1.0, 1.0417, 2.625],
            "transform": [
                [0.981083, 0.193545, -0.003939, 0.18, -0.003939, -0.000385, -0.999992, 0.275, -0.193545, 0.981091, 0.000385, 0.125, 0.0, 0.0, 0.0, 1.0],
