{
    "animation": [
        {
            "name": "Root",
            "time": [0.0, 0.0167, 0.0333, 0.05, 0.0667, 0.0833, 0.1, 0.1167, 0.1333, 0.15, 0.1667, 0.1833, 0.2, 0.2167, 0.2333, 0.25, 0.2667, 0.2833, 0.3, 0.3167, 0.3333, 0.35, 0.3667, 0.3833, 0.4, 0.4167, 0.4333, 0.45, 0.4667, 0.4833, 0.5, 0.5167, 0.5333],
            "transform": [
                [1.0, 0.0, 0.0, -5e-06, 0.0, 0.0, -1.0, 0.000946, 0.0, 1.0, 0.0, 0.624134, 0.0, 0.0, 0.0, 1.0],
                [1.0, 0.0, 0.0, -5e-06, 0.0, 0.0, -1.0, 0.000946, 0.0, 1.0, 0.0, 0.624134, 0.0, 0.0, 0.0, 1.0],
                [1.0, 0.0, 0.0, -5e-06, 0.0, 0.0, -1.0, 0.000946, 0.0, 1.0, 0.0, 0.624134, 0.0, 0.0, 0.0, 1.0],
                [1.0, 0.0, 0.0, -5e-06, 0.0, 0.0, -1.0, 0.000946, 0.0, 1.0, 0.0, 0.624134, 0.0, 0.0, 0.0, 1.0],
                [1.0, 0.0, 0.0, -5e-06, 0.0, 0.0, -1.0, 0.000946, 0.0, 1.0, 0.0, 0.624134, 0.0, 0.0, 0.0, 1.0],
                [1.0, 0.0, 0.0, -5e-06, 0.0, 0.0, -1.0, 0.000946, 0.0, 1.0, 0.0, 0.624134, 0.0, 0.0, 0.0, 1.0],
                [1.0, 0.0, 0.0, -5e-06, 0.0, 0.0, -1.0, 0.000946, 0.0, 1.0, 0.0, 0.624134, 0.0, 0.0, 0.0, 1.0],
                [1.0, 0.0, 0.0, -5e-06, 0.0, 0.0, -1.0, 0.000946, 0.0, 1.0, 0.0, 0.624134, 0.0, 0.0, 0.0, 1.0],
                [1.0, 0.0, 0.0, -5e-06, 0.0, 0.0, -1.0, 0.000946, 0.0, 1.0, 0.0, 0.624134, 0.0, 0.0, 0.0, 1.0],
                [1.0, 0.0, 0.0, -5e-06, 0.0, 0.0, -1.0, 0.000946, 0.0, 1.0, 0.0, 0.624134, 0.0, 0.0, 0.0, 1.0],
                [1.0, 0.0, 0.0, -5e-06, 0.0, 0.0, -1.0, 0.000946, 0.0, 1.0, 0.0, 0.624134, 0.0, 0.0, 0.0, 1.0],
                [1.0, 0.0, 0.0, -5e-06, 0.0, 0.0, -1.0, 0.000946, 0.0, 1.0, 0.0, 0.624134, 0.0, 0.0, 0.0, 1.0],
                [1.0, 0.0, 0.0, -5e-06, 0.0, 0.0, -1.0, 0.000946, 0.0, 1.0, 0.0, 0.624134, 0.0, 0.0, 0.0, 1.0],
                [1.0, 0.0, 0.0, -5e-06, 0.0, 0.0, -1.0, 0.000946, 0.0, 1.0, 0.0, 0.624134, 0.0, 0.0, 0.0, 1.0],
                [1.0, 0.0, 0.0, -5e-06, 0.0, 0.0, -1.0, 0.000946, 0.0, 1.0, 0.0, 0.624134, 0.0, 0.0, 0.0, 1.0],
                [1.0, 0.0, 0.0, -5e-06, 0.0, 0.0, -1.0, 0.000946, 0.0, 1.0, 0.0, 0.624134, 0.0, 0.0, 0.0, 1.0],
                [1.0, 0.0, 0.0, -5e-06, 0.0, 0.0, -1.0, 0.000946, 0.0, 1.0, 0.0, 0.624134, 0.0, 0.0, 0.0, 1.0],
                [1.0, 0.0, 0.0, -5e-06, 0.0, 0.0, -1.0, 0.000946, 0.0, 1.0, 0.0, 0.624134, 0.0, 0.0, 0.0, 1.0],
                [1.0, 0.0, 0.0, -5e-06, 0.0, 0.0, -1.0, 0.000946, 0.0, 1.0, 0.0, 0.624134, 0.0, 0.0, 0.0, 1.0],
                [1.0, 0.0, 0.0, -5e-06, 0.0, 0.0, -1.0, 0.000946, 0.0, 1.0, 0.0, 0.624134, 0.0, 0.0, 0.0, 1.0],
                [1.0, 0.0, 0.0, -5e-06, 0.0, 0.0, -1.0, 0.000946, 0.0, 1.0, 0.0, 0.624134, 0.0, 0.0, 0.0, 1.0],
                [1.0, 0.0, 0.0, -5e-06, 0.0, 0.0, -1.0, 0.000946, 0.0, 1.0, 0.0, 0.624134, 0.0, 0.0, 0.0, 1.0],
                [1.0, 0.0, 0.0, -5e-06, 0.0, 0.0, -1.0, 0.000946, 0.0, 1.0, 0.0, 0.624134, 0.0, 0.0, 0.0, 1.0],
                [1.0, 0.0, 0.0, -5e-06, 0.0, 0.0, -1.0, 0.000946, 0.0, 1.0, 0.0, 0.624134, 0.0, 0.0, 0.0, 1.0],
                [1.0, 0.0, 0.0, -5e-06, 0.0, 0.0, -1.0, 0.000946, 0.0, 1.0, 0.0, 0.624134, 0.0, 0.0, 0.0, 1.0],
                [1.0, 0.0, 0.0, -5e-06, 0.0, 0.0, -1.0, 0.000946, 0.0, 1.0, 0.0, 0.624134, 0.0, 0.0, 0.0, 1.0],
                [1.0, 0.0, 0.0, -5e-06, 0.0, 0.0, -1.0, 0.000946, 0.0, 1.0, 0.0, 0.624134, 0.0, 0.0, 0.0, 1.0],
                [1.0, 0.0, 0.0, -5e-06, 0.0, 0.0, -1.0, 0.000946, 0.0, 1.0, 0.0, 0.624134, 0.0, 0.0, 0.0, 1.0],
                [1.0, 0.0, 0.0, -5e-06, 0.0, 0.0, -1.0, 0.000946, 0.0, 1.0, 0.0, 0.624134, 0.0, 0.0, 0.0, 1.0],
                [1.0, 0.0, 0.0, -5e-06, 0.0, 0.0, -1.0, 0.000946, 0.0, 1.0, 0.0, 0.624134, 0.0, 0.0, 0.0, 1.0],
                [1.0, 0.0, 0.0, -5e-06, 0.0, 0.0, -1.0, 0.000946, 0.0, 1.0, 0.0, 0.624134, 0.0, 0.0, 0.0, 1.0],
                [1.0, 0.0, 0.0, -5e-06, 0.0, 0.0, -1.0, 0.000946, 0.0, 1.0, 0.0, 0.624134, 0.0, 0.0, 0.0, 1.0],
                [1.0, 0.0, 0.0, -5e-06, 0.0, 0.0, -1.0, 0.000946, 0.0, 1.0, 0.0, 0.624134, 0.0, 0.0, 0.0, 1.0]
            ]
        },
        {
            "name": "Thigh_R",
            "time": [0.0, 0.0167, 0.0333, 0.05, 0.0667, 0.0833, 0.1, 0.1167, 0.1333, 0.15, 0.1667, 0.1833, 0.2, 0.2167, 0.2333, 0.25, 0.2667, 0.2833, 0.3, 0.3167, 0.3333, 0.35, 0.3667, 0.3833, 0.4, 0.4167, 0.4333, 0.45, 0.4667, 0.4833, 0.5, 0.5167, 0.5333],
            "transform": [
                [0.475475, 0.761512, 0.440481, 0.124994, 0.604414, -0.646591, 0.465407, -0.002831, 0.639224, 0.044943, -0.767706, -1.2e-05, 0.0, 0.0, 0.0, 1.0],
                [0.475475, 0.761022, 0.441327, 0.124994, 0.604414, -0.647108, 0.464688, -0.002831, 0.639224, 0.045796, -0.767656, -1.2e-05, 0.0, 0.0, 0.0, 1.0],
                [0.475475, 0.759637, 0.443705, 0.124994, 0.604414, -0.648558, 0.462662, -0.002831, 0.639224, 0.048197, -0.767509, -1.2e-05, 0.0, 0.0, 0.0, 1.0],
                [0.475475, 0.757483, 0.447372, 0.124994, 0.604413, -0.650787, 0.459521, -0.002831, 0.639224, 0.051907, -0.767267, -1.2e-05, 0.0, 0.0, 0.0, 1.0],
                [0.475475, 0.754681, 0.452083, 0.124994, 0.604413, -0.653638, 0.455457, -0.002831, 0.639224, 0.056687, -0.766928, -1.2e-05, 0.0, 0.0, 0.0, 1.0],
                [0.475475, 0.751353, 0.457594, 0.124994, 0.604414, -0.656953, 0.450662, -0.002831, 0.639224, 0.062297, -0.766493, -1.2e-05, 0.0, 0.0, 0.0, 1.0],
                [0.475475, 0.747625, 0.46366, 0.124994, 0.604414, -0.660579, 0.44533, -0.002831, 0.639224, 0.068499, -0.765964, -1.2e-05, 0.0, 0.0, 0.0, 1.0],
                [0.475475, 0.743628, 0.470042, 0.124994, 0.604413, -0.664367, 0.439659, -0.002831, 0.639224, 0.075053, -0.765349, -1.2e-05, 0.0, 0.0, 0.0, 1.0],
                [0.475475, 0.739504, 0.476505, 0.124994, 0.604413, -0.668173, 0.433853, -0.002831, 0.639224, 0.08172, -0.764666, -1.2e-05, 0.0, 0.0, 0.0, 1.0],
                [0.475475, 0.735398, 0.482818, 0.124994, 0.604413, -0.671863, 0.428118, -0.002831, 0.639224, 0.088262, -0.763939, -1.2e-05, 0.0, 0.0, 0.0, 1.0],
                [0.475475, 0.731466, 0.488754, 0.124994, 0.604413, -0.675306, 0.422666, -0.002831, 0.639224, 0.094442, -0.763199, -1.2e-05, 0.0, 0.0, 0.0, 1.0],
                [0.475475, 0.72787, 0.494093, 0.124994, 0.604413, -0.67838, 0.417713, -0.002831, 0.639224, 0.100025, -0.762488, -1.2e-05, 0.0, 0.0, 0.0, 1.0],
                [0.475475, 0.724777, 0.498619, 0.124994, 0.604413, -0.68097, 0.413478, -0.002831, 0.639224, 0.104774, -0.76185, -1.2e-05, 0.0, 0.0, 0.0, 1.0],
                [0.475475, 0.722359, 0.502117, 0.124994, 0.604414, -0.682961, 0.410181, -0.002831, 0.639224, 0.108455, -0.761334, -1.2e-05, 0.0, 0.0, 0.0, 1.0],
                [0.475475, 0.720784, 0.504374, 0.124994, 0.604413, -0.68424, 0.408043, -0.002831, 0.639224, 0.110836, -0.760991, -1.2e-05, 0.0, 0.0, 0.0, 1.0],
                [0.475475, 0.720223, 0.505175, 0.124994, 0.604414, -0.684694, 0.407282, -0.002831, 0.639224, 0.111682, -0.760868, -1.2e-05, 0.0, 0.0, 0.0, 1.0],
                [0.475475, 0.720663, 0.504548, 0.124994, 0.604414, -0.684339, 0.407878, -0.002831, 0.639224, 0.11102, -0.760965, -1.2e-05, 0.0, 0.0, 0.0, 1.0],
                [0.475475, 0.721906, 0.502768, 0.124994, 0.604413, -0.68333, 0.409565, -0.002831, 0.639224, 0.109141, -0.761236, -1.2e-05, 0.0, 0.0, 0.0, 1.0],
                [0.475475, 0.723838, 0.499982, 0.124994, 0.604413, -0.681747, 0.412196, -0.002831, 0.639224, 0.106207, -0.761651, -1.2e-05, 0.0, 0.0, 0.0, 1.0],
                [0.475475, 0.726342, 0.496338, 0.124994, 0.604413, -0.679666, 0.415617, -0.002831, 0.639224, 0.102378, -0.762175, -1.2e-05, 0.0, 0.0, 0.0, 1.0],
                [0.475475, 0.729299, 0.491981, 0.124994, 0.604413, -0.677167, 0.419678, -0.002831, 0.639224, 0.097814, -0.762775, -1.2e-05, 0.0, 0.0, 0.0, 1.0],
                [0.475475, 0.732595, 0.48706, 0.124994, 0.604413, -0.674326, 0.424227, -0.002831, 0.639224, 0.092676, -0.763416, -1.2e-05, 0.0, 0.0, 0.0, 1.0],
                [0.475475, 0.736115, 0.481725, 0.124994, 0.604413, -0.671226, 0.429115, -0.002831, 0.639224, 0.087127, -0.764069, -1.2e-05, 0.0, 0.0, 0.0, 1.0],
                [0.475475, 0.739748, 0.476127, 0.124994, 0.604414, -0.667951, 0.434194, -0.002831, 0.639224, 0.081329, -0.764708, -1.2e-05, 0.0, 0.0, 0.0, 1.0],
                [0.475475, 0.743388, 0.470423, 0.124994, 0.604413, -0.664592, 0.43932, -0.002831, 0.639224, 0.075444, -0.765311, -1.2e-05, 0.0, 0.0, 0.0, 1.0],
                [0.475475, 0.746935, 0.46477, 0.124994, 0.604413, -0.66124, 0.444348, -0.002831, 0.639224, 0.069637, -0.765861, -1.2e-05, 0.0, 0.0, 0.0, 1.0],
                [0.475475, 0.750292, 0.459331, 0.124994, 0.604413, -0.657994, 0.449141, -0.002831, 0.639224, 0.064071, -0.766347, -1.2e-05, 0.0, 0.0, 0.0, 1.0],
                [0.475475, 0.753367, 0.45427, 0.124994, 0.604414, -0.654956, 0.45356, -0.002831, 0.639224, 0.05891, -0.766761, -1.2e-05, 0.0, 0.0, 0.0, 1.0],
                [0.475475, 0.756073, 0.449752, 0.124994, 0.604414, -0.652229, 0.457472, -0.002831, 0.639224, 0.054319, -0.7671, -1.2e-05, 0.0, 0.0, 0.0, 1.0],
                [0.475475, 0.758324, 0.445946, 0.124994, 0.604413, -0.649922, 0.460745, -0.002831, 0.639224, 0.050463, -0.767363, -1.2e-05, 0.0, 0.0, 0.0, 1.0],
                [0.475475, 0.760037, 0.443021, 0.124994, 0.604414, -0.648141, 0.463246, -0.002831, 0.639224, 0.047506, -0.767552, -1.2e-05, 0.0, 0.0, 0.0, 1.0],
                [0.475475, 0.761128, 0.441143, 0.124994, 0.604414, -0.646996, 0.464844, -0.002831, 0.639224, 0.045611, -0.767667, -1.2e-05, 0.0, 0.0, 0.0, 1.0],
                [0.475475, 0.761512, 0.440481, 0.124994, 0.604414, -0.646591, 0.465407, -0.002831, 0.639224, 0.044943, -0.767706, -1.2e-05, 0.0, 0.0, 0.0, 1.0]
            ]
        },
        {
            "name": "Leg_R",
            "time": [0.0, 0.0167, 0.0333, 0.05, 0.0667, 0.0833, 0.1, 0.1167, 0.1333, 0.15, 0.1667, 0.1833, 0.2, 0.2167, 0.2333, 0.25, 0.2667, 0.2833, 0.3, 0.3167, 0.3333, 0.35, 0.3667, 0.3833, 0.4, 0.4167, 0.4333, 0.45, 0.4667, 0.4833, 0.5, 0.5167, 0.5333],
            "transform": [
                [1.0, -0.0, 1e-06, -0.0, -1e-06, 0.573576, 0.819152, 0.37472, -1e-06, -0.819152, 0.573576, -0.0, 0.0, 0.0, 0.0, 1.0],
                [0.99999, 0.001328, -0.004221, -0.0, 0.002692, 0.574474, 0.818518, 0.37472, 0.003512, -0.818521, 0.574465, 0.0, 0.0, 0.0, 0.0, 1.0],
                [0.999857, 0.005044, -0.016116, -0.0, 0.010252, 0.577019, 0.816666, 0.37472, 0.013419, -0.816715, 0.576885, 0.0, 0.0, 0.0, 0.0, 1.0],
                [0.999346, 0.010721, -0.034541, -0.0, 0.021888, 0.581002, 0.813608, 0.37472, 0.028791, -0.813832, 0.580387, 0.0, 0.0, 0.0, 0.0, 1.0],
                [0.998136, 0.017912, -0.058344, -0.0, 0.036787, 0.586219, 0.809317, 0.37472, 0.048699, -0.809954, 0.584468, -0.0, 0.0, 0.0, 0.0, 1.0],
                [0.995921, 0.026168, -0.086349, 0.0, 0.054123, 0.592462, 0.803778, 0.37472, 0.072191, -0.805173, 0.588629, -0.0, 0.0, 0.0, 0.0, 1.0],
                [0.992472, 0.035047, -0.117347, -0.0, 0.073068, 0.599504, 0.797029, 0.37472, 0.098283, -0.799604, 0.592431, 0.0, 0.0, 0.0, 0.0, 1.0],
                [0.987685, 0.044132, -0.150099, -0.0, 0.092807, 0.607096, 0.78919, 0.37472, 0.125953, -0.793402, 0.595524, 0.0, 0.0, 0.0, 0.0, 1.0],
                [0.981615, 0.053042, -0.183352, 0.0, 0.112553, 0.614964, 0.780482, 0.37472, 0.154153, -0.78677, 0.597688, -0.0, 0.0, 0.0, 0.0, 1.0],
                [0.974489, 0.061443, -0.21586, 0.0, 0.131566, 0.622812, 0.77123, 0.37472, 0.181827, -0.779955, 0.59884, -0.0, 0.0, 0.0, 0.0, 1.0],
                [0.966704, 0.069055, -0.246405, -0.0, 0.149166, 0.630331, 0.761861, 0.37472, 0.207927, -0.773249, 0.599043, -0.0, 0.0, 0.0, 0.0, 1.0],
                [0.958802, 0.075648, -0.273818, -0.0, 0.164737, 0.6372, 0.752886, 0.37472, 0.231431, -0.766977, 0.598487, 0.0, 0.0, 0.0, 0.0, 1.0],
                [0.951439, 0.081041, -0.296979, 0.0, 0.177727, 0.643094, 0.744878, 0.37472, 0.251352, -0.761487, 0.597462, -0.0, 0.0, 0.0, 0.0, 1.0],
                [0.94533, 0.085082, -0.314821, -0.0, 0.187626, 0.647693, 0.738438, 0.37472, 0.266735, -0.757137, 0.59632, 0.0, 0.0, 0.0, 0.0, 1.0],
                [0.941196, 0.087629, -0.326299, -0.0, 0.193945, 0.650678, 0.734169, 0.37472, 0.27665, -0.754281, 0.59542, -0.0, 0.0, 0.0, 0.0, 1.0],
                [0.939693, 0.088521, -0.330365, 0.0, 0.196174, 0.65174, 0.732632, 0.37472, 0.280166, -0.753259, 0.59507, 0.0, 0.0, 0.0, 0.0, 1.0],
                [0.940871, 0.087823, -0.327183, -0.0, 0.19443, 0.650908, 0.733836, 0.37472, 0.277414, -0.754059, 0.595346, 0.0, 0.0, 0.0, 0.0, 1.0],
                [0.944154, 0.085821, -0.318132, 0.0, 0.189453, 0.648552, 0.737217, 0.37472, 0.269594, -0.756317, 0.596074, -0.0, 0.0, 0.0, 0.0, 1.0],
                [0.949102, 0.082629, -0.303938, 0.0, 0.181599, 0.644882, 0.742394, 0.37472, 0.257347, -0.759803, 0.597053, -0.0, 0.0, 0.0, 0.0, 1.0],
                [0.955227, 0.078346, -0.285313, -0.0, 0.171204, 0.640115, 0.748961, 0.37472, 0.241311, -0.764274, 0.598042, 0.0, 0.0, 0.0, 0.0, 1.0],
                [0.962029, 0.073069, -0.262983, 0.0, 0.158608, 0.634471, 0.756498, 0.37472, 0.222132, -0.769485, 0.598791, -0.0, 0.0, 0.0, 0.0, 1.0],
                [0.969032, 0.066913, -0.237695, 0.0, 0.144174, 0.628173, 0.7646, 0.37472, 0.200475, -0.775191, 0.599073, 0.0, 0.0, 0.0, 0.0, 1.0],
                [0.975808, 0.060011, -0.210232, 0.0, 0.128295, 0.621442, 0.772884, 0.37472, 0.177028, -0.781158, 0.598709, 0.0, 0.0, 0.0, 0.0, 1.0],
                [0.982005, 0.052529, -0.181404, 0.0, 0.111405, 0.614498, 0.781013, 0.37472, 0.152498, -0.787167, 0.597588, -0.0, 0.0, 0.0, 0.0, 1.0],
                [0.987363, 0.044664, -0.152053, 0.0, 0.093976, 0.607554, 0.788699, 0.37472, 0.127607, -0.793022, 0.595679, -0.0, 0.0, 0.0, 0.0, 1.0],
                [0.991725, 0.036646, -0.123034, 0.0, 0.076517, 0.600812, 0.79572, 0.37472, 0.103081, -0.79855, 0.593036, -0.0, 0.0, 0.0, 0.0, 1.0],
                [0.995042, 0.028734, -0.09521, 0.0, 0.059565, 0.594461, 0.801915, 0.37472, 0.079641, -0.803611, 0.589803, -0.0, 0.0, 0.0, 0.0, 1.0],
                [0.997361, 0.021208, -0.069434, 0.0, 0.043677, 0.588678, 0.807187, 0.37472, 0.057993, -0.808089, 0.586198, -0.0, 0.0, 0.0, 0.0, 1.0],
                [0.998813, 0.014368, -0.046546, -0.0, 0.029421, 0.583623, 0.811492, 0.37472, 0.038825, -0.811898, 0.582508, -0.0, 0.0, 0.0, 0.0, 1.0],
                [0.999589, 0.008521, -0.027364, -0.0, 0.017366, 0.579445, 0.814826, 0.37472, 0.022799, -0.814967, 0.579059, 0.0, 0.0, 0.0, 0.0, 1.0],
                [0.999912, 0.003977, -0.012687, 0.0, 0.008077, 0.576284, 0.81721, 0.37472, 0.010562, -0.81724, 0.576201, -0.0, 0.0, 0.0, 0.0, 1.0],
                [0.999994, 0.00104, -0.003303, 0.0, 0.002107, 0.574279, 0.818657, 0.37472, 0.002749, -0.818659, 0.574273, 0.0, 0.0, 0.0, 0.0, 1.0],
                [1.0, -0.0, 1e-06, -0.0, -1e-06, 0.573576, 0.819152, 0.37472, -1e-06, -0.819152, 0.573576, -0.0, 0.0, 0.0, 0.0, 1.0]
            ]
        },
        {
            "name": "Knee_R",
            "time": [0.0, 0.0167, 0.0333, 0.05, 0.0667, 0.0833, 0.1, 0.1167, 0.1333, 0.15, 0.1667, 0.1833, 0.2, 0.2167, 0.2333, 0.25, 0.2667, 0.2833, 0.3, 0.3167, 0.3333, 0.35, 0.3667, 0.3833, 0.4, 0.4167, 0.4333, 0.45, 0.4667, 0.4833, 0.5, 0.5167, 0.5333],
            "transform": [
                [1.0, 0.0, -1e-06, -0.0, -0.0, 0.0, -1.0, 0.37472, -0.0, 1.0, 0.0, -0.0, 0.0, 0.0, 0.0, 1.0],
                [1.0, 0.0, -0.0, -0.0, -0.0, 0.0, -1.0, 0.37472, -0.0, 1.0, 0.0, 0.0, 0.0, 0.0, 0.0, 1.0],
                [1.0, 0.0, -0.0, -0.0, -0.0, 0.0, -1.0, 0.37472, -0.0, 1.0, 0.0, 0.0, 0.0, 0.0, 0.0, 1.0],
                [1.0, 0.0, -0.0, -0.0, -0.0, 0.0, -1.0, 0.37472, -0.0, 1.0, 0.0, 0.0, 0.0, 0.0, 0.0, 1.0],
                [1.0, 0.0, -1e-06, -0.0, -0.0, 0.0, -1.0, 0.37472, -0.0, 1.0, 0.0, -0.0, 0.0, 0.0, 0.0, 1.0],
                [1.0, 0.0, -0.0, 0.0, -0.0, 0.0, -1.0, 0.37472, -0.0, 1.0, 0.0, -0.0, 0.0, 0.0, 0.0, 1.0],
                [1.0, 0.0, -0.0, -0.0, -0.0, 0.0, -1.0, 0.37472, -0.0, 1.0, 0.0, 0.0, 0.0, 0.0, 0.0, 1.0],
                [1.0, 0.0, -0.0, -0.0, -0.0, 0.0, -1.0, 0.37472, -0.0, 1.0, 0.0, 0.0, 0.0, 0.0, 0.0, 1.0],
                [1.0, 0.0, -1e-06, 0.0, -1e-06, 0.0, -1.0, 0.37472, -0.0, 1.0, 0.0, -0.0, 0.0, 0.0, 0.0, 1.0],
                [1.0, 0.0, -1e-06, 0.0, -1e-06, 0.0, -1.0, 0.37472, -0.0, 1.0, 0.0, -0.0, 0.0, 0.0, 0.0, 1.0],
                [1.0, 0.0, -1e-06, -0.0, -0.0, 0.0, -1.0, 0.37472, -0.0, 1.0, 0.0, -0.0, 0.0, 0.0, 0.0, 1.0],
                [1.0, 0.0, -0.0, -0.0, -0.0, 0.0, -1.0, 0.37472, -0.0, 1.0, 0.0, 0.0, 0.0, 0.0, 0.0, 1.0],
                [1.0, 0.0, -0.0, 0.0, -0.0, 0.0, -1.0, 0.37472, -0.0, 1.0, 0.0, -0.0, 0.0, 0.0, 0.0, 1.0],
                [1.0, 0.0, -0.0, -0.0, -0.0, 0.0, -1.0, 0.37472, -0.0, 1.0, 0.0, 0.0, 0.0, 0.0, 0.0, 1.0],
                [1.0, 0.0, -1e-06, -0.0, -0.0, 0.0, -1.0, 0.37472, -0.0, 1.0, 0.0, -0.0, 0.0, 0.0, 0.0, 1.0],
                [1.0, 0.0, -0.0, 0.0, -0.0, 0.0, -1.0, 0.37472, -0.0, 1.0, 0.0, 0.0, 0.0, 0.0, 0.0, 1.0],
                [1.0, 0.0, -1e-06, -0.0, -1e-06, 0.0, -1.0, 0.37472, -0.0, 1.0, 0.0, 0.0, 0.0, 0.0, 0.0, 1.0],
                [1.0, 0.0, -1e-06, 0.0, -0.0, 0.0, -1.0, 0.37472, -0.0, 1.0, 0.0, -0.0, 0.0, 0.0, 0.0, 1.0],
                [1.0, 0.0, -0.0, 0.0, -0.0, 0.0, -1.0, 0.37472, -0.0, 1.0, 0.0, -0.0, 0.0, 0.0, 0.0, 1.0],
                [1.0, 0.0, -0.0, -0.0, -1e-06, 0.0, -1.0, 0.37472, -0.0, 1.0, 0.0, 0.0, 0.0, 0.0, 0.0, 1.0],
                [1.0, 0.0, -0.0, 0.0, -0.0, 0.0, -1.0, 0.37472, -0.0, 1.0, 0.0, -0.0, 0.0, 0.0, 0.0, 1.0],
                [1.0, 0.0, -0.0, 0.0, -0.0, 0.0, -1.0, 0.37472, -0.0, 1.0, 0.0, 0.0, 0.0, 0.0, 0.0, 1.0],
                [1.0, 0.0, -0.0, 0.0, -0.0, 0.0, -1.0, 0.37472, -0.0, 1.0, 0.0, 0.0, 0.0, 0.0, 0.0, 1.0],
                [1.0, 0.0, -1e-06, 0.0, -0.0, 0.0, -1.0, 0.37472, -0.0, 1.0, 0.0, -0.0, 0.0, 0.0, 0.0, 1.0],
                [1.0, 0.0, -0.0, 0.0, -0.0, 0.0, -1.0, 0.37472, -0.0, 1.0, 0.0, -0.0, 0.0, 0.0, 0.0, 1.0],
                [1.0, 0.0, -0.0, 0.0, -0.0, 0.0, -1.0, 0.37472, -0.0, 1.0, 0.0, -0.0, 0.0, 0.0, 0.0, 1.0],
                [1.0, 0.0, -0.0, 0.0, -0.0, 0.0, -1.0, 0.37472, -0.0, 1.0, 0.0, -0.0, 0.0, 0.0, 0.0, 1.0],
                [1.0, 0.0, -0.0, 0.0, -0.0, 0.0, -1.0, 0.37472, -0.0, 1.0, 0.0, -0.0, 0.0, 0.0, 0.0, 1.0],
                [1.0, 0.0, -0.0, -0.0, -1e-06, 0.0, -1.0, 0.37472, -0.0, 1.0, 0.0, -0.0, 0.0, 0.0, 0.0, 1.0],
                [1.0, 0.0, -0.0, -0.0, -0.0, 0.0, -1.0, 0.37472, -0.0, 1.0, 0.0, 0.0, 0.0, 0.0, 0.0, 1.0],
                [1.0, 0.0, -0.0, 0.0, -1e-06, 0.0, -1.0, 0.37472, -0.0, 1.0, 0.0, -0.0, 0.0, 0.0, 0.0, 1.0],
                [1.0, 0.0, -0.0, 0.0, -0.0, 0.0, -1.0, 0.37472, -0.0, 1.0, 0.0, 0.0, 0.0, 0.0, 0.0, 1.0],
                [1.0, 0.0, -1e-06, -0.0, -0.0, 0.0, -1.0, 0.37472, -0.0, 1.0, 0.0, -0.0, 0.0, 0.0, 0.0, 1.0]
            ]
        },
        {
            "name": "Thigh_L",
            "time": [0.0, 0.0167, 0.0333, 0.05, 0.0667, 0.0833, 0.1, 0.1167, 0.1333, 0.15, 0.1667, 0.1833, 0.2, 0.2167, 0.2333, 0.25, 0.2667, 0.2833, 0.3, 0.3167, 0.3333, 0.35, 0.3667, 0.3833, 0.4, 0.4167, 0.4333, 0.45, 0.4667, 0.4833, 0.5, 0.5167, 0.5333],
            "transform": [
                [0.475474, -0.761513, -0.440481, -0.125006, -0.604414, -0.64659, 0.465408, -0.002831, -0.639225, 0.044943, -0.767706, -1.2e-05, 0.0, 0.0, 0.0, 1.0],
                [0.475474, -0.761022, -0.441327, -0.125006, -0.604414, -0.647107, 0.464689, -0.002831, -0.639225, 0.045797, -0.767655, -1.2e-05, 0.0, 0.0, 0.0, 1.0],
                [0.475474, -0.759638, -0.443705, -0.125006, -0.604414, -0.648557, 0.462662, -0.002831, -0.639224, 0.048197, -0.767508, -1.2e-05, 0.0, 0.0, 0.0, 1.0],
                [0.475474, -0.757484, -0.447372, -0.125006, -0.604414, -0.650786, 0.459522, -0.002831, -0.639224, 0.051907, -0.767266, -1.2e-05, 0.0, 0.0, 0.0, 1.0],
                [0.475474, -0.754682, -0.452083, -0.125006, -0.604414, -0.653637, 0.455458, -0.002831, -0.639224, 0.056687, -0.766928, -1.2e-05, 0.0, 0.0, 0.0, 1.0],
                [0.475474, -0.751354, -0.457594, -0.125006, -0.604414, -0.656952, 0.450663, -0.002831, -0.639225, 0.062297, -0.766493, -1.2e-05, 0.0, 0.0, 0.0, 1.0],
                [0.475474, -0.747625, -0.46366, -0.125006, -0.604414, -0.660578, 0.445331, -0.002831, -0.639224, 0.068499, -0.765963, -1.2e-05, 0.0, 0.0, 0.0, 1.0],
                [0.475474, -0.743629, -0.470042, -0.125006, -0.604414, -0.664366, 0.43966, -0.002831, -0.639224, 0.075053, -0.765349, -1.2e-05, 0.0, 0.0, 0.0, 1.0],
                [0.475474, -0.739505, -0.476505, -0.125006, -0.604414, -0.668172, 0.433854, -0.002831, -0.639224, 0.08172, -0.764666, -1.2e-05, 0.0, 0.0, 0.0, 1.0],
                [0.475474, -0.735399, -0.482818, -0.125006, -0.604414, -0.671862, 0.428118, -0.002831, -0.639224, 0.088262, -0.763938, -1.2e-05, 0.0, 0.0, 0.0, 1.0],
                [0.475474, -0.731467, -0.488754, -0.125006, -0.604414, -0.675305, 0.422666, -0.002831, -0.639224, 0.094443, -0.763199, -1.2e-05, 0.0, 0.0, 0.0, 1.0],
                [0.475474, -0.727871, -0.494093, -0.125006, -0.604414, -0.678379, 0.417714, -0.002831, -0.639225, 0.100025, -0.762487, -1.2e-05, 0.0, 0.0, 0.0, 1.0],
                [0.475474, -0.724778, -0.498619, -0.125006, -0.604414, -0.680969, 0.413479, -0.002831, -0.639224, 0.104774, -0.761849, -1.2e-05, 0.0, 0.0, 0.0, 1.0],
                [0.475474, -0.722359, -0.502117, -0.125006, -0.604414, -0.68296, 0.410182, -0.002831, -0.639225, 0.108456, -0.761334, -1.2e-05, 0.0, 0.0, 0.0, 1.0],
                [0.475474, -0.720785, -0.504374, -0.125006, -0.604414, -0.684239, 0.408044, -0.002831, -0.639225, 0.110837, -0.760991, -1.2e-05, 0.0, 0.0, 0.0, 1.0],
                [0.475474, -0.720224, -0.505175, -0.125006, -0.604414, -0.684693, 0.407283, -0.002831, -0.639225, 0.111682, -0.760867, -1.2e-05, 0.0, 0.0, 0.0, 1.0],
                [0.475474, -0.720664, -0.504548, -0.125006, -0.604414, -0.684338, 0.407879, -0.002831, -0.639225, 0.11102, -0.760964, -1.2e-05, 0.0, 0.0, 0.0, 1.0],
                [0.475474, -0.721907, -0.502768, -0.125006, -0.604414, -0.683329, 0.409566, -0.002831, -0.639225, 0.109142, -0.761236, -1.2e-05, 0.0, 0.0, 0.0, 1.0],
                [0.475474, -0.723839, -0.499982, -0.125006, -0.604414, -0.681746, 0.412197, -0.002831, -0.639225, 0.106207, -0.761651, -1.2e-05, 0.0, 0.0, 0.0, 1.0],
                [0.475474, -0.726343, -0.496338, -0.125006, -0.604414, -0.679665, 0.415618, -0.002831, -0.639225, 0.102378, -0.762175, -1.2e-05, 0.0, 0.0, 0.0, 1.0],
                [0.475474, -0.7293, -0.491981, -0.125006, -0.604414, -0.677166, 0.419679, -0.002831, -0.639225, 0.097814, -0.762774, -1.2e-05, 0.0, 0.0, 0.0, 1.0],
                [0.475474, -0.732596, -0.48706, -0.125006, -0.604414, -0.674325, 0.424228, -0.002831, -0.639224, 0.092677, -0.763415, -1.2e-05, 0.0, 0.0, 0.0, 1.0],
                [0.475474, -0.736115, -0.481725, -0.125006, -0.604414, -0.671225, 0.429116, -0.002831, -0.639224, 0.087128, -0.764069, -1.2e-05, 0.0, 0.0, 0.0, 1.0],
                [0.475474, -0.739748, -0.476127, -0.125006, -0.604414, -0.66795, 0.434195, -0.002831, -0.639224, 0.081329, -0.764708, -1.2e-05, 0.0, 0.0, 0.0, 1.0],
                [0.475474, -0.743389, -0.470423, -0.125006, -0.604414, -0.664591, 0.43932, -0.002831, -0.639224, 0.075444, -0.765311, -1.2e-05, 0.0, 0.0, 0.0, 1.0],
                [0.475474, -0.746936, -0.46477, -0.125006, -0.604414, -0.661239, 0.444349, -0.002831, -0.639224, 0.069637, -0.765861, -1.2e-05, 0.0, 0.0, 0.0, 1.0],
                [0.475474, -0.750293, -0.459331, -0.125006, -0.604414, -0.657993, 0.449141, -0.002831, -0.639225, 0.064071, -0.766346, -1.2e-05, 0.0, 0.0, 0.0, 1.0],
                [0.475474, -0.753368, -0.454269, -0.125006, -0.604414, -0.654955, 0.453561, -0.002831, -0.639224, 0.05891, -0.766761, -1.2e-05, 0.0, 0.0, 0.0, 1.0],
                [0.475474, -0.756074, -0.449752, -0.125006, -0.604414, -0.652228, 0.457473, -0.002831, -0.639224, 0.05432, -0.767099, -1.2e-05, 0.0, 0.0, 0.0, 1.0],
                [0.475474, -0.758325, -0.445946, -0.125006, -0.604414, -0.649921, 0.460745, -0.002831, -0.639224, 0.050463, -0.767363, -1.2e-05, 0.0, 0.0, 0.0, 1.0],
                [0.475474, -0.760038, -0.443021, -0.125006, -0.604414, -0.64814, 0.463247, -0.002831, -0.639224, 0.047506, -0.767551, -1.2e-05, 0.0, 0.0, 0.0, 1.0],
                [0.475474, -0.761129, -0.441143, -0.125006, -0.604414, -0.646995, 0.464845, -0.002831, -0.639224, 0.045611, -0.767666, -1.2e-05, 0.0, 0.0, 0.0, 1.0],
                [0.475474, -0.761513, -0.440481, -0.125006, -0.604414, -0.64659, 0.465408, -0.002831, -0.639225, 0.044943, -0.767706, -1.2e-05, 0.0, 0.0, 0.0, 1.0]
            ]
        },
        {
            "name": "Leg_L",
            "time": [0.0, 0.0167, 0.0333, 0.05, 0.0667, 0.0833, 0.1, 0.1167, 0.1333, 0.15, 0.1667, 0.1833, 0.2, 0.2167, 0.2333, 0.25, 0.2667, 0.2833, 0.3, 0.3167, 0.3333, 0.35, 0.3667, 0.3833, 0.4, 0.4167, 0.4333, 0.45, 0.4667, 0.4833, 0.5, 0.5167, 0.5333],
            "transform": [
                [1.0, -0.0, 1e-06, -0.0, -0.0, 0.573576, 0.819152, 0.37472, -1e-06, -0.819152, 0.573576, -0.0, 0.0, 0.0, 0.0, 1.0],
                [0.99999, -0.001329, 0.004222, 0.0, -0.002693, 0.574474, 0.818518, 0.37472, -0.003513, -0.818522, 0.574465, -0.0, 0.0, 0.0, 0.0, 1.0],
                [0.999857, -0.005045, 0.016118, -0.0, -0.010253, 0.577019, 0.816666, 0.37472, -0.01342, -0.816715, 0.576885, 0.0, 0.0, 0.0, 0.0, 1.0],
                [0.999346, -0.010722, 0.034542, 0.0, -0.021889, 0.581002, 0.813608, 0.37472, -0.028792, -0.813832, 0.580387, 0.0, 0.0, 0.0, 0.0, 1.0],
                [0.998136, -0.017913, 0.058345, -0.0, -0.036788, 0.586219, 0.809317, 0.37472, -0.0487, -0.809955, 0.584467, -0.0, 0.0, 0.0, 0.0, 1.0],
                [0.995921, -0.026168, 0.086351, -0.0, -0.054124, 0.592462, 0.803778, 0.37472, -0.072193, -0.805173, 0.588629, -0.0, 0.0, 0.0, 0.0, 1.0],
                [0.992472, -0.035047, 0.117348, -0.0, -0.073069, 0.599504, 0.797029, 0.37472, -0.098285, -0.799604, 0.59243, 0.0, 0.0, 0.0, 0.0, 1.0],
                [0.987685, -0.044132, 0.1501, -0.0, -0.092808, 0.607096, 0.78919, 0.37472, -0.125954, -0.793402, 0.595524, -0.0, 0.0, 0.0, 0.0, 1.0],
                [0.981615, -0.053042, 0.183353, 0.0, -0.112554, 0.614964, 0.780482, 0.37472, -0.154154, -0.78677, 0.597687, -0.0, 0.0, 0.0, 0.0, 1.0],
                [0.974489, -0.061444, 0.215862, -0.0, -0.131567, 0.622812, 0.771229, 0.37472, -0.181829, -0.779955, 0.59884, -0.0, 0.0, 0.0, 0.0, 1.0],
                [0.966703, -0.069055, 0.246407, 0.0, -0.149167, 0.630331, 0.761861, 0.37472, -0.207929, -0.773249, 0.599043, 0.0, 0.0, 0.0, 0.0, 1.0],
                [0.958801, -0.075649, 0.27382, 0.0, -0.164738, 0.6372, 0.752886, 0.37472, -0.231433, -0.766977, 0.598486, -0.0, 0.0, 0.0, 0.0, 1.0],
                [0.951438, -0.081042, 0.296981, -0.0, -0.177728, 0.643094, 0.744877, 0.37472, -0.251353, -0.761486, 0.597461, -0.0, 0.0, 0.0, 0.0, 1.0],
                [0.94533, -0.085083, 0.314822, 0.0, -0.187627, 0.647693, 0.738438, 0.37472, -0.266737, -0.757136, 0.596319, 0.0, 0.0, 0.0, 0.0, 1.0],
                [0.941196, -0.087629, 0.326301, -0.0, -0.193946, 0.650678, 0.734168, 0.37472, -0.276651, -0.754281, 0.59542, 0.0, 0.0, 0.0, 0.0, 1.0],
                [0.939692, -0.088522, 0.330367, -0.0, -0.196175, 0.65174, 0.732632, 0.37472, -0.280167, -0.753259, 0.59507, 0.0, 0.0, 0.0, 0.0, 1.0],
                [0.940871, -0.087824, 0.327184, 0.0, -0.194431, 0.650908, 0.733836, 0.37472, -0.277415, -0.754059, 0.595345, -0.0, 0.0, 0.0, 0.0, 1.0],
                [0.944153, -0.085822, 0.318134, 0.0, -0.189454, 0.648552, 0.737216, 0.37472, -0.269596, -0.756317, 0.596073, -0.0, 0.0, 0.0, 0.0, 1.0],
                [0.949101, -0.08263, 0.30394, -0.0, -0.1816, 0.644882, 0.742394, 0.37472, -0.257349, -0.759803, 0.597053, -0.0, 0.0, 0.0, 0.0, 1.0],
                [0.955226, -0.078346, 0.285315, -0.0, -0.171204, 0.640115, 0.74896, 0.37472, -0.241312, -0.764274, 0.598041, -0.0, 0.0, 0.0, 0.0, 1.0],
                [0.962029, -0.07307, 0.262984, -0.0, -0.158609, 0.634471, 0.756498, 0.37472, -0.222133, -0.769485, 0.59879, 0.0, 0.0, 0.0, 0.0, 1.0],
                [0.969032, -0.066913, 0.237697, -0.0, -0.144175, 0.628173, 0.7646, 0.37472, -0.200477, -0.775191, 0.599072, -0.0, 0.0, 0.0, 0.0, 1.0],
                [0.975808, -0.060011, 0.210233, -0.0, -0.128296, 0.621442, 0.772884, 0.37472, -0.17703, -0.781158, 0.598709, 0.0, 0.0, 0.0, 0.0, 1.0],
                [0.982004, -0.052529, 0.181406, -0.0, -0.111406, 0.614498, 0.781013, 0.37472, -0.1525, -0.787167, 0.597588, 0.0, 0.0, 0.0, 0.0, 1.0],
                [0.987362, -0.044665, 0.152055, -0.0, -0.093977, 0.607554, 0.788699, 0.37472, -0.127609, -0.793022, 0.595678, -0.0, 0.0, 0.0, 0.0, 1.0],
                [0.991725, -0.036647, 0.123036, -0.0, -0.076518, 0.600812, 0.79572, 0.37472, -0.103082, -0.79855, 0.593036, -0.0, 0.0, 0.0, 0.0, 1.0],
                [0.995042, -0.028734, 0.095212, 0.0, -0.059566, 0.594461, 0.801915, 0.37472, -0.079642, -0.803611, 0.589802, -0.0, 0.0, 0.0, 0.0, 1.0],
                [0.997361, -0.021209, 0.069436, -0.0, -0.043678, 0.588678, 0.807187, 0.37472, -0.057995, -0.808089, 0.586198, -0.0, 0.0, 0.0, 0.0, 1.0],
                [0.998813, -0.014369, 0.046548, -0.0, -0.029422, 0.583623, 0.811491, 0.37472, -0.038827, -0.811898, 0.582507, 0.0, 0.0, 0.0, 0.0, 1.0],
                [0.999589, -0.008522, 0.027366, -0.0, -0.017367, 0.579445, 0.814827, 0.37472, -0.022801, -0.814967, 0.579058, 0.0, 0.0, 0.0, 0.0, 1.0],
                [0.999912, -0.003978, 0.012689, -0.0, -0.008078, 0.576284, 0.81721, 0.37472, -0.010563, -0.81724, 0.5762, 0.0, 0.0, 0.0, 0.0, 1.0],
                [0.999994, -0.001041, 0.003305, 0.0, -0.002108, 0.574279, 0.818657, 0.37472, -0.00275, -0.818659, 0.574273, -0.0, 0.0, 0.0, 0.0, 1.0],
                [1.0, -0.0, 1e-06, -0.0, -0.0, 0.573576, 0.819152, 0.37472, -1e-06, -0.819152, 0.573576, -0.0, 0.0, 0.0, 0.0, 1.0]
            ]
        },
        {
            "name": "Knee_L",
            "time": [0.0, 0.0167, 0.0333, 0.05, 0.0667, 0.0833, 0.1, 0.1167, 0.1333, 0.15, 0.1667, 0.1833, 0.2, 0.2167, 0.2333, 0.25, 0.2667, 0.2833, 0.3, 0.3167, 0.3333, 0.35, 0.3667, 0.3833, 0.4, 0.4167, 0.4333, 0.45, 0.4667, 0.4833, 0.5, 0.5167, 0.5333],
            "transform": [
                [1.0, 0.0, -1e-06, -0.0, -0.0, 0.0, -1.0, 0.37472, -0.0, 1.0, 0.0, -0.0, 0.0, 0.0, 0.0, 1.0],
                [1.0, 0.0, -1e-06, 0.0, -0.0, 0.0, -1.0, 0.37472, -0.0, 1.0, 0.0, -0.0, 0.0, 0.0, 0.0, 1.0],
                [1.0, 0.0, -1e-06, -0.0, -1e-06, 0.0, -1.0, 0.37472, -0.0, 1.0, 0.0, 0.0, 0.0, 0.0, 0.0, 1.0],
                [1.0, 0.0, -1e-06, 0.0, -0.0, 0.0, -1.0, 0.37472, -0.0, 1.0, 0.0, 0.0, 0.0, 0.0, 0.0, 1.0],
                [1.0, 0.0, -0.0, -0.0, -0.0, 0.0, -1.0, 0.37472, -0.0, 1.0, 0.0, -0.0, 0.0, 0.0, 0.0, 1.0],
                [1.0, 0.0, -1e-06, -0.0, -0.0, 0.0, -1.0, 0.37472, -0.0, 1.0, 0.0, -0.0, 0.0, 0.0, 0.0, 1.0],
                [1.0, 0.0, -1e-06, -0.0, -0.0, 0.0, -1.0, 0.37472, -0.0, 1.0, 0.0, 0.0, 0.0, 0.0, 0.0, 1.0],
                [1.0, 0.0, -1e-06, -0.0, -0.0, 0.0, -1.0, 0.37472, -0.0, 1.0, 0.0, -0.0, 0.0, 0.0, 0.0, 1.0],
                [1.0, 0.0, -1e-06, 0.0, -0.0, 0.0, -1.0, 0.37472, -0.0, 1.0, 0.0, -0.0, 0.0, 0.0, 0.0, 1.0],
                [1.0, 0.0, -0.0, -0.0, -0.0, 0.0, -1.0, 0.37472, -0.0, 1.0, 0.0, -0.0, 0.0, 0.0, 0.0, 1.0],
                [1.0, 0.0, -1e-06, 0.0, -0.0, 0.0, -1.0, 0.37472, -0.0, 1.0, 0.0, 0.0, 0.0, 0.0, 0.0, 1.0],
                [1.0, 0.0, -0.0, 0.0, -0.0, 0.0, -1.0, 0.37472, -0.0, 1.0, 0.0, -0.0, 0.0, 0.0, 0.0, 1.0],
                [1.0, 0.0, -0.0, -0.0, -0.0, 0.0, -1.0, 0.37472, -0.0, 1.0, 0.0, -0.0, 0.0, 0.0, 0.0, 1.0],
                [1.0, 0.0, -0.0, 0.0, -0.0, 0.0, -1.0, 0.37472, -0.0, 1.0, 0.0, 0.0, 0.0, 0.0, 0.0, 1.0],
                [1.0, 0.0, -0.0, -0.0, -0.0, 0.0, -1.0, 0.37472, -0.0, 1.0, 0.0, 0.0, 0.0, 0.0, 0.0, 1.0],
                [1.0, 0.0, -0.0, -0.0, -0.0, 0.0, -1.0, 0.37472, -0.0, 1.0, 0.0, 0.0, 0.0, 0.0, 0.0, 1.0],
                [1.0, 0.0, -0.0, 0.0, -0.0, 0.0, -1.0, 0.37472, -0.0, 1.0, 0.0, -0.0, 0.0, 0.0, 0.0, 1.0],
                [1.0, 0.0, -0.0, 0.0, -0.0, 0.0, -1.0, 0.37472, -0.0, 1.0, 0.0, -0.0, 0.0, 0.0, 0.0, 1.0],
                [1.0, 0.0, -0.0, -0.0, -1e-06, 0.0, -1.0, 0.37472, -0.0, 1.0, 0.0, -0.0, 0.0, 0.0, 0.0, 1.0],
                [1.0, 0.0, -0.0, -0.0, -0.0, 0.0, -1.0, 0.37472, -0.0, 1.0, 0.0, -0.0, 0.0, 0.0, 0.0, 1.0],
                [1.0, 0.0, -1e-06, -0.0, -0.0, 0.0, -1.0, 0.37472, -0.0, 1.0, 0.0, 0.0, 0.0, 0.0, 0.0, 1.0],
                [1.0, 0.0, -1e-06, -0.0, -0.0, 0.0, -1.0, 0.37472, -0.0, 1.0, 0.0, -0.0, 0.0, 0.0, 0.0, 1.0],
                [1.0, 0.0, -0.0, -0.0, -0.0, 0.0, -1.0, 0.37472, -0.0, 1.0, 0.0, 0.0, 0.0, 0.0, 0.0, 1.0],
                [1.0, 0.0, -0.0, -0.0, -0.0, 0.0, -1.0, 0.37472, -0.0, 1.0, 0.0, 0.0, 0.0, 0.0, 0.0, 1.0],
                [1.0, 0.0, -0.0, -0.0, -1e-06, 0.0, -1.0, 0.37472, -0.0, 1.0, 0.0, -0.0, 0.0, 0.0, 0.0, 1.0],
                [1.0, 0.0, -0.0, -0.0, -0.0, 0.0, -1.0, 0.37472, -0.0, 1.0, 0.0, -0.0, 0.0, 0.0, 0.0, 1.0],
                [1.0, 0.0, -1e-06, 0.0, -0.0, 0.0, -1.0, 0.37472, -0.0, 1.0, 0.0, -0.0, 0.0, 0.0, 0.0, 1.0],
                [1.0, 0.0, -1e-06, -0.0, -0.0, 0.0, -1.0, 0.37472, -0.0, 1.0, 0.0, -0.0, 0.0, 0.0, 0.0, 1.0],
                [1.0, 0.0, -1e-06, -0.0, -0.0, 0.0, -1.0, 0.37472, -0.0, 1.0, 0.0, 0.0, 0.0, 0.0, 0.0, 1.0],
                [1.0, 0.0, -0.0, -0.0, -0.0, 0.0, -1.0, 0.37472, -0.0, 1.0, 0.0, 0.0, 0.0, 0.0, 0.0, 1.0],
                [1.0, 0.0, -1e-06, -0.0, -0.0, 0.0, -1.0, 0.37472, -0.0, 1.0, 0.0, 0.0, 0.0, 0.0, 0.0, 1.0],
                [1.0, 0.0, -1e-06, 0.0, -0.0, 0.0, -1.0, 0.37472, -0.0, 1.0, 0.0, -0.0, 0.0, 0.0, 0.0, 1.0],
                [1.0, 0.0, -1e-06, -0.0, -0.0, 0.0, -1.0, 0.37472, -0.0, 1.0, 0.0, -0.0, 0.0, 0.0, 0.0, 1.0]
            ]
        },
        {
            "name": "Torso",
            "time": [0.0, 0.0167, 0.0333, 0.05, 0.0667, 0.0833, 0.1, 0.1167, 0.1333, 0.15, 0.1667, 0.1833, 0.2, 0.2167, 0.2333, 0.25, 0.2667, 0.2833, 0.3, 0.3167, 0.3333, 0.35, 0.3667, 0.3833, 0.4, 0.4167, 0.4333, 0.45, 0.4667, 0.4833, 0.5, 0.5167, 0.5333],
            "transform": [
                [1.0, 0.0, 0.0, 0.0, 0.0, 0.965926, 0.258819, 0.05, 0.0, -0.258819, 0.965926, 0.0, 0.0, 0.0, 0.0, 1.0],
                [1.0, 0.0, 0.0, 0.0, 0.0, 0.965672, 0.259765, 0.05, 0.0, -0.259765, 0.965672, 0.0, 0.0, 0.0, 0.0, 1.0],
                [1.0, 0.0, 0.0, 0.0, 0.0, 0.964949, 0.262438, 0.05, 0.0, -0.262438, 0.964949, 0.0, 0.0, 0.0, 0.0, 1.0],
                [1.0, 0.0, 0.0, 0.0, 0.0, 0.963811, 0.266588, 0.05, 0.0, -0.266588, 0.963811, 0.0, 0.0, 0.0, 0.0, 1.0],
                [1.0, 0.0, 0.0, 0.0, 0.0, 0.962308, 0.271963, 0.05, 0.0, -0.271963, 0.962308, 0.0, 0.0, 0.0, 0.0, 1.0],
                [1.0, 0.0, 0.0, 0.0, 0.0, 0.960491, 0.278313, 0.05, 0.0, -0.278313, 0.960491, 0.0, 0.0, 0.0, 0.0, 1.0],
                [1.0, 0.0, 0.0, 0.0, 0.0, 0.958413, 0.285386, 0.05, 0.0, -0.285386, 0.958413, 0.0, 0.0, 0.0, 0.0, 1.0],
                [1.0, 0.0, 0.0, 0.0, 0.0, 0.956133, 0.292933, 0.05, 0.0, -0.292933, 0.956133, 0.0, 0.0, 0.0, 0.0, 1.0],
                [1.0, 0.0, 0.0, 0.0, 0.0, 0.953717, 0.300706, 0.05, 0.0, -0.300706, 0.953717, 0.0, 0.0, 0.0, 0.0, 1.0],
                [1.0, 0.0, 0.0, 0.0, 0.0, 0.951238, 0.308459, 0.05, 0.0, -0.308459, 0.951238, 0.0, 0.0, 0.0, 0.0, 1.0],
                [1.0, 0.0, 0.0, 0.0, 0.0, 0.948776, 0.315949, 0.05, 0.0, -0.315949, 0.948776, 0.0, 0.0, 0.0, 0.0, 1.0],
                [1.0, 0.0, 0.0, 0.0, 0.0, 0.946421, 0.322935, 0.05, 0.0, -0.322935, 0.946421, 0.0, 0.0, 0.0, 0.0, 1.0],
                [1.0, 0.0, 0.0, 0.0, 0.0, 0.944268, 0.329178, 0.05, 0.0, -0.329178, 0.944268, 0.0, 0.0, 0.0, 0.0, 1.0],
                [1.0, 0.0, 0.0, 0.0, 0.0, 0.942416, 0.334443, 0.05, 0.0, -0.334443, 0.942416, 0.0, 0.0, 0.0, 0.0, 1.0],
                [1.0, 0.0, 0.0, 0.0, 0.0, 0.940968, 0.338495, 0.05, 0.0, -0.338495, 0.940968, 0.0, 0.0, 0.0, 0.0, 1.0],
                [1.0, 0.0, 0.0, 0.0, 0.0, 0.940027, 0.341099, 0.05, 0.0, -0.341099, 0.940027, 0.0, 0.0, 0.0, 0.0, 1.0],
                [1.0, 0.0, 0.0, 0.0, 0.0, 0.939693, 0.34202, 0.05, 0.0, -0.34202, 0.939693, 0.0, 0.0, 0.0, 0.0, 1.0],
                [1.0, 0.0, 0.0, 0.0, 0.0, 0.940027, 0.341099, 0.05, 0.0, -0.341099, 0.940027, 0.0, 0.0, 0.0, 0.0, 1.0],
                [1.0, 0.0, 0.0, 0.0, 0.0, 0.940968, 0.338495, 0.05, 0.0, -0.338495, 0.940968, 0.0, 0.0, 0.0, 0.0, 1.0],
                [1.0, 0.0, 0.0, 0.0, 0.0, 0.942416, 0.334443, 0.05, 0.0, -0.334443, 0.942416, 0.0, 0.0, 0.0, 0.0, 1.0],
                [1.0, 0.0, 0.0, 0.0, 0.0, 0.944268, 0.329178, 0.05, 0.0, -0.329178, 0.944268, 0.0, 0.0, 0.0, 0.0, 1.0],
                [1.0, 0.0, 0.0, 0.0, 0.0, 0.946421, 0.322934, 0.05, 0.0, -0.322934, 0.946421, 0.0, 0.0, 0.0, 0.0, 1.0],
                [1.0, 0.0, 0.0, 0.0, 0.0, 0.948776, 0.315949, 0.05, 0.0, -0.315949, 0.948776, 0.0, 0.0, 0.0, 0.0, 1.0],
                [1.0, 0.0, 0.0, 0.0, 0.0, 0.951238, 0.308459, 0.05, 0.0, -0.308459, 0.951238, 0.0, 0.0, 0.0, 0.0, 1.0],
                [1.0, 0.0, 0.0, 0.0, 0.0, 0.953717, 0.300706, 0.05, 0.0, -0.300706, 0.953717, 0.0, 0.0, 0.0, 0.0, 1.0],
                [1.0, 0.0, 0.0, 0.0, 0.0, 0.956133, 0.292933, 0.05, 0.0, -0.292933, 0.956133, 0.0, 0.0, 0.0, 0.0, 1.0],
                [1.0, 0.0, 0.0, 0.0, 0.0, 0.958413, 0.285386, 0.05, 0.0, -0.285386, 0.958413, 0.0, 0.0, 0.0, 0.0, 1.0],
                [1.0, 0.0, 0.0, 0.0, 0.0, 0.960491, 0.278313, 0.05, 0.0, -0.278313, 0.960491, 0.0, 0.0, 0.0, 0.0, 1.0],
                [1.0, 0.0, 0.0, 0.0, 0.0, 0.962308, 0.271963, 0.05, 0.0, -0.271963, 0.962308, 0.0, 0.0, 0.0, 0.0, 1.0],
                [1.0, 0.0, 0.0, 0.0, 0.0, 0.963811, 0.266588, 0.05, 0.0, -0.266588, 0.963811, 0.0, 0.0, 0.0, 0.0, 1.0],
                [1.0, 0.0, 0.0, 0.0, 0.0, 0.964949, 0.262438, 0.05, 0.0, -0.262438, 0.964949, 0.0, 0.0, 0.0, 0.0, 1.0],
                [1.0, 0.0, 0.0, 0.0, 0.0, 0.965672, 0.259765, 0.05, 0.0, -0.259765, 0.965672, 0.0, 0.0, 0.0, 0.0, 1.0],
                [1.0, 0.0, 0.0, 0.0, 0.0, 0.965926, 0.258819, 0.05, 0.0, -0.258819, 0.965926, 0.0, 0.0, 0.0, 0.0, 1.0]
            ]
        },
        {
            "name": "Chest",
            "time": [0.0, 0.0167, 0.0333, 0.05, 0.0667, 0.0833, 0.1, 0.1167, 0.1333, 0.15, 0.1667, 0.1833, 0.2, 0.2167, 0.2333, 0.25, 0.2667, 0.2833, 0.3, 0.3167, 0.3333, 0.35, 0.3667, 0.3833, 0.4, 0.4167, 0.4333, 0.45, 0.4667, 0.4833, 0.5, 0.5167, 0.5333],
            "transform": [
                [0.819152, 0.0, -0.573577, -0.0, 0.242404, 0.906308, 0.346189, 0.3, 0.519837, -0.422618, 0.742404, -0.0, 0.0, 0.0, 0.0, 1.0],
                [0.819152, 0.0, -0.573576, 0.0, 0.242913, 0.905893, 0.346916, 0.3, 0.519599, -0.423506, 0.742064, 0.0, 0.0, 0.0, 0.0, 1.0],
                [0.819152, 0.0, -0.573577, 0.0, 0.244351, 0.904717, 0.348969, 0.3, 0.518925, -0.426013, 0.741101, 0.0, 0.0, 0.0, 0.0, 1.0],
                [0.819152, 0.0, -0.573577, -0.0, 0.246581, 0.902876, 0.352155, 0.3, 0.517868, -0.429902, 0.739592, 0.0, 0.0, 0.0, 0.0, 1.0],
                [0.819152, 0.0, -0.573577, 0.0, 0.249468, 0.900462, 0.356277, 0.3, 0.516484, -0.434934, 0.737616, -0.0, 0.0, 0.0, 0.0, 1.0],
                [0.819152, 0.0, -0.573576, 0.0, 0.252874, 0.89757, 0.361141, 0.3, 0.514825, -0.440872, 0.735246, -0.0, 0.0, 0.0, 0.0, 1.0],
                [0.819152, 0.0, -0.573576, 0.0, 0.256662, 0.894296, 0.366551, 0.3, 0.512947, -0.447477, 0.732564, -0.0, 0.0, 0.0, 0.0, 1.0],
                [0.819152, 0.0, -0.573577, 0.0, 0.260698, 0.89074, 0.372315, 0.3, 0.510908, -0.454513, 0.729651, -0.0, 0.0, 0.0, 0.0, 1.0],
                [0.819152, 0.0, -0.573576, 0.0, 0.264848, 0.887011, 0.378242, 0.3, 0.508769, -0.461749, 0.726597, 0.0, 0.0, 0.0, 0.0, 1.0],
                [0.819152, 0.0, -0.573577, 0.0, 0.268981, 0.883223, 0.384144, 0.3, 0.506596, -0.468953, 0.723494, -0.0, 0.0, 0.0, 0.0, 1.0],
