{
    "animation": [
        {
            "name": "Root",
            "time": [0.0, 0.0167, 0.0333, 0.05, 0.0667, 0.0833, 0.1, 0.1167, 0.1333, 0.15, 0.1667, 0.1833, 0.2, 0.2167, 0.2333, 0.25, 0.2667, 0.2833, 0.3, 0.3167, 0.3333, 0.35, 0.3667, 0.3833, 0.4, 0.4167, 0.4333, 0.45, 0.4667, 0.4833, 0.5, 0.5167, 0.5333, 0.55, 0.5667, 0.5833, 0.6, 0.6167, 0.6333, 0.65, 0.6667, 0.6833, 0.7, 0.7167, 0.7333, 0.75, 0.7667, 0.7833, 0.8, 0.8167, 0.8333, 0.85, 0.8667, 0.8833, 0.9, 0.9167, 0.9333, 0.95, 0.9667, 0.9833, 1.0, 1.0167, 1.0333, 1.05, 1.0667],
            "transform": [
                [1.0, 0.0, 0.0, -5e-06, 0.0, 0.0, -1.0, 0.000946, 0.0, 1.0, 0.0, 0.624134, 0.0, 0.0, 0.0, 1.0],
                [1.0, 0.0, 0.0, -5e-06, 0.0, 0.0, -1.0, 0.000946, 0.0, 1.0, 0.0, 0.624134, 0.0, 0.0, 0.0, 1.0],
                [1.0, 0.0, 0.0, -5e-06, 0.0, 0.0, -1.0, 0.000946, 0.0, 1.0, 0.0, 0.624134, 0.0, 0.0, 0.0, 1.0],
                [1.0, 0.0, 0.0, -5e-06, 0.0, 0.0, -1.0, 0.000946, 0.0, 1.0, 0.0, 0.624134, 0.0, 0.0, 0.0, 1.0],
                [1.0, 0.0, 0.0, -5e-06, 0.0, 0.0, -1.0, 0.000946, 0.0, 1.0, 0.0, 0.624134, 0.0, 0.0, 0.0, 1.0],
                [1.0, 0.0, 0.0, -5e-06, 0.0, 0.0, -1.0, 0.000946, 0.0, 1.0, 0.0, 0.624134, 0.0, 0.0, 0.0, 1.0],
                [1.0, 0.0, 0.0, -5e-06, 0.0, 0.0, -1.0, 0.000946, 0.0, 1.0, 0.0, 0.624134, 0.0, 0.0, 0.0, 1.0],
                [1.0, 0.0, 0.0, -5e-06, 0.0, 0.0, -1.0, 0.000946, 0.0, 1.0, 0.0, 0.624134, 0.0, 0.0, 0.0, 1.0],
                [1.0, 0.0, 0.0, -5e-06, 0.0, 0.0, -1.0, 0.000946, 0.0, 1.0, 0.0, 0.624134, 0.0, 0.0, 0.0, 1.0],
                [1.0, 0.0, 0.0, -5e-06, 0.0, 0.0, -1.0, 0.000946, 0.0, 1.0, 0.0, 0.624134, 0.0, 0.0, 0.0, 1.0],
                [1.0, 0.0, 0.0, -5e-06, 0.0, 0.0, -1.0, 0.000946, 0.0, 1.0, 0.0, 0.624134, 0.0, 0.0, 0.0, 1.0],
                [1.0, 0.0, 0.0, -5e-06, 0.0, 0.0, -1.0, 0.000946, 0.0, 1.0, 0.0, 0.624134, 0.0, 0.0, 0.0, 1.0],
                [1.0, 0.0, 0.0, -5e-06, 0.0, 0.0, -1.0, 0.000946, 0.0, 1.0, 0.0, 0.624134, 0.0, 0.0, 0.0, 1.0],
                [1.0, 0.0, 0.0, -5e-06, 0.0, 0.0, -1.0, 0.000946, 0.0, 1.0, 0.0, 0.624134, 0.0, 0.0, 0.0, 1.0],
                [1.0, 0.0, 0.0, -5e-06, 0.0, 0.0, -1.0, 0.000946, 0.0, 1.0, 0.0, 0.624134, 0.0, 0.0, 0.0, 1.0],
                [1.0, 0.0, 0.0, -5e-06, 0.0, 0.0, -1.0, 0.000946, 0.0, 1.0, 0.0, 0.624134, 0.0, 0.0, 0.0, 1.0],
                [1.0, 0.0, 0.0, -5e-06, 0.0, 0.0, -1.0, 0.000946, 0.0, 1.0, 0.0, 0.624134, 0.0, 0.0, 0.0, 1.0],
                [1.0, 0.0, 0.0, -5e-06, 0.0, 0.0, -1.0, 0.000946, 0.0, 1.0, 0.0, 0.624134, 0.0, 0.0, 0.0, 1.0],
                [1.0, 0.0, 0.0, -5e-06, 0.0, 0.0, -1.0, 0.000946, 0.0, 1.0, 0.0, 0.624134, 0.0, 0.0, 0.0, 1.0],
                [1.0, 0.0, 0.0, -5e-06, 0.0, 0.0, -1.0, 0.000946, 0.0, 1.0, 0.0, 0.624134, 0.0, 0.0, 0.0, 1.0],
                [1.0, 0.0, 0.0, -5e-06, 0.0, 0.0, -1.0, 0.000946, 0.0, 1.0, 0.0, 0.624134, 0.0, 0.0, 0.0, 1.0],
                [1.0, 0.0, 0.0, -5e-06, 0.0, 0.0, -1.0, 0.000946, 0.0, 1.0, 0.0, 0.624134, 0.0, 0.0, 0.0, 1.0],
                [1.0, 0.0, 0.0, -5e-06, 0.0, 0.0, -1.0, 0.000946, 0.0, 1.0, 0.0, 0.624134, 0.0, 0.0, 0.0, 1.0],
                [1.0, 0.0, 0.0, -5e-06, 0.0, 0.0, -1.0, 0.000946, 0.0, 1.0, 0.0, 0.624134, 0.0, 0.0, 0.0, 1.0],
                [1.0, 0.0, 0.0, -5e-06, 0.0, 0.0, -1.0, 0.000946, 0.0, 1.0, 0.0, 0.624134, 0.0, 0.0, 0.0, 1.0],
                [1.0, 0.0, 0.0, -5e-06, 0.0, 0.0, -1.0, 0.000946, 0.0, 1.0, 0.0, 0.624134, 0.0, 0.0, 0.0, 1.0],
                [1.0, 0.0, 0.0, -5e-06, 0.0, 0.0, -1.0, 0.000946, 0.0, 1.0, 0.0, 0.624134, 0.0, 0.0, 0.0, 1.0],
                [1.0, 0.0, 0.0, -5e-06, 0.0, 0.0, -1.0, 0.000946, 0.0, 1.0, 0.0, 0.624134, 0.0, 0.0, 0.0, 1.0],
                [1.0, 0.0, 0.0, -5e-06, 0.0, 0.0, -1.0, 0.000946, 0.0, 1.0, 0.0, 0.624134, 0.0, 0.0, 0.0, 1.0],
                [1.0, 0.0, 0.0, -5e-06, 0.0, 0.0, -1.0, 0.000946, 0.0, 1.0, 0.0, 0.624134, 0.0, 0.0, 0.0, 1.0],
                [1.0, 0.0, 0.0, -5e-06, 0.0, 0.0, -1.0, 0.000946, 0.0, 1.0, 0.0, 0.624134, 0.0, 0.0, 0.0, 1.0],
                [1.0, 0.0, 0.0, -5e-06, 0.0, 0.0, -1.0, 0.000946, 0.0, 1.0, 0.0, 0.624134, 0.0, 0.0, 0.0, 1.0],
                [1.0, 0.0, 0.0, -5e-06, 0.0, 0.0, -1.0, 0.000946, 0.0, 1.0, 0.0, 0.624134, 0.0, 0.0, 0.0, 1.0],
                [1.0, 0.0, 0.0, -5e-06, 0.0, 0.0, -1.0, 0.000946, 0.0, 1.0, 0.0, 0.624134, 0.0, 0.0, 0.0, 1.0],
                [1.0, 0.0, 0.0, -5e-06, 0.0, 0.0, -1.0, 0.000946, 0.0, 1.0, 0.0, 0.624134, 0.0, 0.0, 0.0, 1.0],
                [1.0, 0.0, 0.0, -5e-06, 0.0, 0.0, -1.0, 0.000946, 0.0, 1.0, 0.0, 0.624134, 0.0, 0.0, 0.0, 1.0],
                [1.0, 0.0, 0.0, -5e-06, 0.0, 0.0, -1.0, 0.000946, 0.0, 1.0, 0.0, 0.624134, 0.0, 0.0, 0.0, 1.0],
                [1.0, 0.0, 0.0, -5e-06, 0.0, 0.0, -1.0, 0.000946, 0.0, 1.0, 0.0, 0.624134, 0.0, 0.0, 0.0, 1.0],
                [1.0, 0.0, 0.0, -5e-06, 0.0, 0.0, -1.0, 0.000946, 0.0, 1.0, 0.0, 0.624134, 0.0, 0.0, 0.0, 1.0],
                [1.0, 0.0, 0.0, -5e-06, 0.0, 0.0, -1.0, 0.000946, 0.0, 1.0, 0.0, 0.624134, 0.0, 0.0, 0.0, 1.0],
                [1.0, 0.0, 0.0, -5e-06, 0.0, 0.0, -1.0, 0.000946, 0.0, 1.0, 0.0, 0.624134, 0.0, 0.0, 0.0, 1.0],
                [1.0, 0.0, 0.0, -5e-06, 0.0, 0.0, -1.0, 0.000946, 0.0, 1.0, 0.0, 0.624134, 0.0, 0.0, 0.0, 1.0],
                [1.0, 0.0, 0.0, -5e-06, 0.0, 0.0, -1.0, 0.000946, 0.0, 1.0, 0.0, 0.624134, 0.0, 0.0, 0.0, 1.0],
                [1.0, 0.0, 0.0, -5e-06, 0.0, 0.0, -1.0, 0.000946, 0.0, 1.0, 0.0, 0.624134, 0.0, 0.0, 0.0, 1.0],
                [1.0, 0.0, 0.0, -5e-06, 0.0, 0.0, -1.0, 0.000946, 0.0, 1.0, 0.0, 0.624134, 0.0, 0.0, 0.0, 1.0],
                [1.0, 0.0, 0.0, -5e-06, 0.0, 0.0, -1.0, 0.000946, 0.0, 1.0, 0.0, 0.624134, 0.0, 0.0, 0.0, 1.0],
                [1.0, 0.0, 0.0, -5e-06, 0.0, 0.0, -1.0, 0.000946, 0.0, 1.0, 0.0, 0.624134, 0.0, 0.0, 0.0, 1.0],
                [1.0, 0.0, 0.0, -5e-06, 0.0, 0.0, -1.0, 0.000946, 0.0, 1.0, 0.0, 0.624134, 0.0, 0.0, 0.0, 1.0],
                [1.0, 0.0, 0.0, -5e-06, 0.0, 0.0, -1.0, 0.000946, 0.0, 1.0, 0.0, 0.624134, 0.0, 0.0, 0.0, 1.0],
                [1.0, 0.0, 0.0, -5e-06, 0.0, 0.0, -1.0, 0.000946, 0.0, 1.0, 0.0, 0.624134, 0.0, 0.0, 0.0, 1.0],
                [1.0, 0.0, 0.0, -5e-06, 0.0, 0.0, -1.0, 0.000946, 0.0, 1.0, 0.0, 0.624134, 0.0, 0.0, 0.0, 1.0],
                [1.0, 0.0, 0.0, -5e-06, 0.0, 0.0, -1.0, 0.000946, 0.0, 1.0, 0.0, 0.624134, 0.0, 0.0, 0.0, 1.0],
                [1.0, 0.0, 0.0, -5e-06, 0.0, 0.0, -1.0, 0.000946, 0.0, 1.0, 0.0, 0.624134, 0.0, 0.0, 0.0, 1.0],
                [1.0, 0.0, 0.0, -5e-06, 0.0, 0.0, -1.0, 0.000946, 0.0, 1.0, 0.0, 0.624134, 0.0, 0.0, 0.0, 1.0],
                [1.0, 0.0, 0.0, -5e-06, 0.0, 0.0, -1.0, 0.000946, 0.0, 1.0, 0.0, 0.624134, 0.0, 0.0, 0.0, 1.0],
                [1.0, 0.0, 0.0, -5e-06, 0.0, 0.0, -1.0, 0.000946, 0.0, 1.0, 0.0, 0.624134, 0.0, 0.0, 0.0, 1.0],
                [1.0, 0.0, 0.0, -5e-06, 0.0, 0.0, -1.0, 0.000946, 0.0, 1.0, 0.0, 0.624134, 0.0, 0.0, 0.0, 1.0],
                [1.0, 0.0, 0.0, -5e-06, 0.0, 0.0, -1.0, 0.000946, 0.0, 1.0, 0.0, 0.624134, 0.0, 0.0, 0.0, 1.0],
                [1.0, 0.0, 0.0, -5e-06, 0.0, 0.0, -1.0, 0.000946, 0.0, 1.0, 0.0, 0.624134, 0.0, 0.0, 0.0, 1.0],
                [1.0, 0.0, 0.0, -5e-06, 0.0, 0.0, -1.0, 0.000946, 0.0, 1.0, 0.0, 0.624134, 0.0, 0.0, 0.0, 1.0],
                [1.0, 0.0, 0.0, -5e-06, 0.0, 0.0, -1.0, 0.000946, 0.0, 1.0, 0.0, 0.624134, 0.0, 0.0, 0.0, 1.0],
                [1.0, 0.0, 0.0, -5e-06, 0.0, 0.0, -1.0, 0.000946, 0.0, 1.0, 0.0, 0.624134, 0.0, 0.0, 0.0, 1.0],
                [1.0, 0.0, 0.0, -5e-06, 0.0, 0.0, -1.0, 0.000946, 0.0, 1.0, 0.0, 0.624134, 0.0, 0.0, 0.0, 1.0],
                [1.0, 0.0, 0.0, -5e-06, 0.0, 0.0, -1.0, 0.000946, 0.0, 1.0, 0.0, 0.624134, 0.0, 0.0, 0.0, 1.0],
                [1.0, 0.0, 0.0, -5e-06, 0.0, 0.0, -1.0, 0.000946, 0.0, 1.0, 0.0, 0.624134, 0.0, 0.0, 0.0, 1.0]
            ]
        },
        {
            "name": "Thigh_R",
            "time": [0.0, 0.0167, 0.0333, 0.05, 0.0667, 0.0833, 0.1, 0.1167, 0.1333, 0.15, 0.1667, 0.1833, 0.2, 0.2167, 0.2333, 0.25, 0.2667, 0.2833, 0.3, 0.3167, 0.3333, 0.35, 0.3667, 0.3833, 0.4, 0.4167, 0.4333, 0.45, 0.4667, 0.4833, 0.5, 0.5167, 0.5333, 0.55, 0.5667, 0.5833, 0.6, 0.6167, 0.6333, 0.65, 0.6667, 0.6833, 0.7, 0.7167, 0.7333, 0.75, 0.7667, 0.7833, 0.8, 0.8167, 0.8333, 0.85, 0.8667, 0.8833, 0.9, 0.9167, 0.9333, 0.95, 0.9667, 0.9833, 1.0, 1.0167, 1.0333, 1.05, 1.0667],
            "transform": [
                [0.475475, 0.761512, 0.440481, 0.124994, 0.604414, -0.646591, 0.465407, -0.002831, 0.639224, 0.044943, -0.767706, -1.2e-05, 0.0, 0.0, 0.0, 1.0],
                [0.475475, 0.761551, 0.440413, 0.124994, 0.604413, -0.646549, 0.465465, -0.002831, 0.639224, 0.044874, -0.76771, -1.2e-05, 0.0, 0.0, 0.0, 1.0],
                [0.475475, 0.761666, 0.440213, 0.124994, 0.604413, -0.646428, 0.465634, -0.002831, 0.639224, 0.044673, -0.767722, -1.2e-05, 0.0, 0.0, 0.0, 1.0],
                [0.475475, 0.761853, 0.43989, 0.124994, 0.604414, -0.64623, 0.465909, -0.002831, 0.639224, 0.044347, -0.767741, -1.2e-05, 0.0, 0.0, 0.0, 1.0],
                [0.475475, 0.762107, 0.43945, 0.124994, 0.604413, -0.645961, 0.466282, -0.002831, 0.639224, 0.043904, -0.767766, -1.2e-05, 0.0, 0.0, 0.0, 1.0],
                [0.475475, 0.762423, 0.438901, 0.124994, 0.604414, -0.645625, 0.466747, -0.002831, 0.639224, 0.043351, -0.767798, -1.2e-05, 0.0, 0.0, 0.0, 1.0],
                [0.475475, 0.762797, 0.43825, 0.124994, 0.604414, -0.645226, 0.467298, -0.002831, 0.639224, 0.042696, -0.767834, -1.2e-05, 0.0, 0.0, 0.0, 1.0],
                [0.475475, 0.763225, 0.437505, 0.124994, 0.604414, -0.64477, 0.467927, -0.002831, 0.639224, 0.041946, -0.767876, -1.2e-05, 0.0, 0.0, 0.0, 1.0],
                [0.475475, 0.763701, 0.436673, 0.124994, 0.604414, -0.644259, 0.46863, -0.002831, 0.639224, 0.041109, -0.767921, -1.2e-05, 0.0, 0.0, 0.0, 1.0],
                [0.475475, 0.764222, 0.435762, 0.124994, 0.604414, -0.6437, 0.469398, -0.002831, 0.639224, 0.040193, -0.767969, -1.2e-05, 0.0, 0.0, 0.0, 1.0],
                [0.475475, 0.764782, 0.434778, 0.124994, 0.604414, -0.643095, 0.470226, -0.002831, 0.639224, 0.039205, -0.76802, -1.2e-05, 0.0, 0.0, 0.0, 1.0],
                [0.475475, 0.765377, 0.433729, 0.124994, 0.604413, -0.64245, 0.471107, -0.002831, 0.639224, 0.038152, -0.768074, -1.2e-05, 0.0, 0.0, 0.0, 1.0],
                [0.475475, 0.766003, 0.432623, 0.124994, 0.604414, -0.641769, 0.472035, -0.002831, 0.639224, 0.037042, -0.768128, -1.2e-05, 0.0, 0.0, 0.0, 1.0],
                [0.475475, 0.766655, 0.431467, 0.124994, 0.604414, -0.641056, 0.473002, -0.002831, 0.639224, 0.035884, -0.768183, -1.2e-05, 0.0, 0.0, 0.0, 1.0],
                [0.475475, 0.767328, 0.430268, 0.124994, 0.604414, -0.640316, 0.474004, -0.002831, 0.639224, 0.034683, -0.768238, -1.2e-05, 0.0, 0.0, 0.0, 1.0],
                [0.475475, 0.768019, 0.429035, 0.124994, 0.604414, -0.639553, 0.475032, -0.002831, 0.639224, 0.033448, -0.768293, -1.2e-05, 0.0, 0.0, 0.0, 1.0],
                [0.475475, 0.768722, 0.427773, 0.124994, 0.604414, -0.638772, 0.476081, -0.002831, 0.639224, 0.032187, -0.768347, -1.2e-05, 0.0, 0.0, 0.0, 1.0],
                [0.475475, 0.769434, 0.426492, 0.124994, 0.604413, -0.637978, 0.477145, -0.002831, 0.639224, 0.030907, -0.768399, -1.2e-05, 0.0, 0.0, 0.0, 1.0],
                [0.475475, 0.77015, 0.425197, 0.124994, 0.604414, -0.637175, 0.478217, -0.002831, 0.639224, 0.029615, -0.76845, -1.2e-05, 0.0, 0.0, 0.0, 1.0],
                [0.475475, 0.770865, 0.423898, 0.124994, 0.604414, -0.636368, 0.479291, -0.002831, 0.639224, 0.028319, -0.768499, -1.2e-05, 0.0, 0.0, 0.0, 1.0],
                [0.475475, 0.771577, 0.422602, 0.124994, 0.604414, -0.635561, 0.48036, -0.002831, 0.639224, 0.027027, -0.768545, -1.2e-05, 0.0, 0.0, 0.0, 1.0],
                [0.475475, 0.77228, 0.421315, 0.124994, 0.604414, -0.63476, 0.481418, -0.002831, 0.639224, 0.025746, -0.768589, -1.2e-05, 0.0, 0.0, 0.0, 1.0],
                [0.475475, 0.772971, 0.420047, 0.124994, 0.604414, -0.633969, 0.48246, -0.002831, 0.639224, 0.024484, -0.768631, -1.2e-05, 0.0, 0.0, 0.0, 1.0],
                [0.475475, 0.773645, 0.418804, 0.124994, 0.604414, -0.633193, 0.483478, -0.002831, 0.639224, 0.023249, -0.768669, -1.2e-05, 0.0, 0.0, 0.0, 1.0],
                [0.475475, 0.774299, 0.417595, 0.124994, 0.604414, -0.632436, 0.484467, -0.002831, 0.639224, 0.022048, -0.768704, -1.2e-05, 0.0, 0.0, 0.0, 1.0],
                [0.475475, 0.774928, 0.416426, 0.124994, 0.604414, -0.631705, 0.485421, -0.002831, 0.639224, 0.020888, -0.768737, -1.2e-05, 0.0, 0.0, 0.0, 1.0],
                [0.475475, 0.775528, 0.415306, 0.124994, 0.604414, -0.631003, 0.486333, -0.002831, 0.639224, 0.019778, -0.768766, -1.2e-05, 0.0, 0.0, 0.0, 1.0],
                [0.475475, 0.776097, 0.414243, 0.124994, 0.604414, -0.630335, 0.487197, -0.002831, 0.639224, 0.018724, -0.768793, -1.2e-05, 0.0, 0.0, 0.0, 1.0],
                [0.475475, 0.776629, 0.413244, 0.124994, 0.604413, -0.629708, 0.488008, -0.002831, 0.639224, 0.017734, -0.768816, -1.2e-05, 0.0, 0.0, 0.0, 1.0],
                [0.475475, 0.777122, 0.412317, 0.124994, 0.604414, -0.629125, 0.488759, -0.002831, 0.639224, 0.016817, -0.768837, -1.2e-05, 0.0, 0.0, 0.0, 1.0],
                [0.475475, 0.777571, 0.41147, 0.124994, 0.604414, -0.628592, 0.489444, -0.002831, 0.639224, 0.015979, -0.768854, -1.2e-05, 0.0, 0.0, 0.0, 1.0],
                [0.475475, 0.777972, 0.41071, 0.124994, 0.604414, -0.628114, 0.490058, -0.002831, 0.639224, 0.015228, -0.76887, -1.2e-05, 0.0, 0.0, 0.0, 1.0],
                [0.475475, 0.778322, 0.410046, 0.124994, 0.604414, -0.627696, 0.490593, -0.002831, 0.639224, 0.014572, -0.768882, -1.2e-05, 0.0, 0.0, 0.0, 1.0],
                [0.475475, 0.778617, 0.409485, 0.124994, 0.604414, -0.627342, 0.491045, -0.002831, 0.639224, 0.014019, -0.768893, -1.2e-05, 0.0, 0.0, 0.0, 1.0],
                [0.475475, 0.778854, 0.409036, 0.124994, 0.604413, -0.627059, 0.491407, -0.002831, 0.639224, 0.013575, -0.768901, -1.2e-05, 0.0, 0.0, 0.0, 1.0],
                [0.475475, 0.779027, 0.408705, 0.124994, 0.604414, -0.62685, 0.491674, -0.002831, 0.639224, 0.013248, -0.768906, -1.2e-05, 0.0, 0.0, 0.0, 1.0],
                [0.475475, 0.779134, 0.408501, 0.124994, 0.604414, -0.626721, 0.491838, -0.002831, 0.639224, 0.013047, -0.76891, -1.2e-05, 0.0, 0.0, 0.0, 1.0],
                [0.475475, 0.779171, 0.408431, 0.124994, 0.604414, -0.626677, 0.491894, -0.002831, 0.639224, 0.012978, -0.768911, -1.2e-05, 0.0, 0.0, 0.0, 1.0],
                [0.475475, 0.779103, 0.408562, 0.124994, 0.604414, -0.626759, 0.491789, -0.002831, 0.639224, 0.013106, -0.768909, -1.2e-05, 0.0, 0.0, 0.0, 1.0],
                [0.475475, 0.778905, 0.408938, 0.124994, 0.604414, -0.626997, 0.491486, -0.002831, 0.639224, 0.013479, -0.768902, -1.2e-05, 0.0, 0.0, 0.0, 1.0],
                [0.475475, 0.778588, 0.409542, 0.124994, 0.604414, -0.627378, 0.491, -0.002831, 0.639224, 0.014075, -0.768892, -1.2e-05, 0.0, 0.0, 0.0, 1.0],
                [0.475475, 0.77816, 0.410353, 0.124994, 0.604414, -0.627889, 0.490345, -0.002831, 0.639224, 0.014876, -0.768877, -1.2e-05, 0.0, 0.0, 0.0, 1.0],
                [0.475475, 0.777633, 0.411351, 0.124994, 0.604414, -0.628518, 0.48954, -0.002831, 0.639224, 0.015862, -0.768857, -1.2e-05, 0.0, 0.0, 0.0, 1.0],
                [0.475475, 0.777016, 0.412516, 0.124994, 0.604414, -0.629251, 0.488597, -0.002831, 0.639224, 0.017014, -0.768832, -1.2e-05, 0.0, 0.0, 0.0, 1.0],
                [0.475475, 0.776318, 0.413827, 0.124994, 0.604413, -0.630075, 0.487534, -0.002831, 0.639224, 0.018312, -0.768802, -1.2e-05, 0.0, 0.0, 0.0, 1.0],
                [0.475475, 0.77555, 0.415266, 0.124994, 0.604414, -0.630977, 0.486366, -0.002831, 0.639224, 0.019737, -0.768767, -1.2e-05, 0.0, 0.0, 0.0, 1.0],
                [0.475475, 0.774721, 0.416811, 0.124994, 0.604414, -0.631945, 0.485107, -0.002831, 0.639224, 0.02127, -0.768726, -1.2e-05, 0.0, 0.0, 0.0, 1.0],
                [0.475475, 0.773841, 0.418442, 0.124994, 0.604414, -0.632966, 0.483774, -0.002831, 0.639224, 0.022889, -0.76868, -1.2e-05, 0.0, 0.0, 0.0, 1.0],
                [0.475475, 0.77292, 0.42014, 0.124994, 0.604413, -0.634027, 0.482383, -0.002831, 0.639224, 0.024577, -0.768628, -1.2e-05, 0.0, 0.0, 0.0, 1.0],
                [0.475475, 0.771969, 0.421885, 0.124994, 0.604413, -0.635115, 0.48095, -0.002831, 0.639224, 0.026314, -0.76857, -1.2e-05, 0.0, 0.0, 0.0, 1.0],
                [0.475475, 0.770998, 0.423658, 0.124994, 0.604414, -0.636218, 0.479489, -0.002831, 0.639224, 0.028079, -0.768508, -1.2e-05, 0.0, 0.0, 0.0, 1.0],
                [0.475475, 0.770017, 0.425438, 0.124994, 0.604414, -0.637324, 0.478018, -0.002831, 0.639224, 0.029854, -0.768441, -1.2e-05, 0.0, 0.0, 0.0, 1.0],
                [0.475475, 0.769038, 0.427206, 0.124994, 0.604414, -0.638421, 0.476553, -0.002831, 0.639224, 0.03162, -0.76837, -1.2e-05, 0.0, 0.0, 0.0, 1.0],
                [0.475475, 0.768071, 0.428942, 0.124994, 0.604414, -0.639496, 0.475109, -0.002831, 0.639224, 0.033356, -0.768297, -1.2e-05, 0.0, 0.0, 0.0, 1.0],
                [0.475475, 0.767127, 0.430628, 0.124994, 0.604414, -0.640538, 0.473704, -0.002831, 0.639224, 0.035043, -0.768222, -1.2e-05, 0.0, 0.0, 0.0, 1.0],
                [0.475475, 0.766218, 0.432243, 0.124994, 0.604414, -0.641534, 0.472353, -0.002831, 0.639224, 0.036661, -0.768146, -1.2e-05, 0.0, 0.0, 0.0, 1.0],
                [0.475475, 0.765355, 0.433769, 0.124994, 0.604414, -0.642474, 0.471074, -0.002831, 0.639224, 0.038192, -0.768072, -1.2e-05, 0.0, 0.0, 0.0, 1.0],
                [0.475475, 0.764549, 0.435187, 0.124994, 0.604413, -0.643347, 0.469882, -0.002831, 0.639224, 0.039616, -0.767999, -1.2e-05, 0.0, 0.0, 0.0, 1.0],
                [0.475475, 0.763813, 0.436477, 0.124994, 0.604414, -0.644139, 0.468795, -0.002831, 0.639224, 0.040912, -0.767932, -1.2e-05, 0.0, 0.0, 0.0, 1.0],
                [0.475475, 0.763159, 0.437621, 0.124994, 0.604414, -0.644841, 0.467829, -0.002831, 0.639224, 0.042063, -0.767869, -1.2e-05, 0.0, 0.0, 0.0, 1.0],
                [0.475475, 0.762596, 0.4386, 0.124994, 0.604413, -0.64544, 0.467002, -0.002831, 0.639224, 0.043048, -0.767815, -1.2e-05, 0.0, 0.0, 0.0, 1.0],
                [0.475475, 0.762139, 0.439394, 0.124994, 0.604414, -0.645926, 0.466329, -0.002831, 0.639224, 0.043848, -0.767769, -1.2e-05, 0.0, 0.0, 0.0, 1.0],
                [0.475475, 0.761798, 0.439985, 0.124994, 0.604414, -0.646288, 0.465828, -0.002831, 0.639224, 0.044443, -0.767735, -1.2e-05, 0.0, 0.0, 0.0, 1.0],
                [0.475475, 0.761585, 0.440354, 0.124994, 0.604413, -0.646513, 0.465515, -0.002831, 0.639224, 0.044815, -0.767714, -1.2e-05, 0.0, 0.0, 0.0, 1.0],
                [0.475475, 0.761512, 0.440481, 0.124994, 0.604414, -0.646591, 0.465407, -0.002831, 0.639224, 0.044943, -0.767706, -1.2e-05, 0.0, 0.0, 0.0, 1.0]
            ]
        },
        {
            "name": "Leg_R",
            "time": [0.0, 0.0167, 0.0333, 0.05, 0.0667, 0.0833, 0.1, 0.1167, 0.1333, 0.15, 0.1667, 0.1833, 0.2, 0.2167, 0.2333, 0.25, 0.2667, 0.2833, 0.3, 0.3167, 0.3333, 0.35, 0.3667, 0.3833, 0.4, 0.4167, 0.4333, 0.45, 0.4667, 0.4833, 0.5, 0.5167, 0.5333, 0.55, 0.5667, 0.5833, 0.6, 0.6167, 0.6333, 0.65, 0.6667, 0.6833, 0.7, 0.7167, 0.7333, 0.75, 0.7667, 0.7833, 0.8, 0.8167, 0.8333, 0.85, 0.8667, 0.8833, 0.9, 0.9167, 0.9333, 0.95, 0.9667, 0.9833, 1.0, 1.0167, 1.0333, 1.05, 1.0667],
            "transform": [
                [1.0, -0.0, 1e-06, -0.0, -1e-06, 0.573576, 0.819152, 0.37472, -1e-06, -0.819152, 0.573576, -0.0, 0.0, 0.0, 0.0, 1.0],
                [1.0, -0.0, 1e-06, 0.0, -1e-06, 0.573343, 0.819315, 0.37472, -1e-06, -0.819315, 0.573343, -0.0, 0.0, 0.0, 0.0, 1.0],
                [1.0, -0.0, 1e-06, -0.0, -1e-06, 0.572665, 0.819789, 0.37472, -1e-06, -0.819789, 0.572665, -0.0, 0.0, 0.0, 0.0, 1.0],
                [1.0, -0.0, 1e-06, 0.0, -1e-06, 0.571573, 0.820551, 0.37472, -1e-06, -0.820551, 0.571573, -0.0, 0.0, 0.0, 0.0, 1.0],
                [1.0, -0.0, 1e-06, -0.0, -1e-06, 0.570098, 0.821576, 0.37472, -1e-06, -0.821577, 0.570098, 0.0, 0.0, 0.0, 0.0, 1.0],
                [1.0, -0.0, 1e-06, -0.0, -1e-06, 0.56827, 0.822842, 0.37472, -1e-06, -0.822842, 0.56827, -0.0, 0.0, 0.0, 0.0, 1.0],
                [1.0, -0.0, 1e-06, -0.0, -1e-06, 0.56612, 0.824323, 0.37472, -1e-06, -0.824323, 0.56612, 0.0, 0.0, 0.0, 0.0, 1.0],
                [1.0, -0.0, 1e-06, 0.0, -1e-06, 0.563677, 0.825995, 0.37472, -1e-06, -0.825995, 0.563677, 0.0, 0.0, 0.0, 0.0, 1.0],
                [1.0, -0.0, 1e-06, -0.0, -1e-06, 0.560973, 0.827834, 0.37472, -1e-06, -0.827834, 0.560973, 0.0, 0.0, 0.0, 0.0, 1.0],
                [1.0, -0.0, 1e-06, -0.0, -1e-06, 0.558037, 0.829816, 0.37472, -1e-06, -0.829816, 0.558037, 0.0, 0.0, 0.0, 0.0, 1.0],
                [1.0, -0.0, 1e-06, -0.0, -1e-06, 0.5549, 0.831917, 0.37472, -1e-06, -0.831917, 0.5549, 0.0, 0.0, 0.0, 0.0, 1.0],
                [1.0, -0.0, 1e-06, -0.0, -1e-06, 0.551594, 0.834113, 0.37472, -1e-06, -0.834113, 0.551594, 0.0, 0.0, 0.0, 0.0, 1.0],
                [1.0, -0.0, 1e-06, -0.0, -1e-06, 0.548149, 0.836381, 0.37472, -1e-06, -0.836381, 0.548149, -0.0, 0.0, 0.0, 0.0, 1.0],
                [1.0, -0.0, 1e-06, -0.0, -1e-06, 0.544596, 0.838698, 0.37472, -1e-06, -0.838698, 0.544596, 0.0, 0.0, 0.0, 0.0, 1.0],
                [1.0, -0.0, 1e-06, 0.0, -1e-06, 0.540969, 0.841042, 0.37472, -1e-06, -0.841042, 0.540969, -0.0, 0.0, 0.0, 0.0, 1.0],
                [1.0, -0.0, 1e-06, -0.0, -1e-06, 0.537299, 0.843392, 0.37472, -1e-06, -0.843392, 0.537299, -0.0, 0.0, 0.0, 0.0, 1.0],
                [1.0, -0.0, 1e-06, -0.0, -1e-06, 0.533619, 0.845725, 0.37472, -1e-06, -0.845725, 0.533619, -0.0, 0.0, 0.0, 0.0, 1.0],
                [1.0, -0.0, 1e-06, 0.0, -1e-06, 0.529962, 0.848022, 0.37472, -1e-06, -0.848022, 0.529962, -0.0, 0.0, 0.0, 0.0, 1.0],
                [1.0, -0.0, 1e-06, 0.0, -1e-06, 0.52636, 0.850262, 0.37472, -1e-06, -0.850262, 0.52636, 0.0, 0.0, 0.0, 0.0, 1.0],
                [1.0, -0.0, 1e-06, 0.0, -1e-06, 0.522849, 0.852425, 0.37472, -1e-06, -0.852425, 0.522849, -0.0, 0.0, 0.0, 0.0, 1.0],
                [1.0, -0.0, 1e-06, -0.0, -1e-06, 0.519461, 0.854494, 0.37472, -1e-06, -0.854494, 0.519461, -0.0, 0.0, 0.0, 0.0, 1.0],
                [1.0, -0.0, 1e-06, -0.0, -1e-06, 0.516232, 0.856449, 0.37472, -1e-06, -0.856449, 0.516232, -0.0, 0.0, 0.0, 0.0, 1.0],
                [1.0, -1e-06, 1e-06, 0.0, -1e-06, 0.513195, 0.858272, 0.37472, -1e-06, -0.858272, 0.513195, 0.0, 0.0, 0.0, 0.0, 1.0],
                [1.0, -0.0, 1e-06, -0.0, -1e-06, 0.510385, 0.859946, 0.37472, -1e-06, -0.859946, 0.510385, 0.0, 0.0, 0.0, 0.0, 1.0],
                [1.0, -0.0, 1e-06, 0.0, -1e-06, 0.507837, 0.861453, 0.37472, -1e-06, -0.861453, 0.507837, 0.0, 0.0, 0.0, 0.0, 1.0],
                [1.0, -0.0, 1e-06, -0.0, -1e-06, 0.505586, 0.862776, 0.37472, -1e-06, -0.862776, 0.505586, 0.0, 0.0, 0.0, 0.0, 1.0],
                [1.0, -0.0, 1e-06, 0.0, -1e-06, 0.503667, 0.863898, 0.37472, -1e-06, -0.863898, 0.503667, 0.0, 0.0, 0.0, 0.0, 1.0],
                [1.0, -0.0, 1e-06, -0.0, -1e-06, 0.502114, 0.864802, 0.37472, -1e-06, -0.864802, 0.502114, 0.0, 0.0, 0.0, 0.0, 1.0],
                [1.0, -0.0, 1e-06, 0.0, -1e-06, 0.500962, 0.865469, 0.37472, -1e-06, -0.865469, 0.500962, 0.0, 0.0, 0.0, 0.0, 1.0],
                [1.0, -0.0, 1e-06, 0.0, -1e-06, 0.500246, 0.865884, 0.37472, -1e-06, -0.865883, 0.500246, -0.0, 0.0, 0.0, 0.0, 1.0],
                [1.0, -0.0, 1e-06, -0.0, -1e-06, 0.5, 0.866026, 0.37472, -1e-06, -0.866026, 0.5, 0.0, 0.0, 0.0, 0.0, 1.0],
                [1.0, -0.0, 1e-06, 0.0, -1e-06, 0.500192, 0.865915, 0.37472, -1e-06, -0.865915, 0.500192, -0.0, 0.0, 0.0, 0.0, 1.0],
                [1.0, -0.0, 1e-06, 0.0, -1e-06, 0.500753, 0.86559, 0.37472, -1e-06, -0.86559, 0.500753, 0.0, 0.0, 0.0, 0.0, 1.0],
                [1.0, -0.0, 1e-06, 0.0, -1e-06, 0.50166, 0.865065, 0.37472, -1e-06, -0.865065, 0.50166, -0.0, 0.0, 0.0, 0.0, 1.0],
                [1.0, -0.0, 1e-06, 0.0, -1e-06, 0.502888, 0.864352, 0.37472, -1e-06, -0.864352, 0.502888, -0.0, 0.0, 0.0, 0.0, 1.0],
                [1.0, -0.0, 1e-06, -0.0, -1e-06, 0.504414, 0.863462, 0.37472, -1e-06, -0.863462, 0.504415, 0.0, 0.0, 0.0, 0.0, 1.0],
                [1.0, -0.0, 1e-06, 0.0, -1e-06, 0.506215, 0.862407, 0.37472, -1e-06, -0.862407, 0.506215, 0.0, 0.0, 0.0, 0.0, 1.0],
                [1.0, -0.0, 1e-06, 0.0, -1e-06, 0.508266, 0.8612, 0.37472, -1e-06, -0.8612, 0.508266, -0.0, 0.0, 0.0, 0.0, 1.0],
                [1.0, -0.0, 1e-06, -0.0, -1e-06, 0.510543, 0.859852, 0.37472, -1e-06, -0.859852, 0.510543, 0.0, 0.0, 0.0, 0.0, 1.0],
                [1.0, -0.0, 1e-06, 0.0, -1e-06, 0.513023, 0.858375, 0.37472, -1e-06, -0.858375, 0.513023, -0.0, 0.0, 0.0, 0.0, 1.0],
                [1.0, -0.0, 1e-06, 0.0, -1e-06, 0.515681, 0.856781, 0.37472, -1e-06, -0.856781, 0.515681, -0.0, 0.0, 0.0, 0.0, 1.0],
                [1.0, -0.0, 1e-06, 0.0, -1e-06, 0.518494, 0.855082, 0.37472, -1e-06, -0.855082, 0.518494, 0.0, 0.0, 0.0, 0.0, 1.0],
                [1.0, -0.0, 1e-06, -0.0, -1e-06, 0.521437, 0.85329, 0.37472, -1e-06, -0.85329, 0.521437, -0.0, 0.0, 0.0, 0.0, 1.0],
                [1.0, -0.0, 1e-06, 0.0, -1e-06, 0.524488, 0.851418, 0.37472, -1e-06, -0.851418, 0.524488, -0.0, 0.0, 0.0, 0.0, 1.0],
                [1.0, -0.0, 1e-06, -0.0, -1e-06, 0.527623, 0.849479, 0.37472, -1e-06, -0.849479, 0.527623, -0.0, 0.0, 0.0, 0.0, 1.0],
                [1.0, -0.0, 1e-06, 0.0, -1e-06, 0.530819, 0.847485, 0.37472, -1e-06, -0.847486, 0.530818, -0.0, 0.0, 0.0, 0.0, 1.0],
                [1.0, -0.0, 1e-06, 0.0, -1e-06, 0.534052, 0.845452, 0.37472, -1e-06, -0.845452, 0.534052, -0.0, 0.0, 0.0, 0.0, 1.0],
                [1.0, -0.0, 1e-06, 0.0, -1e-06, 0.537299, 0.843391, 0.37472, -1e-06, -0.843392, 0.537299, 0.0, 0.0, 0.0, 0.0, 1.0],
                [1.0, -0.0, 1e-06, 0.0, -1e-06, 0.540539, 0.841319, 0.37472, -1e-06, -0.841319, 0.540539, 0.0, 0.0, 0.0, 0.0, 1.0],
                [1.0, -0.0, 1e-06, 0.0, -1e-06, 0.543749, 0.839248, 0.37472, -1e-06, -0.839248, 0.543749, 0.0, 0.0, 0.0, 0.0, 1.0],
                [1.0, -0.0, 1e-06, 0.0, -1e-06, 0.546905, 0.837194, 0.37472, -1e-06, -0.837194, 0.546905, -0.0, 0.0, 0.0, 0.0, 1.0],
                [1.0, -0.0, 1e-06, 0.0, -1e-06, 0.549988, 0.835172, 0.37472, -1e-06, -0.835173, 0.549988, 0.0, 0.0, 0.0, 0.0, 1.0],
                [1.0, -0.0, 1e-06, 0.0, -1e-06, 0.552974, 0.833199, 0.37472, -1e-06, -0.833199, 0.552974, 0.0, 0.0, 0.0, 0.0, 1.0],
                [1.0, -0.0, 1e-06, 0.0, -1e-06, 0.555842, 0.831288, 0.37472, -1e-06, -0.831288, 0.555842, 0.0, 0.0, 0.0, 0.0, 1.0],
                [1.0, -0.0, 1e-06, 0.0, -1e-06, 0.55857, 0.829457, 0.37472, -1e-06, -0.829457, 0.55857, 0.0, 0.0, 0.0, 0.0, 1.0],
                [1.0, -0.0, 1e-06, -0.0, -1e-06, 0.561139, 0.827722, 0.37472, -1e-06, -0.827722, 0.561139, 0.0, 0.0, 0.0, 0.0, 1.0],
                [1.0, -0.0, 1e-06, -0.0, -1e-06, 0.563525, 0.826099, 0.37472, -1e-06, -0.826099, 0.563525, -0.0, 0.0, 0.0, 0.0, 1.0],
                [1.0, -0.0, 1e-06, -0.0, -1e-06, 0.565709, 0.824605, 0.37472, -1e-06, -0.824605, 0.565709, -0.0, 0.0, 0.0, 0.0, 1.0],
                [1.0, -0.0, 1e-06, 0.0, -1e-06, 0.56767, 0.823256, 0.37472, -1e-06, -0.823256, 0.56767, -0.0, 0.0, 0.0, 0.0, 1.0],
                [1.0, -0.0, 1e-06, 0.0, -1e-06, 0.569387, 0.82207, 0.37472, -1e-06, -0.82207, 0.569387, 0.0, 0.0, 0.0, 0.0, 1.0],
                [1.0, -0.0, 1e-06, 0.0, -1e-06, 0.570838, 0.821063, 0.37472, -1e-06, -0.821063, 0.570838, -0.0, 0.0, 0.0, 0.0, 1.0],
                [1.0, -0.0, 1e-06, -0.0, -1e-06, 0.572004, 0.820251, 0.37472, -1e-06, -0.820251, 0.572004, -0.0, 0.0, 0.0, 0.0, 1.0],
                [1.0, -0.0, 1e-06, -0.0, -1e-06, 0.572863, 0.819651, 0.37472, -1e-06, -0.819651, 0.572863, 0.0, 0.0, 0.0, 0.0, 1.0],
                [1.0, -0.0, 1e-06, -0.0, -1e-06, 0.573394, 0.81928, 0.37472, -1e-06, -0.81928, 0.573394, -0.0, 0.0, 0.0, 0.0, 1.0],
                [1.0, -0.0, 1e-06, -0.0, -1e-06, 0.573576, 0.819152, 0.37472, -1e-06, -0.819152, 0.573576, -0.0, 0.0, 0.0, 0.0, 1.0]
            ]
        },
        {
            "name": "Knee_R",
            "time": [0.0, 0.0167, 0.0333, 0.05, 0.0667, 0.0833, 0.1, 0.1167, 0.1333, 0.15, 0.1667, 0.1833, 0.2, 0.2167, 0.2333, 0.25, 0.2667, 0.2833, 0.3, 0.3167, 0.3333, 0.35, 0.3667, 0.3833, 0.4, 0.4167, 0.4333, 0.45, 0.4667, 0.4833, 0.5, 0.5167, 0.5333, 0.55, 0.5667, 0.5833, 0.6, 0.6167, 0.6333, 0.65, 0.6667, 0.6833, 0.7, 0.7167, 0.7333, 0.75, 0.7667, 0.7833, 0.8, 0.8167, 0.8333, 0.85, 0.8667, 0.8833, 0.9, 0.9167, 0.9333, 0.95, 0.9667, 0.9833, 1.0, 1.0167, 1.0333, 1.05, 1.0667],
            "transform": [
                [1.0, 0.0, -1e-06, -0.0, -0.0, 0.0, -1.0, 0.37472, -0.0, 1.0, 0.0, -0.0, 0.0, 0.0, 0.0, 1.0],
                [1.0, 0.0, -0.0, 0.0, -1e-06, 0.0, -1.0, 0.37472, -0.0, 1.0, 0.0, -0.0, 0.0, 0.0, 0.0, 1.0],
                [1.0, 0.0, -0.0, -0.0, -0.0, 0.0, -1.0, 0.37472, -0.0, 1.0, 0.0, -0.0, 0.0, 0.0, 0.0, 1.0],
                [1.0, 0.0, -0.0, 0.0, -0.0, 0.0, -1.0, 0.37472, -0.0, 1.0, 0.0, -0.0, 0.0, 0.0, 0.0, 1.0],
                [1.0, 0.0, -0.0, -0.0, -0.0, 0.0, -1.0, 0.37472, -0.0, 1.0, 0.0, 0.0, 0.0, 0.0, 0.0, 1.0],
                [1.0, 0.0, -0.0, -0.0, -0.0, 0.0, -1.0, 0.37472, -0.0, 1.0, 0.0, -0.0, 0.0, 0.0, 0.0, 1.0],
                [1.0, 0.0, -0.0, -0.0, -0.0, 0.0, -1.0, 0.37472, -0.0, 1.0, 0.0, 0.0, 0.0, 0.0, 0.0, 1.0],
                [1.0, 0.0, -1e-06, 0.0, -0.0, 0.0, -1.0, 0.37472, -0.0, 1.0, 0.0, 0.0, 0.0, 0.0, 0.0, 1.0],
                [1.0, 0.0, -0.0, -0.0, -0.0, 0.0, -1.0, 0.37472, -0.0, 1.0, 0.0, 0.0, 0.0, 0.0, 0.0, 1.0],
                [1.0, 0.0, -1e-06, -0.0, -0.0, 0.0, -1.0, 0.37472, -0.0, 1.0, 0.0, 0.0, 0.0, 0.0, 0.0, 1.0],
                [1.0, 0.0, -0.0, -0.0, -0.0, 0.0, -1.0, 0.37472, -0.0, 1.0, 0.0, 0.0, 0.0, 0.0, 0.0, 1.0],
                [1.0, 0.0, -1e-06, -0.0, -0.0, 0.0, -1.0, 0.37472, -0.0, 1.0, 0.0, 0.0, 0.0, 0.0, 0.0, 1.0],
                [1.0, 0.0, -0.0, -0.0, -1e-06, 0.0, -1.0, 0.37472, -0.0, 1.0, 0.0, -0.0, 0.0, 0.0, 0.0, 1.0],
                [1.0, 0.0, -0.0, -0.0, -0.0, 0.0, -1.0, 0.37472, -0.0, 1.0, 0.0, 0.0, 0.0, 0.0, 0.0, 1.0],
                [1.0, 0.0, -0.0, 0.0, -1e-06, 0.0, -1.0, 0.37472, -0.0, 1.0, 0.0, -0.0, 0.0, 0.0, 0.0, 1.0],
                [1.0, 0.0, -0.0, -0.0, -0.0, 0.0, -1.0, 0.37472, -0.0, 1.0, 0.0, -0.0, 0.0, 0.0, 0.0, 1.0],
                [1.0, 0.0, -1e-06, -0.0, -0.0, 0.0, -1.0, 0.37472, -0.0, 1.0, 0.0, -0.0, 0.0, 0.0, 0.0, 1.0],
                [1.0, 0.0, -0.0, 0.0, -0.0, 0.0, -1.0, 0.37472, -0.0, 1.0, 0.0, -0.0, 0.0, 0.0, 0.0, 1.0],
                [1.0, 0.0, -0.0, 0.0, -1e-06, 0.0, -1.0, 0.37472, -0.0, 1.0, 0.0, 0.0, 0.0, 0.0, 0.0, 1.0],
                [1.0, 0.0, -0.0, 0.0, -0.0, 0.0, -1.0, 0.37472, -0.0, 1.0, 0.0, -0.0, 0.0, 0.0, 0.0, 1.0],
                [1.0, 0.0, -0.0, -0.0, -0.0, 0.0, -1.0, 0.37472, -0.0, 1.0, 0.0, -0.0, 0.0, 0.0, 0.0, 1.0],
                [1.0, 0.0, -1e-06, -0.0, -0.0, 0.0, -1.0, 0.37472, -0.0, 1.0, 0.0, -0.0, 0.0, 0.0, 0.0, 1.0],
                [1.0, 0.0, -0.0, 0.0, -0.0, 0.0, -1.0, 0.37472, -0.0, 1.0, 0.0, 0.0, 0.0, 0.0, 0.0, 1.0],
                [1.0, 0.0, -0.0, -0.0, -0.0, 0.0, -1.0, 0.37472, -0.0, 1.0, 0.0, 0.0, 0.0, 0.0, 0.0, 1.0],
                [1.0, 0.0, -1e-06, 0.0, -0.0, 0.0, -1.0, 0.37472, -0.0, 1.0, 0.0, 0.0, 0.0, 0.0, 0.0, 1.0],
                [1.0, 0.0, -1e-06, -0.0, -0.0, 0.0, -1.0, 0.37472, -0.0, 1.0, 0.0, 0.0, 0.0, 0.0, 0.0, 1.0],
                [1.0, 0.0, -1e-06, 0.0, -0.0, 0.0, -1.0, 0.37472, -0.0, 1.0, 0.0, 0.0, 0.0, 0.0, 0.0, 1.0],
                [1.0, 0.0, -1e-06, -0.0, -0.0, 0.0, -1.0, 0.37472, -0.0, 1.0, 0.0, 0.0, 0.0, 0.0, 0.0, 1.0],
                [1.0, 0.0, -1e-06, 0.0, -0.0, 0.0, -1.0, 0.37472, -0.0, 1.0, 0.0, 0.0, 0.0, 0.0, 0.0, 1.0],
                [1.0, 0.0, -1e-06, 0.0, -1e-06, 0.0, -1.0, 0.37472, -0.0, 1.0, 0.0, -0.0, 0.0, 0.0, 0.0, 1.0],
                [1.0, 0.0, -1e-06, -0.0, -0.0, 0.0, -1.0, 0.37472, -0.0, 1.0, 0.0, 0.0, 0.0, 0.0, 0.0, 1.0],
                [1.0, 0.0, -1e-06, 0.0, -1e-06, 0.0, -1.0, 0.37472, -0.0, 1.0, 0.0, -0.0, 0.0, 0.0, 0.0, 1.0],
                [1.0, 0.0, -1e-06, 0.0, -0.0, 0.0, -1.0, 0.37472, -0.0, 1.0, 0.0, 0.0, 0.0, 0.0, 0.0, 1.0],
                [1.0, 0.0, -1e-06, 0.0, -1e-06, 0.0, -1.0, 0.37472, -0.0, 1.0, 0.0, -0.0, 0.0, 0.0, 0.0, 1.0],
                [1.0, 0.0, -0.0, 0.0, -0.0, 0.0, -1.0, 0.37472, -0.0, 1.0, 0.0, -0.0, 0.0, 0.0, 0.0, 1.0],
                [1.0, 0.0, -1e-06, -0.0, -0.0, 0.0, -1.0, 0.37472, -0.0, 1.0, 0.0, 0.0, 0.0, 0.0, 0.0, 1.0],
                [1.0, 0.0, -0.0, 0.0, -1e-06, 0.0, -1.0, 0.37472, -0.0, 1.0, 0.0, 0.0, 0.0, 0.0, 0.0, 1.0],
                [1.0, 0.0, -1e-06, 0.0, -0.0, 0.0, -1.0, 0.37472, -0.0, 1.0, 0.0, -0.0, 0.0, 0.0, 0.0, 1.0],
                [1.0, 0.0, -1e-06, -0.0, -0.0, 0.0, -1.0, 0.37472, -0.0, 1.0, 0.0, 0.0, 0.0, 0.0, 0.0, 1.0],
                [1.0, 0.0, -0.0, 0.0, -0.0, 0.0, -1.0, 0.37472, -0.0, 1.0, 0.0, -0.0, 0.0, 0.0, 0.0, 1.0],
                [1.0, 0.0, -0.0, 0.0, -0.0, 0.0, -1.0, 0.37472, -0.0, 1.0, 0.0, -0.0, 0.0, 0.0, 0.0, 1.0],
                [1.0, 0.0, -0.0, 0.0, -0.0, 0.0, -1.0, 0.37472, -0.0, 1.0, 0.0, 0.0, 0.0, 0.0, 0.0, 1.0],
                [1.0, 0.0, -1e-06, -0.0, -0.0, 0.0, -1.0, 0.37472, -0.0, 1.0, 0.0, -0.0, 0.0, 0.0, 0.0, 1.0],
                [1.0, 0.0, -1e-06, 0.0, -0.0, 0.0, -1.0, 0.37472, -0.0, 1.0, 0.0, -0.0, 0.0, 0.0, 0.0, 1.0],
                [1.0, 0.0, -0.0, -0.0, -0.0, 0.0, -1.0, 0.37472, -0.0, 1.0, 0.0, -0.0, 0.0, 0.0, 0.0, 1.0],
                [1.0, 0.0, -0.0, 0.0, -0.0, 0.0, -1.0, 0.37472, -0.0, 1.0, 0.0, -0.0, 0.0, 0.0, 0.0, 1.0],
                [1.0, 0.0, -0.0, 0.0, -0.0, 0.0, -1.0, 0.37472, -0.0, 1.0, 0.0, -0.0, 0.0, 0.0, 0.0, 1.0],
                [1.0, 0.0, -0.0, 0.0, -0.0, 0.0, -1.0, 0.37472, -0.0, 1.0, 0.0, 0.0, 0.0, 0.0, 0.0, 1.0],
                [1.0, 0.0, -0.0, 0.0, -0.0, 0.0, -1.0, 0.37472, -0.0, 1.0, 0.0, 0.0, 0.0, 0.0, 0.0, 1.0],
                [1.0, 0.0, -0.0, 0.0, -0.0, 0.0, -1.0, 0.37472, -0.0, 1.0, 0.0, 0.0, 0.0, 0.0, 0.0, 1.0],
                [1.0, 0.0, -0.0, 0.0, -0.0, 0.0, -1.0, 0.37472, -0.0, 1.0, 0.0, -0.0, 0.0, 0.0, 0.0, 1.0],
                [1.0, 0.0, -0.0, 0.0, -0.0, 0.0, -1.0, 0.37472, -0.0, 1.0, 0.0, 0.0, 0.0, 0.0, 0.0, 1.0],
                [1.0, 0.0, -0.0, 0.0, -0.0, 0.0, -1.0, 0.37472, -0.0, 1.0, 0.0, 0.0, 0.0, 0.0, 0.0, 1.0],
                [1.0, 0.0, -0.0, 0.0, -0.0, 0.0, -1.0, 0.37472, -0.0, 1.0, 0.0, 0.0, 0.0, 0.0, 0.0, 1.0],
                [1.0, 0.0, -0.0, 0.0, -0.0, 0.0, -1.0, 0.37472, -0.0, 1.0, 0.0, 0.0, 0.0, 0.0, 0.0, 1.0],
                [1.0, 0.0, -0.0, -0.0, -0.0, 0.0, -1.0, 0.37472, -0.0, 1.0, 0.0, 0.0, 0.0, 0.0, 0.0, 1.0],
                [1.0, 0.0, -1e-06, -0.0, -0.0, 0.0, -1.0, 0.37472, -0.0, 1.0, 0.0, -0.0, 0.0, 0.0, 0.0, 1.0],
                [1.0, 0.0, -0.0, -0.0, -0.0, 0.0, -1.0, 0.37472, -0.0, 1.0, 0.0, -0.0, 0.0, 0.0, 0.0, 1.0],
                [1.0, 0.0, -0.0, 0.0, -0.0, 0.0, -1.0, 0.37472, -0.0, 1.0, 0.0, -0.0, 0.0, 0.0, 0.0, 1.0],
                [1.0, 0.0, -0.0, 0.0, -0.0, 0.0, -1.0, 0.37472, -0.0, 1.0, 0.0, 0.0, 0.0, 0.0, 0.0, 1.0],
                [1.0, 0.0, -0.0, 0.0, -0.0, 0.0, -1.0, 0.37472, -0.0, 1.0, 0.0, -0.0, 0.0, 0.0, 0.0, 1.0],
                [1.0, 0.0, -0.0, -0.0, -0.0, 0.0, -1.0, 0.37472, -0.0, 1.0, 0.0, -0.0, 0.0, 0.0, 0.0, 1.0],
                [1.0, 0.0, -0.0, -0.0, -0.0, 0.0, -1.0, 0.37472, -0.0, 1.0, 0.0, 0.0, 0.0, 0.0, 0.0, 1.0],
                [1.0, 0.0, -1e-06, -0.0, -1e-06, 0.0, -1.0, 0.37472, -0.0, 1.0, 0.0, -0.0, 0.0, 0.0, 0.0, 1.0],
                [1.0, 0.0, -1e-06, -0.0, -0.0, 0.0, -1.0, 0.37472, -0.0, 1.0, 0.0, -0.0, 0.0, 0.0, 0.0, 1.0]
            ]
        },
        {
            "name": "Thigh_L",
            "time": [0.0, 0.0167, 0.0333, 0.05, 0.0667, 0.0833, 0.1, 0.1167, 0.1333, 0.15, 0.1667, 0.1833, 0.2, 0.2167, 0.2333, 0.25, 0.2667, 0.2833, 0.3, 0.3167, 0.3333, 0.35, 0.3667, 0.3833, 0.4, 0.4167, 0.4333, 0.45, 0.4667, 0.4833, 0.5, 0.5167, 0.5333, 0.55, 0.5667, 0.5833, 0.6, 0.6167, 0.6333, 0.65, 0.6667, 0.6833, 0.7, 0.7167, 0.7333, 0.75, 0.7667, 0.7833, 0.8, 0.8167, 0.8333, 0.85, 0.8667, 0.8833, 0.9, 0.9167, 0.9333, 0.95, 0.9667, 0.9833, 1.0, 1.0167, 1.0333, 1.05, 1.0667],
            "transform": [
                [0.475474, -0.761513, -0.440481, -0.125006, -0.604414, -0.64659, 0.465408, -0.002831, -0.639225, 0.044943, -0.767706, -1.2e-05, 0.0, 0.0, 0.0, 1.0],
                [0.475474, -0.761552, -0.440413, -0.125006, -0.604414, -0.646549, 0.465466, -0.002831, -0.639225, 0.044875, -0.76771, -1.2e-05, 0.0, 0.0, 0.0, 1.0],
                [0.475474, -0.761667, -0.440213, -0.125006, -0.604414, -0.646427, 0.465635, -0.002831, -0.639224, 0.044673, -0.767722, -1.2e-05, 0.0, 0.0, 0.0, 1.0],
                [0.475474, -0.761854, -0.43989, -0.125006, -0.604414, -0.646229, 0.465909, -0.002831, -0.639225, 0.044348, -0.76774, -1.2e-05, 0.0, 0.0, 0.0, 1.0],
                [0.475474, -0.762108, -0.43945, -0.125006, -0.604414, -0.64596, 0.466282, -0.002831, -0.639224, 0.043904, -0.767766, -1.2e-05, 0.0, 0.0, 0.0, 1.0],
                [0.475474, -0.762424, -0.438901, -0.125006, -0.604414, -0.645624, 0.466747, -0.002831, -0.639224, 0.043351, -0.767797, -1.2e-05, 0.0, 0.0, 0.0, 1.0],
                [0.475474, -0.762798, -0.43825, -0.125006, -0.604414, -0.645225, 0.467298, -0.002831, -0.639225, 0.042696, -0.767834, -1.2e-05, 0.0, 0.0, 0.0, 1.0],
                [0.475474, -0.763226, -0.437505, -0.125006, -0.604414, -0.644769, 0.467928, -0.002831, -0.639224, 0.041947, -0.767875, -1.2e-05, 0.0, 0.0, 0.0, 1.0],
                [0.475474, -0.763702, -0.436673, -0.125006, -0.604414, -0.644258, 0.46863, -0.002831, -0.639225, 0.04111, -0.767921, -1.2e-05, 0.0, 0.0, 0.0, 1.0],
                [0.475474, -0.764223, -0.435762, -0.125006, -0.604414, -0.643699, 0.469399, -0.002831, -0.639225, 0.040193, -0.767969, -1.2e-05, 0.0, 0.0, 0.0, 1.0],
                [0.475474, -0.764783, -0.434778, -0.125006, -0.604414, -0.643094, 0.470227, -0.002831, -0.639225, 0.039205, -0.76802, -1.2e-05, 0.0, 0.0, 0.0, 1.0],
                [0.475474, -0.765378, -0.433729, -0.125006, -0.604414, -0.642449, 0.471108, -0.002831, -0.639225, 0.038152, -0.768073, -1.2e-05, 0.0, 0.0, 0.0, 1.0],
                [0.475474, -0.766004, -0.432623, -0.125006, -0.604414, -0.641768, 0.472035, -0.002831, -0.639224, 0.037043, -0.768128, -1.2e-05, 0.0, 0.0, 0.0, 1.0],
                [0.475474, -0.766656, -0.431467, -0.125006, -0.604414, -0.641055, 0.473003, -0.002831, -0.639225, 0.035884, -0.768183, -1.2e-05, 0.0, 0.0, 0.0, 1.0],
                [0.475474, -0.767329, -0.430268, -0.125006, -0.604414, -0.640315, 0.474004, -0.002831, -0.639225, 0.034683, -0.768238, -1.2e-05, 0.0, 0.0, 0.0, 1.0],
                [0.475474, -0.768019, -0.429034, -0.125006, -0.604414, -0.639552, 0.475033, -0.002831, -0.639225, 0.033449, -0.768292, -1.2e-05, 0.0, 0.0, 0.0, 1.0],
                [0.475474, -0.768723, -0.427773, -0.125006, -0.604414, -0.638772, 0.476082, -0.002831, -0.639225, 0.032187, -0.768346, -1.2e-05, 0.0, 0.0, 0.0, 1.0],
                [0.475474, -0.769435, -0.426491, -0.125006, -0.604414, -0.637977, 0.477146, -0.002831, -0.639225, 0.030907, -0.768399, -1.2e-05, 0.0, 0.0, 0.0, 1.0],
                [0.475474, -0.770151, -0.425197, -0.125006, -0.604414, -0.637174, 0.478218, -0.002831, -0.639225, 0.029615, -0.76845, -1.2e-05, 0.0, 0.0, 0.0, 1.0],
                [0.475474, -0.770866, -0.423898, -0.125006, -0.604414, -0.636367, 0.479291, -0.002831, -0.639225, 0.028319, -0.768499, -1.2e-05, 0.0, 0.0, 0.0, 1.0],
                [0.475474, -0.771578, -0.422601, -0.125006, -0.604414, -0.63556, 0.480361, -0.002831, -0.639224, 0.027027, -0.768545, -1.2e-05, 0.0, 0.0, 0.0, 1.0],
                [0.475474, -0.772281, -0.421315, -0.125006, -0.604414, -0.634759, 0.481419, -0.002831, -0.639225, 0.025747, -0.768589, -1.2e-05, 0.0, 0.0, 0.0, 1.0],
