{
    "animation": [
        {
            "name": "Root",
            "time": [0.0, 0.0417, 0.0833, 0.125, 0.1667, 0.2083, 0.25, 0.2917, 0.3333, 0.375, 0.4167, 0.4583, 0.5, 0.5417, 0.5833, 0.625, 0.6667, 0.7083, 0.75, 0.7917, 0.8333, 0.875, 0.9167, 0.9583, 1.0, 1.3333],
            "transform": [
                [1.0, 0.0, 0.0, 0.0, 0.0, 1.0, 0.0, -0.309147, -0.0, 0.0, 1.0, 0.419691, 0.0, 0.0, 0.0, 1.0],
                [1.0, 0.0, 0.0, 0.0, 0.0, 1.0, 0.0, -0.242508, -0.0, 0.0, 1.0, 0.419691, 0.0, 0.0, 0.0, 1.0],
                [1.0, 0.0, 0.0, 0.0, 0.0, 1.0, 0.0, -0.063461, -0.0, 0.0, 1.0, 0.419691, 0.0, 0.0, 0.0, 1.0],
                [1.0, 0.0, 0.0, 0.0, 0.0, 1.0, 0.0, 0.196694, -0.0, 0.0, 1.0, 0.472541, 0.0, 0.0, 0.0, 1.0],
                [1.0, 0.0, 0.0, 0.0, 0.0, 1.0, 0.0, 0.506654, -0.0, 0.0, 1.0, 0.604668, 0.0, 0.0, 0.0, 1.0],
                [1.0, 0.0, 0.0, 0.0, 0.0, 1.0, 0.0, 0.835117, -0.0, 0.0, 1.0, 0.776432, 0.0, 0.0, 0.0, 1.0],
                [1.0, -0.0, 0.0, 0.0, 0.0, 0.999668, 0.02575, 1.155811, -0.0, -0.02575, 0.999668, 0.948196, 0.0, 0.0, 0.0, 1.0],
                [1.0, -0.0, 0.0, 0.0, 0.0, 0.995923, 0.090212, 1.462583, -0.0, -0.090212, 0.995923, 1.080323, 0.0, 0.0, 0.0, 1.0],
                [1.0, -0.0, 0.0, 0.0, 0.0, 0.984808, 0.173648, 1.754308, -0.0, -0.173648, 0.984808, 1.133173, 0.0, 0.0, 0.0, 1.0],
                [1.0, -0.0, 0.0, 0.0, 0.0, 0.966715, 0.255854, 2.029865, -0.0, -0.255854, 0.966715, 1.092986, 0.0, 0.0, 0.0, 1.0],
                [1.0, -0.0, 0.0, -0.0, 0.0, 0.948188, 0.317709, 2.288128, -0.0, -0.317709, 0.948188, 0.99143, 0.0, 0.0, 0.0, 1.0],
                [1.0, -0.0, 0.0, -0.0, 0.0, 0.939693, 0.34202, 2.527975, -0.0, -0.34202, 0.939693, 0.857015, 0.0, 0.0, 0.0, 1.0],
                [1.0, -0.0, 0.0, -0.0, 0.0, 0.939693, 0.34202, 2.748281, -0.0, -0.34202, 0.939693, 0.718248, 0.0, 0.0, 0.0, 1.0],
                [1.0, -0.0, 0.0, -0.0, 0.0, 0.939693, 0.34202, 2.947924, -0.0, -0.34202, 0.939693, 0.603639, 0.0, 0.0, 0.0, 1.0],
                [1.0, -0.0, 0.0, -0.0, 0.0, 0.939693, 0.34202, 3.125779, -0.0, -0.34202, 0.939693, 0.541697, 0.0, 0.0, 0.0, 1.0],
                [1.0, -0.0, 0.0, -0.0, 0.0, 0.939693, 0.34202, 3.280723, -0.0, -0.34202, 0.939693, 0.518115, 0.0, 0.0, 0.0, 1.0],
                [1.0, -0.0, 0.0, -0.0, 0.0, 0.939693, 0.34202, 3.411633, -0.0, -0.34202, 0.939693, 0.499232, 0.0, 0.0, 0.0, 1.0],
                [1.0, -0.0, 0.0, -0.0, 0.0, 0.939693, 0.34202, 3.518003, -0.0, -0.34202, 0.939693, 0.484525, 0.0, 0.0, 0.0, 1.0],
                [1.0, -0.0, 0.0, -0.0, 0.0, 0.939693, 0.34202, 3.6018, -0.0, -0.34202, 0.939693, 0.473474, 0.0, 0.0, 0.0, 1.0],
                [1.0, -0.0, 0.0, -0.0, 0.0, 0.939693, 0.34202, 3.665611, -0.0, -0.34202, 0.939693, 0.465555, 0.0, 0.0, 0.0, 1.0],
                [1.0, -0.0, 0.0, -0.0, 0.0, 0.939693, 0.34202, 3.712021, -0.0, -0.34202, 0.939693, 0.460247, 0.0, 0.0, 0.0, 1.0],
                [1.0, -0.0, 0.0, -0.0, 0.0, 0.939693, 0.34202, 3.743617, -0.0, -0.34202, 0.939693, 0.457027, 0.0, 0.0, 0.0, 1.0],
                [1.0, -0.0, 0.0, -0.0, 0.0, 0.939693, 0.34202, 3.762984, -0.0, -0.34202, 0.939693, 0.455374, 0.0, 0.0, 0.0, 1.0],
                [1.0, -0.0, 0.0, -0.0, 0.0, 0.939693, 0.34202, 3.772707, -0.0, -0.34202, 0.939693, 0.454764, 0.0, 0.0, 0.0, 1.0],
                [1.0, -0.0, 0.0, -0.0, 0.0, 0.939693, 0.34202, 3.775374, -0.0, -0.34202, 0.939693, 0.454677, 0.0, 0.0, 0.0, 1.0],
                [1.0, -0.0, 0.0, -0.0, 0.0, 0.939693, 0.34202, 3.775374, -0.0, -0.34202, 0.939693, 0.454677, 0.0, 0.0, 0.0, 1.0]
            ]
        },
        {
            "name": "Torso",
            "time": [0.0, 0.0417, 0.0833, 0.125, 0.1667, 0.2083, 1.3333],
            "transform": [
                [1.0, 0.0, 0.0, 0.0, -0.0, 1.0, 0.0, 0.086063, -0.0, -0.0, 1.0, 0.0, 0.0, 0.0, 0.0, 1.0],
                [1.0, -0.000983, -5.7e-05, 0.0, 0.000982, 0.999726, -0.023375, 0.086063, 8e-05, 0.023375, 0.999727, 0.0, 0.0, 0.0, 0.0, 1.0],
                [0.999994, -0.003335, -0.000101, 0.0, 0.003316, 0.996859, -0.079127, 0.086063, 0.000364, 0.079126, 0.996864, 0.0, 0.0, 0.0, 0.0, 1.0],
                [0.999981, -0.006142, 1.9e-05, 0.0, 0.006079, 0.989355, -0.145395, 0.086063, 0.000874, 0.145392, 0.989374, 0.0, 0.0, 0.0, 0.0, 1.0],
                [0.999964, -0.008481, 0.000263, 0.0, 0.008362, 0.979682, -0.200382, 0.086063, 0.001441, 0.200377, 0.979718, 0.0, 0.0, 0.0, 0.0, 1.0],
                [0.999955, -0.009456, 0.000404, 0.0, 0.009307, 0.974721, -0.22323, 0.086063, 0.001717, 0.223223, 0.974766, 0.0, 0.0, 0.0, 0.0, 1.0],
                [0.999955, -0.009456, 0.000404, 0.0, 0.009307, 0.974721, -0.22323, 0.086063, 0.001717, 0.223223, 0.974766, -0.0, 0.0, 0.0, 0.0, 1.0]
            ]
        },
        {
            "name": "Chest",
            "time": [0.0, 0.0417, 0.0833, 0.125, 0.1667, 0.2083, 0.25, 0.2917, 0.3333, 0.375, 0.4167, 0.4583, 0.5, 0.5417, 0.5833, 0.625, 0.6667, 0.7083, 0.75, 0.7917, 0.8333, 0.875, 0.9167, 0.9583, 1.0, 1.3333],
            "transform": [
                [1.0, 0.0, 0.0, -0.0, -0.0, 0.998326, 0.057837, 0.183738, 0.0, -0.057837, 0.998326, 0.0, 0.0, 0.0, 0.0, 1.0],
                [0.999971, 0.00758, -0.000713, -0.0, -0.007588, 0.999889, -0.012849, 0.183738, 0.000615, 0.012854, 0.999917, -0.0, 0.0, 0.0, 0.0, 1.0],
                [0.999763, 0.021468, -0.003569, 0.0, -0.021758, 0.989341, -0.143981, 0.183738, 0.00044, 0.144025, 0.989574, -0.0, 0.0, 0.0, 0.0, 1.0],
                [0.999569, 0.028703, -0.006183, -0.0, -0.029361, 0.976496, -0.213524, 0.183738, -9.2e-05, 0.213613, 0.976918, -0.0, 0.0, 0.0, 0.0, 1.0],
                [0.999567, 0.028684, -0.006539, -0.0, -0.029413, 0.978972, -0.201862, 0.183738, 0.000611, 0.201967, 0.979392, -0.0, 0.0, 0.0, 0.0, 1.0],
                [0.999566, 0.028739, -0.006493, 0.0, -0.029425, 0.98493, -0.170433, 0.183738, 0.001497, 0.17055, 0.985348, -0.0, 0.0, 0.0, 0.0, 1.0],
                [0.999565, 0.028835, -0.006137, 0.0, -0.029375, 0.991782, -0.12452, 0.183738, 0.002496, 0.124646, 0.992198, -0.0, 0.0, 0.0, 0.0, 1.0],
                [0.999566, 0.028932, -0.005563, 0.0, -0.02925, 0.997144, -0.069633, 0.183738, 0.003533, 0.069766, 0.997557, -0.0, 0.0, 0.0, 0.0, 1.0],
                [0.999567, 0.029, -0.004869, 0.0, -0.029055, 0.99951, -0.01161, 0.183738, 0.00453, 0.011747, 0.999921, -0.0, 0.0, 0.0, 0.0, 1.0],
                [0.99957, 0.029027, -0.004157, 0.0, -0.028819, 0.998636, 0.043531, 0.183738, 0.005414, -0.043393, 0.999043, -0.0, 0.0, 0.0, 0.0, 1.0],
                [0.999573, 0.029017, -0.003526, 0.0, -0.028583, 0.995545, 0.089849, 0.183738, 0.006118, -0.08971, 0.995949, -0.0, 0.0, 0.0, 0.0, 1.0],
                [0.999575, 0.028991, -0.003078, -0.0, -0.028402, 0.992166, 0.121654, 0.183738, 0.006581, -0.121515, 0.992568, -0.0, 0.0, 0.0, 0.0, 1.0],
                [0.999576, 0.028977, -0.002907, -0.0, -0.02833, 0.990648, 0.133467, 0.183738, 0.006747, -0.133328, 0.991049, -0.0, 0.0, 0.0, 0.0, 1.0],
                [0.999576, 0.02898, -0.002955, -0.0, -0.028361, 0.991321, 0.128369, 0.183738, 0.00665, -0.128231, 0.991722, -0.0, 0.0, 0.0, 0.0, 1.0],
                [0.999575, 0.02899, -0.00309, -0.0, -0.028447, 0.993043, 0.114261, 0.183738, 0.00638, -0.114124, 0.993446, 0.0, 0.0, 0.0, 0.0, 1.0],
                [0.999574, 0.029002, -0.003292, -0.0, -0.028571, 0.995267, 0.092888, 0.183738, 0.005971, -0.092755, 0.995671, -0.0, 0.0, 0.0, 0.0, 1.0],
                [0.999573, 0.029011, -0.003547, -0.0, -0.028714, 0.997406, 0.066011, 0.183738, 0.005453, -0.065881, 0.997813, -0.0, 0.0, 0.0, 0.0, 1.0],
                [0.999572, 0.029014, -0.003837, -0.0, -0.02886, 0.998955, 0.035427, 0.183738, 0.004861, -0.035301, 0.999365, -0.0, 0.0, 0.0, 0.0, 1.0],
                [0.999571, 0.029007, -0.004144, -0.0, -0.028994, 0.999575, 0.002973, 0.183738, 0.004229, -0.002852, 0.999987, 0.0, 0.0, 0.0, 0.0, 1.0],
                [0.99957, 0.02899, -0.004451, -0.0, -0.029109, 0.999141, -0.029485, 0.183738, 0.003593, 0.029601, 0.999555, -0.0, 0.0, 0.0, 0.0, 1.0],
                [0.999569, 0.028965, -0.00474, -0.0, -0.029198, 0.997766, -0.06008, 0.183738, 0.002989, 0.060192, 0.998182, -0.0, 0.0, 0.0, 0.0, 1.0],
                [0.999569, 0.028936, -0.004994, -0.0, -0.029261, 0.995781, -0.086971, 0.183738, 0.002456, 0.08708, 0.996198, 0.0, 0.0, 0.0, 0.0, 1.0],
                [0.999569, 0.028908, -0.005195, -0.0, -0.0293, 0.99368, -0.108357, 0.183738, 0.00203, 0.108463, 0.994098, -0.0, 0.0, 0.0, 0.0, 1.0],
                [0.999569, 0.028887, -0.005328, -0.0, -0.029322, 0.992038, -0.122474, 0.183738, 0.001748, 0.122577, 0.992458, 0.0, 0.0, 0.0, 0.0, 1.0],
                [0.999568, 0.028879, -0.005376, -0.0, -0.029329, 0.991396, -0.127571, 0.183738, 0.001645, 0.127673, 0.991815, -0.0, 0.0, 0.0, 0.0, 1.0],
                [0.999568, 0.028879, -0.005376, -0.0, -0.029329, 0.991396, -0.127571, 0.183738, 0.001645, 0.127673, 0.991815, -0.0, 0.0, 0.0, 0.0, 1.0]
            ]
        },
        {
            "name": "Chest_Upper",
            "time": [0.0, 0.0417, 0.0833, 0.125, 0.1667, 0.2083, 0.25, 0.2917, 0.3333, 0.375, 0.4167, 0.4583, 0.5, 0.5417, 0.5833, 0.625, 0.6667, 0.7083, 0.75, 0.7917, 1.3333],
            "transform": [
                [1.0, -0.0, 0.0, 0.0, 0.0, 0.991943, -0.126682, 0.222961, 0.0, 0.126682, 0.991943, -0.0, 0.0, 0.0, 0.0, 1.0],
                [0.999993, -0.003638, 0.00011, -0.0, 0.003624, 0.992341, -0.123475, 0.222961, 0.00034, 0.123475, 0.992348, -0.0, 0.0, 0.0, 0.0, 1.0],
                [0.999924, -0.01233, 0.00031, 0.0, 0.012285, 0.993359, -0.114402, 0.222961, 0.001103, 0.114397, 0.993434, 0.0, 0.0, 0.0, 0.0, 1.0],
                [0.999741, -0.022743, 0.000395, 0.0, 0.022668, 0.994701, -0.100279, 0.222961, 0.001888, 0.100262, 0.994959, -0.0, 0.0, 0.0, 0.0, 1.0],
                [0.999502, -0.031542, 0.000224, -0.0, 0.031454, 0.996142, -0.081921, 0.222961, 0.002361, 0.081887, 0.996639, -0.0, 0.0, 0.0, 0.0, 1.0],
                [0.999374, -0.035389, -0.000201, -0.0, 0.035313, 0.997565, -0.060144, 0.222961, 0.002328, 0.0601, 0.99819, 0.0, 0.0, 0.0, 0.0, 1.0],
                [0.999365, -0.035617, -0.000717, 0.0, 0.035568, 0.998725, -0.035812, 0.222961, 0.001992, 0.035763, 0.999358, -0.0, 0.0, 0.0, 0.0, 1.0],
                [0.999359, -0.035785, -0.001246, 0.0, 0.035771, 0.99931, -0.010014, 0.222961, 0.001603, 0.009963, 0.999949, -0.0, 0.0, 0.0, 0.0, 1.0],
                [0.999354, -0.035899, -0.001766, -0.0, 0.035923, 0.999225, 0.016085, 0.222961, 0.001188, -0.016138, 0.999869, 0.0, 0.0, 0.0, 0.0, 1.0],
                [0.99935, -0.035965, -0.002259, 0.0, 0.036028, 0.998496, 0.041312, 0.222961, 0.00077, -0.041367, 0.999144, 0.0, 0.0, 0.0, 0.0, 1.0],
                [0.999348, -0.035994, -0.002703, -0.0, 0.036093, 0.997265, 0.064503, 0.222961, 0.000374, -0.064559, 0.997914, -0.0, 0.0, 0.0, 0.0, 1.0],
                [0.999347, -0.035995, -0.00308, -0.0, 0.036126, 0.995768, 0.084505, 0.222961, 2.6e-05, -0.084561, 0.996418, 0.0, 0.0, 0.0, 0.0, 1.0],
                [0.999347, -0.035981, -0.003372, 0.0, 0.036138, 0.994313, 0.100181, 0.222961, -0.000252, -0.100237, 0.994963, 0.0, 0.0, 0.0, 0.0, 1.0],
                [0.999347, -0.035964, -0.003559, 0.0, 0.036137, 0.993229, 0.110408, 0.222961, -0.000435, -0.110464, 0.99388, 0.0, 0.0, 0.0, 0.0, 1.0],
                [0.999347, -0.035956, -0.003626, 0.0, 0.036135, 0.992816, 0.114067, 0.222961, -0.000502, -0.114124, 0.993466, 0.0, 0.0, 0.0, 0.0, 1.0],
                [0.999349, -0.035926, -0.003266, -0.0, 0.036073, 0.994724, 0.096036, 0.222961, -0.000201, -0.096092, 0.995372, 0.0, 0.0, 0.0, 0.0, 1.0],
                [0.999355, -0.035826, -0.00241, 0.0, 0.035903, 0.997955, 0.052884, 0.222961, 0.00051, -0.052936, 0.998598, -0.0, 0.0, 0.0, 0.0, 1.0],
                [0.999363, -0.035659, -0.001394, -0.0, 0.035661, 0.999363, 0.001227, 0.22296, 0.00135, -0.001276, 0.999998, -0.0, 0.0, 0.0, 0.0, 1.0],
                [0.99937, -0.035479, -0.000551, -0.0, 0.035424, 0.998488, -0.042037, 0.222961, 0.002042, 0.041991, 0.999116, 0.0, 0.0, 0.0, 0.0, 1.0],
                [0.999373, -0.035392, -0.000201, 0.0, 0.035316, 0.997565, -0.060145, 0.222961, 0.002329, 0.0601, 0.99819, -0.0, 0.0, 0.0, 0.0, 1.0],
                [0.999373, -0.035392, -0.000201, 0.0, 0.035316, 0.997565, -0.060144, 0.22296, 0.002329, 0.0601, 0.99819, 0.0, 0.0, 0.0, 0.0, 1.0]
            ]
        },
        {
            "name": "Shoulder_FR",
            "time": [0.0, 0.0417, 0.0833, 0.125, 0.1667, 0.2083, 1.3333],
            "transform": [
                [0.817589, 0.274825, 0.505984, -0.0, -0.33102, -0.494685, 0.803562, 0.222961, 0.471142, -0.824474, -0.313477, -0.0, 0.0, 0.0, 0.0, 1.0],
                [0.817589, 0.274825, 0.505984, -0.0, -0.33102, -0.494685, 0.803562, 0.222961, 0.471142, -0.824474, -0.313477, 0.0, 0.0, 0.0, 0.0, 1.0],
                [0.817589, 0.274825, 0.505984, -0.0, -0.33102, -0.494685, 0.803562, 0.222961, 0.471142, -0.824474, -0.313477, 0.0, 0.0, 0.0, 0.0, 1.0],
                [0.817589, 0.274825, 0.505984, -0.0, -0.33102, -0.494685, 0.803563, 0.222961, 0.471142, -0.824474, -0.313477, 0.0, 0.0, 0.0, 0.0, 1.0],
                [0.817589, 0.274825, 0.505984, 0.0, -0.331019, -0.494685, 0.803562, 0.222961, 0.471142, -0.824474, -0.313477, -0.0, 0.0, 0.0, 0.0, 1.0],
                [0.817589, 0.274825, 0.505984, -0.0, -0.331019, -0.494685, 0.803563, 0.222961, 0.471142, -0.824474, -0.313477, 0.0, 0.0, 0.0, 0.0, 1.0],
                [0.817589, 0.274825, 0.505984, -0.0, -0.33102, -0.494685, 0.803562, 0.222961, 0.471142, -0.824474, -0.313477, -0.0, 0.0, 0.0, 0.0, 1.0]
            ]
        },
        {
            "name": "Thigh_FR",
            "time": [0.0, 0.0417, 0.0833, 0.125, 0.1667, 0.2083, 0.25, 0.2917, 0.3333, 0.375, 0.4167, 0.4583, 0.5, 0.5417, 0.5833, 0.625, 0.6667, 0.7083, 0.75, 0.7917, 0.8333, 0.875, 0.9167, 0.9583, 1.0, 1.3333],
            "transform": [
                [0.929103, -0.369414, -0.017378, -0.0, 0.365513, 0.924415, -0.10889, 0.238613, 0.056291, 0.094818, 0.993902, -0.0, 0.0, 0.0, 0.0, 1.0],
                [0.825973, -0.533663, 0.181583, -0.0, 0.550224, 0.693204, -0.465534, 0.238613, 0.122564, 0.48443, 0.866202, -0.0, 0.0, 0.0, 0.0, 1.0],
                [0.680045, -0.566849, 0.464995, -0.0, 0.672476, 0.229581, -0.703611, 0.238613, 0.292088, 0.791185, 0.537318, 0.0, 0.0, 0.0, 0.0, 1.0],
                [0.648807, -0.547731, 0.528243, -0.0, 0.681457, 0.109307, -0.723649, 0.238613, 0.338624, 0.829484, 0.444174, 0.0, 0.0, 0.0, 0.0, 1.0],
                [0.630493, -0.531794, 0.565397, 0.0, 0.683536, 0.035265, -0.729064, 0.238613, 0.367773, 0.846139, 0.385735, 0.0, 0.0, 0.0, 0.0, 1.0],
                [0.621345, -0.522398, 0.583978, -0.0, 0.6836, -0.002805, -0.729851, 0.238613, 0.38291, 0.852697, 0.355369, 0.0, 0.0, 0.0, 0.0, 1.0],
                [0.618028, -0.51874, 0.590721, -0.0, 0.683447, -0.016815, -0.729806, 0.238613, 0.388513, 0.854767, 0.344139, 0.0, 0.0, 0.0, 0.0, 1.0],
                [0.617558, -0.518211, 0.591676, -0.0, 0.683414, -0.018816, -0.729789, 0.238613, 0.389317, 0.855046, 0.342533, 0.0, 0.0, 0.0, 0.0, 1.0],
                [0.618728, -0.51952, 0.589301, -0.0, 0.68348, -0.013869, -0.729837, 0.238613, 0.387338, 0.854346, 0.3465, 0.0, 0.0, 0.0, 0.0, 1.0],
                [0.622068, -0.523162, 0.582523, -0.0, 0.683607, 0.000181, -0.72985, 0.238613, 0.381724, 0.852234, 0.35775, -0.0, 0.0, 0.0, 0.0, 1.0],
                [0.627343, -0.528636, 0.571826, -0.0, 0.683621, 0.022165, -0.729501, 0.238613, 0.372966, 0.848559, 0.375292, -0.0, 0.0, 0.0, 0.0, 1.0],
                [0.634326, -0.535381, 0.557671, -0.0, 0.683299, 0.050895, -0.728362, 0.238613, 0.361569, 0.843076, 0.39811, 0.0, 0.0, 0.0, 0.0, 1.0],
                [0.642786, -0.542813, 0.540537, 0.0, 0.682412, 0.085149, -0.725991, 0.238613, 0.348051, 0.835526, 0.425155, 0.0, 0.0, 0.0, 0.0, 1.0],
                [0.652469, -0.550366, 0.520943, 0.0, 0.680755, 0.123647, -0.722, 0.238613, 0.332952, 0.825717, 0.455341, 0.0, 0.0, 0.0, 0.0, 1.0],
                [0.663093, -0.557535, 0.499462, 0.0, 0.678183, 0.165056, -0.716118, 0.238613, 0.316822, 0.813579, 0.487558, 0.0, 0.0, 0.0, 0.0, 1.0],
                [0.674347, -0.563902, 0.476729, -0.0, 0.674631, 0.20801, -0.708241, 0.238613, 0.300214, 0.799216, 0.520697, -0.0, 0.0, 0.0, 0.0, 1.0],
                [0.685895, -0.56917, 0.453425, -0.0, 0.670134, 0.251141, -0.698461, 0.238613, 0.28367, 0.782926, 0.553676, -0.0, 0.0, 0.0, 0.0, 1.0],
                [0.697378, -0.573176, 0.430271, 0.0, 0.664832, 0.293118, -0.687081, 0.238613, 0.267698, 0.765213, 0.58548, 0.0, 0.0, 0.0, 0.0, 1.0],
                [0.708434, -0.575898, 0.407999, 0.0, 0.658962, 0.332687, -0.674602, 0.238613, 0.252766, 0.746767, 0.615182, 0.0, 0.0, 0.0, 0.0, 1.0],
                [0.7187, -0.577444, 0.387336, -0.0, 0.652851, 0.3687, -0.661699, 0.238613, 0.239284, 0.728436, 0.64197, 0.0, 0.0, 0.0, 0.0, 1.0],
                [0.727823, -0.578034, 0.368985, 0.0, 0.646891, 0.400124, -0.649179, 0.238613, 0.227608, 0.71118, 0.665144, -0.0, 0.0, 0.0, 0.0, 1.0],
                [0.735469, -0.577963, 0.353617, 0.0, 0.641515, 0.426035, -0.637928, 0.238613, 0.218046, 0.696027, 0.684107, 0.0, 0.0, 0.0, 0.0, 1.0],
                [0.741314, -0.577561, 0.341873, -0.0, 0.637172, 0.445587, -0.62886, 0.238613, 0.210871, 0.684015, 0.698325, -0.0, 0.0, 0.0, 0.0, 1.0],
                [0.745048, -0.577146, 0.334374, -0.0, 0.63429, 0.457959, -0.622856, 0.238612, 0.206349, 0.676147, 0.70728, 0.0, 0.0, 0.0, 0.0, 1.0],
                [0.746362, -0.576971, 0.331735, 0.0, 0.633256, 0.462292, -0.620703, 0.238613, 0.204769, 0.673343, 0.710408, 0.0, 0.0, 0.0, 0.0, 1.0],
                [0.746362, -0.576971, 0.331735, 0.0, 0.633256, 0.462292, -0.620703, 0.238613, 0.204769, 0.673343, 0.710408, 0.0, 0.0, 0.0, 0.0, 1.0]
            ]
        },
        {
            "name": "Leg_FR",
            "time": [0.0, 0.0417, 0.0833, 0.125, 0.1667, 0.2083, 0.25, 0.2917, 0.3333, 0.375, 0.4167, 0.4583, 0.5, 0.5417, 0.5833, 0.625, 0.6667, 0.7083, 0.75, 0.7917, 0.8333, 0.875, 0.9167, 0.9583, 1.0, 1.3333],
            "transform": [
                [0.996803, -0.079663, 0.006193, -0.0, 0.079663, 0.984808, -0.154296, 0.131153, 0.006193, 0.154296, 0.988005, 0.0, 0.0, 0.0, 0.0, 1.0],
                [0.994157, 0.107353, 0.011318, 0.0, -0.107353, 0.972236, 0.207926, 0.131153, 0.011318, -0.207926, 0.978079, -0.0, 0.0, 0.0, 0.0, 1.0],
                [0.953886, 0.286574, 0.089316, 0.0, -0.286574, 0.780893, 0.555051, 0.131153, 0.089316, -0.555051, 0.827007, 0.0, 0.0, 0.0, 0.0, 1.0],
                [0.958371, 0.27398, 0.08037, -0.0, -0.273945, 0.802969, 0.529334, 0.131153, 0.080492, -0.529316, 0.844598, 0.0, 0.0, 0.0, 0.0, 1.0],
                [0.96827, 0.242433, 0.060663, 0.0, -0.242328, 0.851491, 0.465016, 0.131153, 0.061081, -0.464961, 0.883222, -0.0, 0.0, 0.0, 0.0, 1.0],
                [0.978475, 0.202369, 0.040414, 0.0, -0.202212, 0.901125, 0.383515, 0.131153, 0.041194, -0.383432, 0.92265, -0.0, 0.0, 0.0, 0.0, 1.0],
                [0.985565, 0.167223, 0.026413, -0.0, -0.167048, 0.935228, 0.312161, 0.131154, 0.027499, -0.312067, 0.949662, -0.0, 0.0, 0.0, 0.0, 1.0],
                [0.988124, 0.152161, 0.021381, 0.0, -0.151985, 0.947413, 0.281619, 0.131153, 0.022595, -0.281524, 0.959288, -0.0, 0.0, 0.0, 0.0, 1.0],
                [0.988124, 0.152161, 0.021381, -0.0, -0.151985, 0.947413, 0.281619, 0.131153, 0.022595, -0.281524, 0.959288, 0.0, 0.0, 0.0, 0.0, 1.0],
                [0.988124, 0.152161, 0.021381, 0.0, -0.151985, 0.947413, 0.281619, 0.131154, 0.022595, -0.281524, 0.959288, 0.0, 0.0, 0.0, 0.0, 1.0],
                [0.988125, 0.152161, 0.021381, 0.0, -0.151985, 0.947413, 0.281619, 0.131153, 0.022595, -0.281524, 0.959288, -0.0, 0.0, 0.0, 0.0, 1.0],
                [0.988125, 0.152161, 0.021381, -0.0, -0.151985, 0.947413, 0.281619, 0.131153, 0.022595, -0.281524, 0.959288, -0.0, 0.0, 0.0, 0.0, 1.0],
                [0.988124, 0.152161, 0.021381, -0.0, -0.151985, 0.947413, 0.281619, 0.131153, 0.022595, -0.281524, 0.959288, 0.0, 0.0, 0.0, 0.0, 1.0],
                [0.993272, 0.115206, 0.011795, -0.0, -0.115078, 0.970448, 0.212105, 0.131153, 0.012989, -0.212035, 0.977176, 0.0, 0.0, 0.0, 0.0, 1.0],
                [0.999436, 0.033559, 0.000459, -0.0, -0.033529, 0.99772, 0.058571, 0.131153, 0.001508, -0.058554, 0.998283, -0.0, 0.0, 0.0, 0.0, 1.0],
                [0.998964, -0.045474, 0.001713, -0.0, 0.045444, 0.994904, -0.090005, 0.131153, 0.002388, 0.089989, 0.99594, 0.0, 0.0, 0.0, 0.0, 1.0],
                [0.996803, -0.079663, 0.006193, -0.0, 0.079663, 0.984808, -0.154295, 0.131154, 0.006193, 0.154296, 0.988005, 0.0, 0.0, 0.0, 0.0, 1.0],
                [0.998154, -0.06058, 0.00425, 0.0, 0.060664, 0.991389, -0.116052, 0.131153, 0.002817, 0.116096, 0.993234, 0.0, 0.0, 0.0, 0.0, 1.0],
                [0.999957, -0.009026, 0.001971, 0.0, 0.00905, 0.99988, -0.012545, 0.131153, -0.001857, 0.012562, 0.999919, -0.0, 0.0, 0.0, 0.0, 1.0],
                [0.997821, 0.065501, 0.007964, 0.0, -0.065974, 0.988326, 0.137327, 0.131154, 0.001124, -0.137553, 0.990494, -0.0, 0.0, 0.0, 0.0, 1.0],
                [0.988324, 0.149616, 0.028807, 0.0, -0.151196, 0.93969, 0.306793, 0.131153, 0.018831, -0.307566, 0.95134, 0.0, 0.0, 0.0, 0.0, 1.0],
                [0.971643, 0.22767, 0.063842, -0.0, -0.230856, 0.855021, 0.464375, 0.131153, 0.051138, -0.465945, 0.883334, 0.0, 0.0, 0.0, 0.0, 1.0],
                [0.952094, 0.287506, 0.1042, 0.0, -0.292407, 0.756143, 0.585445, 0.131154, 0.089529, -0.587868, 0.803988, 0.0, 0.0, 0.0, 0.0, 1.0],
                [0.936082, 0.324017, 0.13698, -0.0, -0.330251, 0.675293, 0.65948, 0.131154, 0.12118, -0.662565, 0.739136, -0.0, 0.0, 0.0, 0.0, 1.0],
                [0.929643, 0.336496, 0.150114, -0.0, -0.343253, 0.642804, 0.684821, 0.131154, 0.133946, -0.688167, 0.713081, 0.0, 0.0, 0.0, 0.0, 1.0],
                [0.929643, 0.336496, 0.150114, -0.0, -0.343253, 0.642804, 0.684821, 0.131154, 0.133946, -0.688167, 0.713081, 0.0, 0.0, 0.0, 0.0, 1.0]
            ]
        },
        {
            "name": "Shoulder_FL",
            "time": [0.0, 0.0417, 0.0833, 0.125, 0.1667, 0.2083, 1.3333],
            "transform": [
                [0.817589, -0.274825, -0.505984, -0.0, 0.331019, -0.494685, 0.803563, 0.222961, -0.471141, -0.824474, -0.313477, -0.0, 0.0, 0.0, 0.0, 1.0],
                [0.817589, -0.274825, -0.505984, -0.0, 0.331019, -0.494685, 0.803563, 0.222961, -0.471141, -0.824474, -0.313477, 0.0, 0.0, 0.0, 0.0, 1.0],
                [0.817589, -0.274825, -0.505984, -0.0, 0.331019, -0.494685, 0.803563, 0.222961, -0.471141, -0.824474, -0.313477, 0.0, 0.0, 0.0, 0.0, 1.0],
                [0.817589, -0.274825, -0.505984, -0.0, 0.331019, -0.494685, 0.803563, 0.222961, -0.471141, -0.824474, -0.313477, 0.0, 0.0, 0.0, 0.0, 1.0],
                [0.817589, -0.274825, -0.505983, 0.0, 0.331019, -0.494685, 0.803563, 0.222961, -0.471141, -0.824474, -0.313477, -0.0, 0.0, 0.0, 0.0, 1.0],
                [0.817589, -0.274825, -0.505984, -0.0, 0.331019, -0.494685, 0.803563, 0.222961, -0.471141, -0.824474, -0.313477, 0.0, 0.0, 0.0, 0.0, 1.0],
                [0.817589, -0.274825, -0.505984, -0.0, 0.331019, -0.494685, 0.803563, 0.222961, -0.471141, -0.824474, -0.313477, -0.0, 0.0, 0.0, 0.0, 1.0]
            ]
        },
        {
            "name": "Thigh_FL",
            "time": [0.0, 0.0417, 0.0833, 0.125, 0.1667, 0.2083, 0.25, 0.2917, 0.3333, 0.375, 0.4167, 0.4583, 0.5, 0.5417, 0.5833, 0.625, 0.6667, 0.7083, 0.75, 0.7917, 0.8333, 0.875, 0.9167, 0.9583, 1.0, 1.3333],
            "transform": [
                [0.68102, 0.567213, -0.46312, -0.0, -0.672127, 0.233196, -0.702756, 0.238613, -0.290614, 0.789866, 0.54005, -0.0, 0.0, 0.0, 0.0, 1.0],
                [0.793543, 0.556849, -0.245377, -0.0, -0.588655, 0.600287, -0.541426, 0.238613, -0.154196, 0.574087, 0.804144, 0.0, 0.0, 0.0, 0.0, 1.0],
                [0.898667, 0.436643, -0.041732, 0.0, -0.433179, 0.868513, -0.240918, 0.238613, -0.06895, 0.234582, 0.969648, -0.0, 0.0, 0.0, 0.0, 1.0],
                [0.87973, 0.469299, -0.076376, 0.0, -0.468497, 0.82815, -0.307699, 0.238613, -0.081152, 0.306475, 0.948413, -0.0, 0.0, 0.0, 0.0, 1.0],
                [0.828455, 0.533283, -0.17109, -0.0, -0.546497, 0.702941, -0.455209, 0.238613, -0.122489, 0.470621, 0.873792, 0.0, 0.0, 0.0, 0.0, 1.0],
                [0.759731, 0.577549, -0.298742, 0.0, -0.620937, 0.508031, -0.596944, 0.238613, -0.192994, 0.639016, 0.744588, 0.0, 0.0, 0.0, 0.0, 1.0],
                [0.700577, 0.584678, -0.409077, 0.0, -0.662539, 0.320059, -0.677204, 0.238613, -0.265017, 0.745463, 0.611597, -0.0, 0.0, 0.0, 0.0, 1.0],
                [0.676421, 0.579756, -0.454244, -0.0, -0.673846, 0.238194, -0.699425, 0.238613, -0.297298, 0.779197, 0.551785, -0.0, 0.0, 0.0, 0.0, 1.0],
                [0.678489, 0.580361, -0.450371, 0.0, -0.67301, 0.245326, -0.697763, 0.238613, -0.294466, 0.776529, 0.557039, 0.0, 0.0, 0.0, 0.0, 1.0],
                [0.684382, 0.581898, -0.439335, -0.0, -0.670492, 0.265535, -0.692771, 0.238613, -0.286463, 0.768691, 0.571886, -0.0, 0.0, 0.0, 0.0, 1.0],
                [0.693661, 0.583762, -0.421967, 0.0, -0.666124, 0.296988, -0.684162, 0.238613, -0.274069, 0.755659, 0.594867, 0.0, 0.0, 0.0, 0.0, 1.0],
                [0.705882, 0.585188, -0.399106, 0.0, -0.659624, 0.33774, -0.671438, 0.238613, -0.258123, 0.737216, 0.624408, -0.0, 0.0, 0.0, 0.0, 1.0],
                [0.720567, 0.585366, -0.371658, 0.0, -0.6507, 0.385704, -0.654081, 0.238613, -0.239527, 0.713147, 0.658823, 0.0, 0.0, 0.0, 0.0, 1.0],
                [0.73718, 0.583553, -0.340633, 0.0, -0.639142, 0.438648, -0.631732, 0.238613, -0.219231, 0.683414, 0.696336, 0.0, 0.0, 0.0, 0.0, 1.0],
                [0.755124, 0.579172, -0.307159, 0.0, -0.624903, 0.494244, -0.604334, 0.238613, -0.198202, 0.648292, 0.735142, 0.0, 0.0, 0.0, 0.0, 1.0],
                [0.773749, 0.571911, -0.272452, -0.0, -0.608154, 0.550174, -0.572239, 0.238612, -0.177373, 0.608462, 0.773507, 0.0, 0.0, 0.0, 0.0, 1.0],
                [0.792388, 0.561775, -0.237761, -0.0, -0.589312, 0.604266, -0.536259, 0.238613, -0.157586, 0.565041, 0.809874, 0.0, 0.0, 0.0, 0.0, 1.0],
                [0.81039, 0.549119, -0.204295, -0.0, -0.569034, 0.654634, -0.497649, 0.238613, -0.139531, 0.519541, 0.842976, -0.0, 0.0, 0.0, 0.0, 1.0],
                [0.827164, 0.534621, -0.173149, 0.0, -0.548176, 0.699795, -0.458029, 0.238612, -0.123703, 0.473781, 0.871911, 0.0, 0.0, 0.0, 0.0, 1.0],
                [0.842208, 0.519219, -0.145251, 0.0, -0.527731, 0.738725, -0.419267, 0.238613, -0.110391, 0.429763, 0.896168, 0.0, 0.0, 0.0, 0.0, 1.0],
                [0.855118, 0.504035, -0.121337, -0.0, -0.508759, 0.770846, -0.383354, 0.238613, -0.099692, 0.389544, 0.915596, -0.0, 0.0, 0.0, 0.0, 1.0],
                [0.865584, 0.490272, -0.101971, 0.0, -0.492324, 0.795935, -0.352284, 0.238612, -0.091553, 0.355134, 0.930322, 0.0, 0.0, 0.0, 0.0, 1.0],
                [0.87336, 0.479134, -0.087595, -0.0, -0.479451, 0.813979, -0.32797, 0.238613, -0.085841, 0.328433, 0.940618, -0.0, 0.0, 0.0, 0.0, 1.0],
                [0.878222, 0.471747, -0.078611, 0.0, -0.471096, 0.824985, -0.312199, 0.238613, -0.082426, 0.311213, 0.946759, 0.0, 0.0, 0.0, 0.0, 1.0],
                [0.879914, 0.469098, -0.075488, -0.0, -0.468132, 0.828762, -0.306605, 0.238613, -0.081267, 0.305124, 0.948839, -0.0, 0.0, 0.0, 0.0, 1.0],
                [0.879914, 0.469098, -0.075488, -0.0, -0.468132, 0.828762, -0.306605, 0.238613, -0.081267, 0.305124, 0.948839, -0.0, 0.0, 0.0, 0.0, 1.0]
            ]
        },
        {
            "name": "Leg_FL",
            "time": [0.0, 0.0417, 0.0833, 0.125, 0.1667, 0.2083, 0.25, 0.2917, 0.3333, 0.375, 0.4167, 0.4583, 0.5, 0.5417, 0.5833, 0.625, 0.6667, 0.7083, 0.75, 0.7917, 0.8333, 0.875, 0.9167, 0.9583, 1.0, 1.3333],
            "transform": [
                [0.878482, -0.415781, -0.235363, -0.0, 0.415781, 0.422617, 0.805308, 0.131153, -0.235363, -0.805308, 0.544136, -0.0, 0.0, 0.0, 0.0, 1.0],
                [0.945909, -0.307097, -0.10463, 0.0, 0.307097, 0.743519, 0.59403, 0.131153, -0.10463, -0.59403, 0.79761, 0.0, 0.0, 0.0, 0.0, 1.0],
                [0.992039, -0.124983, -0.015419, -0.0, 0.124983, 0.962174, 0.242074, 0.131153, -0.015419, -0.242074, 0.970135, 0.0, 0.0, 0.0, 0.0, 1.0],
                [0.996276, -0.085924, -0.007162, -0.0, 0.085896, 0.981859, 0.169041, 0.131153, -0.007493, -0.169026, 0.985583, -0.0, 0.0, 0.0, 0.0, 1.0],
                [0.998076, -0.061907, -0.003297, -0.0, 0.061837, 0.990341, 0.124099, 0.131153, -0.004418, -0.124065, 0.992264, 0.0, 0.0, 0.0, 0.0, 1.0],
                [0.998772, -0.04952, -0.001471, 0.0, 0.049415, 0.993668, 0.100908, 0.131153, -0.003535, -0.100856, 0.994895, 0.0, 0.0, 0.0, 0.0, 1.0],
                [0.998989, -0.044957, -0.00065, 0.0, 0.044825, 0.994717, 0.092354, 0.131154, -0.003505, -0.092289, 0.995726, 0.0, 0.0, 0.0, 0.0, 1.0],
                [0.999018, -0.04431, -0.000427, 0.0, 0.044164, 0.994859, 0.091133, 0.131153, -0.003613, -0.091063, 0.995839, -0.0, 0.0, 0.0, 0.0, 1.0],
                [0.999018, -0.04431, -0.000427, 0.0, 0.044164, 0.994859, 0.091133, 0.131153, -0.003613, -0.091063, 0.995839, 0.0, 0.0, 0.0, 0.0, 1.0],
                [0.999018, -0.04431, -0.000427, 0.0, 0.044164, 0.994859, 0.091134, 0.131153, -0.003613, -0.091063, 0.995839, 0.0, 0.0, 0.0, 0.0, 1.0],
                [0.999018, -0.04431, -0.000427, -0.0, 0.044164, 0.994859, 0.091133, 0.131153, -0.003613, -0.091063, 0.995839, 0.0, 0.0, 0.0, 0.0, 1.0],
                [0.999018, -0.04431, -0.000427, 0.0, 0.044164, 0.994859, 0.091133, 0.131153, -0.003613, -0.091063, 0.995839, 0.0, 0.0, 0.0, 0.0, 1.0],
                [0.999018, -0.04431, -0.000427, 0.0, 0.044164, 0.994859, 0.091133, 0.131153, -0.003613, -0.091063, 0.995839, 0.0, 0.0, 0.0, 0.0, 1.0],
                [0.99317, -0.116045, -0.012143, -0.0, 0.115729, 0.966487, 0.229149, 0.131153, -0.014856, -0.228989, 0.973316, 0.0, 0.0, 0.0, 0.0, 1.0],
                [0.961164, -0.265641, -0.074826, -0.0, 0.265195, 0.813962, 0.516853, 0.131153, -0.076392, -0.516624, 0.852798, -0.0, 0.0, 0.0, 0.0, 1.0],
                [0.90723, -0.380344, -0.179643, -0.0, 0.380133, 0.558499, 0.737277, 0.131153, -0.180088, -0.737169, 0.651268, -0.0, 0.0, 0.0, 0.0, 1.0],
                [0.878482, -0.415781, -0.235363, 0.0, 0.415781, 0.422617, 0.805308, 0.131153, -0.235363, -0.805308, 0.544136, 0.0, 0.0, 0.0, 0.0, 1.0],
                [0.886798, -0.406999, -0.218953, -0.0, 0.406461, 0.461368, 0.788625, 0.131153, -0.219952, -0.788347, 0.57457, 0.0, 0.0, 0.0, 0.0, 1.0],
                [0.908133, -0.379575, -0.176682, 0.0, 0.377783, 0.560976, 0.736605, 0.131153, -0.180482, -0.735683, 0.652837, 0.0, 0.0, 0.0, 0.0, 1.0],
                [0.936006, -0.330534, -0.120995, 0.0, 0.327453, 0.691629, 0.643758, 0.131153, -0.129101, -0.642181, 0.755603, 0.0, 0.0, 0.0, 0.0, 1.0],
                [0.963016, -0.261169, -0.066263, 0.0, 0.257415, 0.819107, 0.512641, 0.131153, -0.07961, -0.510739, 0.856042, 0.0, 0.0, 0.0, 0.0, 1.0],
                [0.983133, -0.181243, -0.024505, -0.0, 0.177732, 0.915177, 0.361748, 0.131153, -0.043138, -0.360002, 0.931954, -0.0, 0.0, 0.0, 0.0, 1.0],
                [0.994301, -0.106609, -0.000258, -0.0, 0.10403, 0.969715, 0.220974, 0.131153, -0.023308, -0.219742, 0.97528, -0.0, 0.0, 0.0, 0.0, 1.0],
                [0.998546, -0.052999, 0.009846, -0.0, 0.05144, 0.99145, 0.11992, 0.131153, -0.016117, -0.119239, 0.992735, 0.0, 0.0, 0.0, 0.0, 1.0],
                [0.999389, -0.032766, 0.012189, -0.0, 0.031662, 0.996146, 0.081794, 0.131153, -0.014822, -0.081358, 0.996575, -0.0, 0.0, 0.0, 0.0, 1.0],
                [0.999389, -0.032766, 0.012189, -0.0, 0.031662, 0.996146, 0.081794, 0.131153, -0.014822, -0.081358, 0.996575, -0.0, 0.0, 0.0, 0.0, 1.0]
            ]
        },
        {
            "name": "Head",
            "time": [0.0, 0.0417, 0.0833, 0.125, 0.1667, 0.2083, 0.25, 0.2917, 0.3333, 0.375, 0.4167, 0.4583, 0.5, 0.5417, 0.5833, 0.625, 0.6667, 0.7083, 0.75, 0.7917, 0.8333, 0.875, 0.9167, 0.9583, 1.0, 1.3333],
            "transform": [
                [1.0, 0.0, 0.0, -0.0, -0.0, 0.999989, 0.004758, 0.222961, 0.0, -0.004758, 0.999989, -0.0, 0.0, 0.0, 0.0, 1.0],
                [1.0, 0.0, 0.0, -0.0, -0.0, 0.999163, 0.040919, 0.222961, -0.0, -0.040919, 0.999162, 0.0, 0.0, 0.0, 0.0, 1.0],
                [1.0, -0.0, 0.0, -0.0, -0.0, 0.991882, 0.127164, 0.222961, -0.0, -0.127164, 0.991882, 0.0, 0.0, 0.0, 0.0, 1.0],
                [1.0, 0.0, 0.0, -0.0, -0.0, 0.973421, 0.229022, 0.222961, -0.0, -0.229022, 0.973421, 0.0, 0.0, 0.0, 0.0, 1.0],
                [1.0, 0.0, 0.0, 0.0, 0.0, 0.949971, 0.312337, 0.222961, -0.0, -0.312337, 0.949971, -0.0, 0.0, 0.0, 0.0, 1.0],
                [1.0, -0.0, 0.0, -0.0, -0.0, 0.938055, 0.346488, 0.222961, -0.0, -0.346488, 0.938055, 0.0, 0.0, 0.0, 0.0, 1.0],
                [1.0, 0.0, 0.0, -0.0, -0.0, 0.938055, 0.346488, 0.222961, -0.0, -0.346488, 0.938055, -0.0, 0.0, 0.0, 0.0, 1.0],
                [1.0, 0.0, 0.0, -0.0, -0.0, 0.938055, 0.346488, 0.222961, -0.0, -0.346488, 0.938055, 0.0, 0.0, 0.0, 0.0, 1.0],
                [1.0, 0.0, 0.0, -0.0, -0.0, 0.938055, 0.346488, 0.222961, -0.0, -0.346488, 0.938055, 0.0, 0.0, 0.0, 0.0, 1.0],
                [1.0, 0.0, 0.0, 0.0, -0.0, 0.938055, 0.346488, 0.222961, -0.0, -0.346488, 0.938055, 0.0, 0.0, 0.0, 0.0, 1.0],
                [1.0, 0.000198, -0.000258, -0.0, -0.000102, 0.944551, 0.328366, 0.222961, 0.000309, -0.328366, 0.94455, -0.0, 0.0, 0.0, 0.0, 1.0],
                [0.999999, 0.000686, -0.000944, 0.0, -0.000393, 0.959717, 0.280967, 0.222961, 0.001099, -0.280967, 0.959717, 0.0, 0.0, 0.0, 0.0, 1.0],
                [0.999997, 0.001298, -0.001922, -0.0, -0.000855, 0.976645, 0.214859, 0.222961, 0.002156, -0.214857, 0.976643, -0.0, 0.0, 0.0, 0.0, 1.0],
                [0.999994, 0.001888, -0.003033, 0.0, -0.00144, 0.989922, 0.14161, 0.222961, 0.00327, -0.141605, 0.989918, -0.0, 0.0, 0.0, 0.0, 1.0],
                [0.999989, 0.002355, -0.004088, -0.0, -0.002047, 0.997273, 0.073767, 0.222961, 0.004251, -0.073758, 0.997267, -0.0, 0.0, 0.0, 0.0, 1.0],
                [0.999985, 0.00265, -0.004876, 0.0, -0.002532, 0.999707, 0.024062, 0.222961, 0.004939, -0.02405, 0.999699, 0.0, 0.0, 0.0, 0.0, 1.0],
                [0.999983, 0.002753, -0.005185, 0.0, -0.002728, 0.999985, 0.004814, 0.222961, 0.005198, -0.0048, 0.999975, -0.0, 0.0, 0.0, 0.0, 1.0],
                [0.999984, 0.002694, -0.005005, 0.0, -0.002613, 0.999868, 0.016033, 0.222961, 0.005047, -0.016019, 0.999859, -0.0, 0.0, 0.0, 0.0, 1.0],
                [0.999987, 0.002527, -0.004533, -0.0, -0.002318, 0.998956, 0.04563, 0.22296, 0.004643, -0.045618, 0.998948, -0.0, 0.0, 0.0, 0.0, 1.0],
                [0.99999, 0.002267, -0.003873, 0.0, -0.00192, 0.996166, 0.087463, 0.22296, 0.004057, -0.087455, 0.99616, 0.0, 0.0, 0.0, 0.0, 1.0],
                [0.999993, 0.001935, -0.003131, -0.0, -0.001494, 0.990807, 0.135275, 0.222961, 0.003364, -0.13527, 0.990803, 0.0, 0.0, 0.0, 0.0, 1.0],
                [0.999996, 0.001568, -0.002405, 0.0, -0.001102, 0.983154, 0.182775, 0.222961, 0.002651, -0.182771, 0.983152, -0.0, 0.0, 0.0, 0.0, 1.0],
                [0.999998, 0.001219, -0.001788, -0.0, -0.000788, 0.974629, 0.223826, 0.22296, 0.002015, -0.223824, 0.974627, 0.0, 0.0, 0.0, 0.0, 1.0],
                [0.999999, 0.000958, -0.001361, 0.0, -0.000583, 0.967575, 0.252585, 0.222961, 0.001559, -0.252584, 0.967574, -0.0, 0.0, 0.0, 0.0, 1.0],
                [0.999999, 0.000856, -0.001201, -0.0, -0.000509, 0.96468, 0.263425, 0.222961, 0.001384, -0.263424, 0.964679, -0.0, 0.0, 0.0, 0.0, 1.0],
                [0.999999, 0.000856, -0.001201, -0.0, -0.000509, 0.96468, 0.263425, 0.222961, 0.001384, -0.263424, 0.964679, -0.0, 0.0, 0.0, 0.0, 1.0]
            ]
        },
        {
            "name": "Ear_R",
            "time": [0.0, 0.0417, 0.0833, 0.125, 0.1667, 0.2083, 1.3333],
            "transform": [
                [0.996195, 0.087156, 0.0, 0.078692, 0.005437, -0.062141, -0.998053, 0.073221, -0.086986, 0.994255, -0.062378, 0.089992, 0.0, 0.0, 0.0, 1.0],
                [0.996195, 0.087156, 0.0, 0.078692, 0.005437, -0.062141, -0.998053, 0.073221, -0.086986, 0.994255, -0.062378, 0.089992, 0.0, 0.0, 0.0, 1.0],
                [0.996195, 0.087156, 0.0, 0.078692, 0.005437, -0.062141, -0.998053, 0.073221, -0.086986, 0.994255, -0.062378, 0.089992, 0.0, 0.0, 0.0, 1.0],
                [0.996195, 0.087156, 0.0, 0.078692, 0.005437, -0.062141, -0.998053, 0.073221, -0.086986, 0.994255, -0.062378, 0.089992, 0.0, 0.0, 0.0, 1.0],
                [0.996195, 0.087156, 0.0, 0.078692, 0.005437, -0.062141, -0.998053, 0.073221, -0.086986, 0.994255, -0.062378, 0.089992, 0.0, 0.0, 0.0, 1.0],
                [0.996195, 0.087156, 0.0, 0.078692, 0.005437, -0.062141, -0.998053, 0.073221, -0.086986, 0.994255, -0.062378, 0.089992, 0.0, 0.0, 0.0, 1.0],
                [0.996195, 0.087156, 0.0, 0.078692, 0.005437, -0.062141, -0.998053, 0.073222, -0.086986, 0.994255, -0.062378, 0.089993, 0.0, 0.0, 0.0, 1.0]
            ]
        },
        {
            "name": "Ear_L",
            "time": [0.0, 0.0417, 0.0833, 0.125, 0.1667, 0.2083, 1.3333],
            "transform": [
                [0.996195, -0.087156, 0.0, -0.078692, -0.005436, -0.062141, -0.998053, 0.073221, 0.086986, 0.994255, -0.062378, 0.089992, 0.0, 0.0, 0.0, 1.0],
                [0.996195, -0.087156, 0.0, -0.078692, -0.005436, -0.062141, -0.998053, 0.073221, 0.086986, 0.994255, -0.062378, 0.089992, 0.0, 0.0, 0.0, 1.0],
                [0.996195, -0.087156, 0.0, -0.078692, -0.005436, -0.062141, -0.998053, 0.073221, 0.086986, 0.994255, -0.062378, 0.089992, 0.0, 0.0, 0.0, 1.0],
                [0.996195, -0.087156, 0.0, -0.078692, -0.005436, -0.062141, -0.998053, 0.073221, 0.086986, 0.994255, -0.062378, 0.089992, 0.0, 0.0, 0.0, 1.0],
                [0.996195, -0.087156, 0.0, -0.078692, -0.005436, -0.062141, -0.998053, 0.073221, 0.086986, 0.994255, -0.062378, 0.089992, 0.0, 0.0, 0.0, 1.0],
                [0.996195, -0.087156, 0.0, -0.078692, -0.005436, -0.062141, -0.998053, 0.073221, 0.086986, 0.994255, -0.062378, 0.089992, 0.0, 0.0, 0.0, 1.0],
                [0.996195, -0.087156, 0.0, -0.078692, -0.005436, -0.062141, -0.998053, 0.073222, 0.086986, 0.994255, -0.062378, 0.089992, 0.0, 0.0, 0.0, 1.0]
            ]
        },
        {
            "name": "Snout",
            "time": [0.0, 0.0417, 0.0833, 0.125, 0.1667, 0.2083, 1.3333],
            "transform": [
                [1.0, -0.0, 0.0, 0.0, 0.0, 0.998053, -0.062378, 0.210255, 0.0, 0.062378, 0.998053, -0.0, 0.0, 0.0, 0.0, 1.0],
                [1.0, -0.0, 0.0, 0.0, 0.0, 0.998053, -0.062378, 0.210255, 0.0, 0.062378, 0.998053, -0.0, 0.0, 0.0, 0.0, 1.0],
                [1.0, -0.0, 0.0, -0.0, 0.0, 0.998053, -0.062378, 0.210255, 0.0, 0.062378, 0.998053, 0.0, 0.0, 0.0, 0.0, 1.0],
                [1.0, -0.0, 0.0, 0.0, 0.0, 0.998053, -0.062378, 0.210255, 0.0, 0.062378, 0.998053, 0.0, 0.0, 0.0, 0.0, 1.0],
                [1.0, -0.0, 0.0, 0.0, 0.0, 0.998053, -0.062378, 0.210255, -0.0, 0.062378, 0.998053, -0.0, 0.0, 0.0, 0.0, 1.0],
                [1.0, -0.0, 0.0, 0.0, 0.0, 0.998053, -0.062378, 0.210255, -0.0, 0.062378, 0.998053, -0.0, 0.0, 0.0, 0.0, 1.0],
                [1.0, -0.0, -0.0, -0.0, 0.0, 0.998053, -0.062378, 0.210255, 0.0, 0.062378, 0.998053, -0.0, 0.0, 0.0, 0.0, 1.0]
            ]
        },
        {
            "name": "Jaw",
            "time": [0.0, 0.0417, 0.0833, 0.125, 0.1667, 0.2083, 0.25, 0.2917, 0.3333, 0.375, 0.4167, 0.4583, 0.5, 0.5417, 1.3333],
            "transform": [
                [1.0, 0.0, 0.0, 0.0, -0.0, 0.855648, 0.517558, 0.210255, 0.0, -0.517558, 0.855648, -0.0, 0.0, 0.0, 0.0, 1.0],
                [1.0, -0.000454, 0.000231, 0.0, 0.000261, 0.846124, 0.532986, 0.210255, -0.000438, -0.532986, 0.846124, -0.0, 0.0, 0.0, 0.0, 1.0],
                [0.999999, -0.001556, 0.000749, -0.0, 0.000853, 0.822272, 0.569094, 0.210255, -0.001502, -0.569092, 0.822273, 0.0, 0.0, 0.0, 0.0, 1.0],
