{
    "animation": [
        {
            "name": "Root",
            "time": [0.0, 0.0417, 0.0833, 0.125, 0.1667, 0.2083, 0.25, 0.2917, 0.3333, 0.375, 0.4167, 0.4583, 0.5, 0.5417, 0.5833, 0.625, 0.6667, 0.7083, 0.75, 0.7917, 0.8333],
            "transform": [
                [0.999778, -0.019169, -0.008797, 0.0, 0.021007, 0.942321, 0.334051, -1.0, 0.001886, -0.334161, 0.942514, 1.478827, 0.0, 0.0, 0.0, 1.0],
                [0.999778, -0.019169, -0.008797, 0.0, 0.021008, 0.94205, 0.334815, -0.996273, 0.001869, -0.334926, 0.942243, 1.480616, 0.0, 0.0, 0.0, 1.0],
                [0.999778, -0.019169, -0.008797, 0.0, 0.021012, 0.941347, 0.336787, -0.985968, 0.001825, -0.336897, 0.94154, 1.485229, 0.0, 0.0, 0.0, 1.0],
                [0.999778, -0.019169, -0.008797, 0.0, 0.021017, 0.940379, 0.33948, -0.970402, 0.001765, -0.339589, 0.940572, 1.491537, 0.0, 0.0, 0.0, 1.0],
                [0.999778, -0.019169, -0.008797, 0.0, 0.021023, 0.939315, 0.34241, -0.950889, 0.0017, -0.342519, 0.939509, 1.49841, 0.0, 0.0, 0.0, 1.0],
                [0.999778, -0.019169, -0.008797, 0.0, 0.021028, 0.938331, 0.345097, -0.928746, 0.00164, -0.345206, 0.938526, 1.504717, 0.0, 0.0, 0.0, 1.0],
                [0.999778, -0.019169, -0.008797, 0.0, 0.021031, 0.937607, 0.347061, -0.905287, 0.001596, -0.347169, 0.937801, 1.509331, 0.0, 0.0, 0.0, 1.0],
                [0.999778, -0.019169, -0.008797, 0.0, 0.021032, 0.937325, 0.347822, -0.881828, 0.001578, -0.347929, 0.937519, 1.511119, 0.0, 0.0, 0.0, 1.0],
                [0.999778, -0.019169, -0.008797, 0.0, 0.02097, 0.948116, 0.317233, -0.859684, 0.00226, -0.317347, 0.948307, 1.493655, 0.0, 0.0, 0.0, 1.0],
                [0.999778, -0.019169, -0.008797, 0.0, 0.020774, 0.967039, 0.25378, -0.840171, 0.003643, -0.253907, 0.967222, 1.448615, 0.0, 0.0, 0.0, 1.0],
                [0.999778, -0.019169, -0.008797, 0.0, 0.020551, 0.979205, 0.20183, -0.824605, 0.004745, -0.201966, 0.979381, 1.38703, 0.0, 0.0, 0.0, 1.0],
                [0.999778, -0.019169, -0.008797, 0.0, 0.02043, 0.983813, 0.178031, -0.8143, 0.005242, -0.178171, 0.983986, 1.31993, 0.0, 0.0, 0.0, 1.0],
                [0.999778, -0.019169, -0.008797, 0.0, 0.020363, 0.985955, 0.165763, -0.810573, 0.005496, -0.165905, 0.986126, 1.258345, 0.0, 0.0, 0.0, 1.0],
                [0.999778, -0.019169, -0.008797, 0.0, 0.020337, 0.986706, 0.161236, -0.818713, 0.00559, -0.161379, 0.986877, 1.213305, 0.0, 0.0, 0.0, 1.0],
                [0.999778, -0.019169, -0.008797, 0.0, 0.020334, 0.986812, 0.160589, -0.840171, 0.005603, -0.160732, 0.986982, 1.195841, 0.0, 0.0, 0.0, 1.0],
                [0.999778, -0.019169, -0.008797, 0.0, 0.020406, 0.984591, 0.173677, -0.870509, 0.005332, -0.173818, 0.984763, 1.216803, 0.0, 0.0, 0.0, 1.0],
                [0.999778, -0.019169, -0.008797, 0.0, 0.020572, 0.978277, 0.206279, -0.905287, 0.004652, -0.206415, 0.978454, 1.269207, 0.0, 0.0, 0.0, 1.0],
                [0.999778, -0.019169, -0.008797, 0.0, 0.020754, 0.968451, 0.24834, -0.940064, 0.003759, -0.248467, 0.968633, 1.337334, 0.0, 0.0, 0.0, 1.0],
                [0.999778, -0.019169, -0.008797, 0.0, 0.020897, 0.956821, 0.289927, -0.970402, 0.00286, -0.290046, 0.957008, 1.40546, 0.0, 0.0, 0.0, 1.0],
                [0.999778, -0.019169, -0.008797, 0.0, 0.02098, 0.94667, 0.321522, -0.991861, 0.002165, -0.321635, 0.946861, 1.457865, 0.0, 0.0, 0.0, 1.0],
                [0.999778, -0.019169, -0.008797, 0.0, 0.021007, 0.942321, 0.334051, -1.0, 0.001886, -0.334161, 0.942514, 1.478827, 0.0, 0.0, 0.0, 1.0]
            ]
        },
        {
            "name": "Torso",
            "time": [0.0, 0.0417, 0.0833, 0.125, 0.1667, 0.2083, 0.25, 0.2917, 0.3333, 0.375, 0.4167, 0.4583, 0.5, 0.5417, 0.5833, 0.625, 0.6667, 0.7083, 0.75, 0.7917, 0.8333],
            "transform": [
                [1.0, 0.0, 0.0, -0.0, 0.0, 0.99955, 0.030012, 0.2, -0.0, -0.030012, 0.99955, 0.0, 0.0, 0.0, 0.0, 1.0],
                [1.0, -8.6e-05, 0.000171, 0.0, 7.9e-05, 0.999236, 0.039075, 0.2, -0.000174, -0.039075, 0.999236, -0.0, 0.0, 0.0, 0.0, 1.0],
                [1.0, -0.000297, 0.000576, 0.0, 0.000261, 0.998158, 0.060675, 0.2, -0.000593, -0.060675, 0.998158, 0.0, 0.0, 0.0, 0.0, 1.0],
                [0.999999, -0.00056, 0.001053, -0.0, 0.000466, 0.996259, 0.086418, 0.2, -0.001097, -0.086417, 0.996258, -0.0, 0.0, 0.0, 0.0, 1.0],
                [0.999999, -0.000789, 0.001447, 0.0, 0.000628, 0.994156, 0.10795, 0.2, -0.001524, -0.107949, 0.994155, -0.0, 0.0, 0.0, 0.0, 1.0],
                [0.999998, -0.000888, 0.001611, 0.0, 0.000694, 0.993132, 0.116995, 0.2, -0.001704, -0.116994, 0.993131, -0.0, 0.0, 0.0, 0.0, 1.0],
                [0.999999, -0.00057, 0.001072, 0.0, 0.000474, 0.996167, 0.087472, 0.2, -0.001118, -0.087472, 0.996166, 0.0, 0.0, 0.0, 0.0, 1.0],
                [1.0, 0.000124, -0.000255, -0.0, -0.00012, 0.999863, 0.016559, 0.2, 0.000257, -0.016559, 0.999863, -0.0, 0.0, 0.0, 0.0, 1.0],
                [0.999998, 0.000829, -0.001901, 0.0, -0.000957, 0.997666, -0.068269, 0.2, 0.00184, 0.068271, 0.997665, 0.0, 0.0, 0.0, 0.0, 1.0],
                [0.999994, 0.001309, -0.003319, 0.0, -0.001757, 0.990309, -0.138872, 0.2, 0.003105, 0.138877, 0.990305, -0.0, 0.0, 0.0, 0.0, 1.0],
                [0.999991, 0.00148, -0.003923, 0.0, -0.002119, 0.985742, -0.168249, 0.2, 0.003618, 0.168256, 0.985737, -0.0, 0.0, 0.0, 0.0, 1.0],
                [0.999991, 0.00148, -0.003924, 0.0, -0.00212, 0.985734, -0.168298, 0.2, 0.003619, 0.168305, 0.985728, -0.0, 0.0, 0.0, 0.0, 1.0],
                [0.999991, 0.00148, -0.003924, 0.0, -0.00212, 0.985735, -0.168293, 0.2, 0.003619, 0.168299, 0.985729, 0.0, 0.0, 0.0, 0.0, 1.0],
                [0.999991, 0.00148, -0.003922, 0.0, -0.002118, 0.985754, -0.168181, 0.2, 0.003617, 0.168188, 0.985748, 0.0, 0.0, 0.0, 0.0, 1.0],
                [0.999991, 0.001478, -0.003916, 0.0, -0.002115, 0.9858, -0.167912, 0.2, 0.003612, 0.167918, 0.985794, 0.0, 0.0, 0.0, 0.0, 1.0],
                [0.999991, 0.001475, -0.003906, -0.0, -0.002109, 0.985881, -0.167434, 0.2, 0.003604, 0.16744, 0.985876, 0.0, 0.0, 0.0, 0.0, 1.0],
                [0.999993, 0.001356, -0.003479, 0.0, -0.001852, 0.989181, -0.146688, 0.2, 0.003242, 0.146693, 0.989177, -0.0, 0.0, 0.0, 0.0, 1.0],
                [0.999996, 0.001041, -0.002489, 0.0, -0.00128, 0.995204, -0.097812, 0.2, 0.002375, 0.097815, 0.995202, -0.0, 0.0, 0.0, 0.0, 1.0],
                [0.999999, 0.000604, -0.001333, -0.0, -0.000656, 0.999224, -0.039381, 0.2, 0.001308, 0.039382, 0.999223, -0.0, 0.0, 0.0, 0.0, 1.0],
                [1.0, 0.000188, -0.000389, 0.0, -0.000184, 0.999954, 0.009545, 0.2, 0.000391, -0.009545, 0.999954, 0.0, 0.0, 0.0, 0.0, 1.0],
                [1.0, 0.0, 0.0, -0.0, 0.0, 0.99955, 0.030012, 0.2, -0.0, -0.030012, 0.99955, 0.0, 0.0, 0.0, 0.0, 1.0]
            ]
        },
        {
            "name": "Torso_Upper",
            "time": [0.0, 0.0417, 0.0833, 0.125, 0.1667, 0.2083, 0.25, 0.2917, 0.3333, 0.375, 0.4167, 0.4583, 0.5, 0.5417, 0.5833, 0.625, 0.6667, 0.7083, 0.75, 0.7917, 0.8333],
            "transform": [
                [0.999998, 0.000588, -0.001743, -0.0, -0.000888, 0.984117, -0.17752, 0.35, 0.001611, 0.177521, 0.984116, -0.0, 0.0, 0.0, 0.0, 1.0],
                [0.999998, 0.000581, -0.001717, 0.0, -0.000874, 0.984344, -0.176256, 0.35, 0.001588, 0.176257, 0.984343, 0.0, 0.0, 0.0, 0.0, 1.0],
                [0.999999, 0.000545, -0.001594, 0.0, -0.000808, 0.985397, -0.170269, 0.35, 0.001478, 0.17027, 0.985396, 0.0, 0.0, 0.0, 0.0, 1.0],
                [0.999999, 0.000457, -0.001308, 0.0, -0.000656, 0.987717, -0.15625, 0.35, 0.00122, 0.156251, 0.987717, -0.0, 0.0, 0.0, 0.0, 1.0],
                [1.0, 0.000288, -0.000793, -0.0, -0.00039, 0.991406, -0.130817, 0.35, 0.000748, 0.130817, 0.991406, 0.0, 0.0, 0.0, 0.0, 1.0],
                [1.0, -5e-06, 1.2e-05, 0.0, 6e-06, 0.9959, -0.090463, 0.35, -1.2e-05, 0.090463, 0.9959, -0.0, 0.0, 0.0, 0.0, 1.0],
                [0.999999, -0.000467, 0.001112, 0.0, 0.000505, 0.999421, -0.03401, 0.35, -0.001096, 0.034011, 0.999421, -0.0, 0.0, 0.0, 0.0, 1.0],
                [0.999997, -0.001062, 0.002318, -0.0, 0.000992, 0.999558, 0.029715, 0.35, -0.002348, -0.029712, 0.999556, -0.0, 0.0, 0.0, 0.0, 1.0],
                [0.999993, -0.001685, 0.003407, 0.0, 0.001375, 0.99602, 0.089124, 0.35, -0.003544, -0.089118, 0.996015, 0.0, 0.0, 0.0, 0.0, 1.0],
                [0.999989, -0.002187, 0.004187, -0.0, 0.001611, 0.991139, 0.132817, 0.35, -0.004441, -0.132809, 0.991132, -0.0, 0.0, 0.0, 0.0, 1.0],
                [0.999987, -0.002392, 0.004487, 0.0, 0.001693, 0.988709, 0.149839, 0.35, -0.004795, -0.149829, 0.9887, 0.0, 0.0, 0.0, 0.0, 1.0],
                [0.99999, -0.002025, 0.003944, -0.0, 0.001541, 0.992893, 0.118998, 0.35, -0.004157, -0.118991, 0.992887, -0.0, 0.0, 0.0, 0.0, 1.0],
                [0.999996, -0.001231, 0.002629, 0.0, 0.001108, 0.99892, 0.046442, 0.35, -0.002684, -0.046439, 0.998918, 0.0, 0.0, 0.0, 0.0, 1.0],
                [0.999999, -0.000445, 0.001063, 0.0, 0.000484, 0.999329, -0.036613, 0.35, -0.001046, 0.036613, 0.999329, -0.0, 0.0, 0.0, 0.0, 1.0],
                [1.0, 5.2e-05, -0.000136, -0.0, -6.5e-05, 0.995185, -0.098016, 0.35, 0.00013, 0.098016, 0.995185, 0.0, 0.0, 0.0, 0.0, 1.0],
                [1.0, 0.000294, -0.000809, -0.0, -0.000398, 0.991292, -0.131681, 0.35, 0.000763, 0.131681, 0.991292, -0.0, 0.0, 0.0, 0.0, 1.0],
                [0.999999, 0.000443, -0.001264, 0.0, -0.000633, 0.988052, -0.15412, 0.35, 0.001181, 0.154121, 0.988051, -0.0, 0.0, 0.0, 0.0, 1.0],
                [0.999999, 0.000529, -0.001541, 0.0, -0.000779, 0.985843, -0.167671, 0.35, 0.00143, 0.167671, 0.985842, 0.0, 0.0, 0.0, 0.0, 1.0],
                [0.999998, 0.000571, -0.001683, -0.0, -0.000856, 0.984638, -0.174607, 0.35, 0.001558, 0.174608, 0.984637, 0.0, 0.0, 0.0, 0.0, 1.0],
                [0.999998, 0.000586, -0.001736, 0.0, -0.000884, 0.984182, -0.177157, 0.35, 0.001605, 0.177158, 0.984181, 0.0, 0.0, 0.0, 0.0, 1.0],
                [0.999998, 0.000588, -0.001743, -0.0, -0.000888, 0.984117, -0.17752, 0.35, 0.001611, 0.177521, 0.984116, -0.0, 0.0, 0.0, 0.0, 1.0]
            ]
        },
        {
            "name": "Chest",
            "time": [0.0, 0.0417, 0.0833, 0.125, 0.1667, 0.2083, 0.25, 0.2917, 0.3333, 0.375, 0.4167, 0.4583, 0.5, 0.5417, 0.5833, 0.625, 0.6667, 0.7083, 0.75, 0.7917, 0.8333],
            "transform": [
                [1.0, 0.0, 0.0, 0.0, 0.0, 0.99457, -0.104067, 0.55, -0.0, 0.104067, 0.99457, 0.0, 0.0, 0.0, 0.0, 1.0],
                [1.0, -2.4e-05, 9e-05, -0.0, 3.3e-05, 0.995018, -0.099691, 0.55, -8.7e-05, 0.099691, 0.995018, -0.0, 0.0, 0.0, 0.0, 1.0],
                [1.0, -9.2e-05, 0.000329, 0.0, 0.000121, 0.996125, -0.08795, 0.55, -0.00032, 0.08795, 0.996125, -0.0, 0.0, 0.0, 0.0, 1.0],
                [1.0, -0.000195, 0.000674, 0.0, 0.000242, 0.997482, -0.070923, 0.55, -0.000659, 0.070923, 0.997482, 0.0, 0.0, 0.0, 0.0, 1.0],
                [0.999999, -0.000325, 0.001082, 0.0, 0.000379, 0.998714, -0.050699, 0.55, -0.001064, 0.050699, 0.998713, -0.0, 0.0, 0.0, 0.0, 1.0],
                [0.999999, -0.00047, 0.001507, -0.0, 0.000514, 0.999568, -0.029391, 0.55, -0.001493, 0.029391, 0.999567, -0.0, 0.0, 0.0, 0.0, 1.0],
                [0.999998, -0.000616, 0.001909, 0.0, 0.000634, 0.999958, -0.009124, 0.55, -0.001903, 0.009125, 0.999957, -0.0, 0.0, 0.0, 0.0, 1.0],
                [0.999997, -0.000746, 0.002246, -0.0, 0.000728, 0.999968, 0.007972, 0.55, -0.002251, -0.007971, 0.999966, 0.0, 0.0, 0.0, 0.0, 1.0],
                [0.999997, -0.000839, 0.002477, 0.0, 0.00079, 0.999804, 0.019778, 0.55, -0.002493, -0.019776, 0.999801, 0.0, 0.0, 0.0, 0.0, 1.0],
                [0.999996, -0.000875, 0.002562, 0.0, 0.000813, 0.999707, 0.024182, 0.55, -0.002583, -0.02418, 0.999704, -0.0, 0.0, 0.0, 0.0, 1.0],
                [0.999998, -0.000699, 0.002125, 0.0, 0.000695, 0.999998, 0.001834, 0.55, -0.002126, -0.001832, 0.999996, -0.0, 0.0, 0.0, 0.0, 1.0],
                [0.999999, -0.000347, 0.001148, 0.0, 0.000401, 0.998877, -0.047368, 0.55, -0.00113, 0.047369, 0.998877, 0.0, 0.0, 0.0, 0.0, 1.0],
                [1.0, -4.3e-05, 0.000155, -0.0, 5.7e-05, 0.995336, -0.096473, 0.55, -0.00015, 0.096473, 0.995336, -0.0, 0.0, 0.0, 0.0, 1.0],
                [1.0, 7.9e-05, -0.000302, -0.0, -0.000115, 0.992929, -0.118714, 0.55, 0.00029, 0.118714, 0.992928, 0.0, 0.0, 0.0, 0.0, 1.0],
                [1.0, 7.5e-05, -0.000285, 0.0, -0.000108, 0.993025, -0.117902, 0.55, 0.000274, 0.117902, 0.993025, -0.0, 0.0, 0.0, 0.0, 1.0],
                [1.0, 6.4e-05, -0.000242, -0.0, -9.2e-05, 0.993272, -0.115809, 0.55, 0.000233, 0.115809, 0.993271, -0.0, 0.0, 0.0, 0.0, 1.0],
                [1.0, 4.9e-05, -0.000183, 0.0, -6.9e-05, 0.993601, -0.112948, 0.55, 0.000176, 0.112948, 0.993601, 0.0, 0.0, 0.0, 0.0, 1.0],
                [1.0, 3.2e-05, -0.000118, 0.0, -4.5e-05, 0.99395, -0.109831, 0.55, 0.000114, 0.109831, 0.99395, 0.0, 0.0, 0.0, 0.0, 1.0],
                [1.0, 1.6e-05, -6e-05, -0.0, -2.2e-05, 0.994262, -0.10697, 0.55, 5.8e-05, 0.10697, 0.994262, 0.0, 0.0, 0.0, 0.0, 1.0],
                [1.0, 5e-06, -1.7e-05, 0.0, -6e-06, 0.994485, -0.104878, 0.55, 1.6e-05, 0.104878, 0.994485, -0.0, 0.0, 0.0, 0.0, 1.0],
                [1.0, 0.0, 0.0, 0.0, 0.0, 0.99457, -0.104067, 0.55, -0.0, 0.104067, 0.99457, 0.0, 0.0, 0.0, 0.0, 1.0]
            ]
        },
        {
            "name": "Chest_Upper",
            "time": [0.0, 0.0417, 0.0833, 0.125, 0.1667, 0.2083, 0.25, 0.2917, 0.3333, 0.375, 0.4167, 0.4583, 0.5, 0.5417, 0.5833, 0.625, 0.6667, 0.7083, 0.75, 0.7917, 0.8333],
            "transform": [
                [0.999993, 0.000637, -0.003621, 0.0, -0.001268, 0.984203, -0.177038, 0.5, 0.003451, 0.177042, 0.984197, -0.0, 0.0, 0.0, 0.0, 1.0],
                [0.999994, 0.00063, -0.003541, 0.0, -0.001234, 0.98487, -0.173292, 0.5, 0.003378, 0.173295, 0.984864, -0.0, 0.0, 0.0, 0.0, 1.0],
                [0.999994, 0.000608, -0.003317, 0.0, -0.00114, 0.986661, -0.162785, 0.5, 0.003174, 0.162788, 0.986656, 0.0, 0.0, 0.0, 0.0, 1.0],
                [0.999995, 0.00057, -0.002974, -0.0, -0.001, 0.989195, -0.146601, 0.5, 0.002858, 0.146603, 0.989191, 0.0, 0.0, 0.0, 0.0, 1.0],
                [0.999997, 0.000514, -0.002535, 0.0, -0.000829, 0.992052, -0.125824, 0.5, 0.00245, 0.125826, 0.992049, 0.0, 0.0, 0.0, 0.0, 1.0],
                [0.999998, 0.000436, -0.002025, 0.0, -0.00064, 0.994829, -0.101557, 0.5, 0.001971, 0.101558, 0.994828, -0.0, 0.0, 0.0, 0.0, 1.0],
                [0.999999, 0.000337, -0.00147, -0.0, -0.000447, 0.997189, -0.074928, 0.5, 0.001441, 0.074929, 0.997188, -0.0, 0.0, 0.0, 0.0, 1.0],
                [1.0, 0.000218, -0.000894, 0.0, -0.00026, 0.998891, -0.04709, 0.5, 0.000883, 0.04709, 0.99889, -0.0, 0.0, 0.0, 0.0, 1.0],
                [1.0, 8.3e-05, -0.000321, -0.0, -8.9e-05, 0.999815, -0.019216, 0.5, 0.00032, 0.019216, 0.999815, -0.0, 0.0, 0.0, 0.0, 1.0],
                [1.0, -6.1e-05, 0.000224, -0.0, 6e-05, 0.999972, 0.007518, 0.5, -0.000224, -0.007518, 0.999972, 0.0, 0.0, 0.0, 0.0, 1.0],
                [1.0, -0.000206, 0.000718, 0.0, 0.000183, 0.99949, 0.031939, 0.5, -0.000725, -0.031939, 0.99949, 0.0, 0.0, 0.0, 0.0, 1.0],
                [0.999999, -0.00034, 0.00114, 0.0, 0.000279, 0.9986, 0.052892, 0.5, -0.001157, -0.052892, 0.9986, 0.0, 0.0, 0.0, 0.0, 1.0],
                [0.999999, -0.00045, 0.001468, 0.0, 0.000348, 0.9976, 0.069244, 0.5, -0.001495, -0.069243, 0.997599, 0.0, 0.0, 0.0, 0.0, 1.0],
                [0.999998, -0.000525, 0.00168, 0.0, 0.000389, 0.996805, 0.079873, 0.5, -0.001716, -0.079872, 0.996804, 0.0, 0.0, 0.0, 0.0, 1.0],
                [0.999998, -0.000552, 0.001755, -0.0, 0.000404, 0.996494, 0.083665, 0.5, -0.001795, -0.083664, 0.996492, 0.0, 0.0, 0.0, 0.0, 1.0],
                [0.999999, -0.000417, 0.00137, 0.0, 0.000328, 0.997926, 0.064374, 0.5, -0.001394, -0.064373, 0.997925, -0.0, 0.0, 0.0, 0.0, 1.0],
                [1.0, -0.00011, 0.000395, -0.0, 0.000104, 0.999872, 0.015973, 0.5, -0.000397, -0.015973, 0.999872, 0.0, 0.0, 0.0, 0.0, 1.0],
                [1.0, 0.000218, -0.000894, 0.0, -0.00026, 0.998891, -0.04709, 0.5, 0.000883, 0.04709, 0.99889, -0.0, 0.0, 0.0, 0.0, 1.0],
                [0.999997, 0.000465, -0.002201, -0.0, -0.000704, 0.993935, -0.109965, 0.5, 0.002137, 0.109966, 0.993933, -0.0, 0.0, 0.0, 0.0, 1.0],
                [0.999995, 0.000597, -0.003215, -0.0, -0.001098, 0.987444, -0.157968, 0.5, 0.00308, 0.15797, 0.987439, -0.0, 0.0, 0.0, 0.0, 1.0],
                [0.999993, 0.000637, -0.003621, 0.0, -0.001268, 0.984203, -0.177038, 0.5, 0.003451, 0.177042, 0.984197, -0.0, 0.0, 0.0, 0.0, 1.0]
            ]
        },
        {
            "name": "Head",
            "time": [0.0, 0.0417, 0.0833, 0.125, 0.1667, 0.2083, 0.25, 0.2917, 0.3333, 0.375, 0.4167, 0.4583, 0.5, 0.5417, 0.5833, 0.625, 0.6667, 0.7083, 0.75, 0.7917, 0.8333],
            "transform": [
                [0.999999, -0.000397, 0.001652, -0.0, 0.000436, 0.999723, -0.023513, 0.4, -0.001642, 0.023514, 0.999722, 0.0, 0.0, 0.0, 0.0, 1.0],
                [0.999997, 0.002541, 0.000614, 0.0, -0.002516, 0.999285, -0.037716, 0.4, -0.000709, 0.037714, 0.999288, 0.0, 0.0, 0.0, 0.0, 1.0],
                [0.999947, 0.010057, -0.00226, 0.0, -0.010198, 0.997181, -0.074339, 0.4, 0.001506, 0.074358, 0.997231, 0.0, 0.0, 0.0, 0.0, 1.0],
                [0.999775, 0.020169, -0.00664, -0.0, -0.020839, 0.992027, -0.124288, 0.4, 0.00408, 0.124399, 0.992224, -0.0, 0.0, 0.0, 0.0, 1.0],
                [0.99945, 0.030926, -0.011986, 0.0, -0.032569, 0.983431, -0.178331, 0.4, 0.006272, 0.178623, 0.983898, 0.0, 0.0, 0.0, 0.0, 1.0],
                [0.999027, 0.040517, -0.017399, -0.0, -0.043415, 0.97284, -0.227371, 0.4, 0.007714, 0.227906, 0.973653, 0.0, 0.0, 0.0, 0.0, 1.0],
                [0.998644, 0.047338, -0.021651, 0.0, -0.051369, 0.963487, -0.262782, 0.4, 0.008421, 0.263538, 0.964612, 0.0, 0.0, 0.0, 0.0, 1.0],
                [0.998479, 0.049936, -0.023364, 0.0, -0.054454, 0.959501, -0.276392, 0.4, 0.008616, 0.277244, 0.960761, -0.0, 0.0, 0.0, 0.0, 1.0],
                [0.998785, 0.045209, -0.019619, 0.0, -0.048582, 0.970088, -0.237844, 0.4, 0.00828, 0.238508, 0.971105, -0.0, 0.0, 0.0, 0.0, 1.0],
                [0.999381, 0.033276, -0.011425, 0.0, -0.034575, 0.989, -0.143818, 0.4, 0.006514, 0.144124, 0.989538, -0.0, 0.0, 0.0, 0.0, 1.0],
                [0.999833, 0.017999, -0.003161, -0.0, -0.018083, 0.999409, -0.029227, 0.4, 0.002633, 0.029279, 0.999568, -0.0, 0.0, 0.0, 0.0, 1.0],
                [0.999987, 0.004544, 0.002368, -0.0, -0.004693, 0.997734, 0.067114, 0.4, -0.002058, -0.067125, 0.997742, -0.0, 0.0, 0.0, 0.0, 1.0],
                [0.99999, -0.001221, 0.004285, 0.0, 0.000754, 0.994243, 0.107151, 0.4, -0.004391, -0.107146, 0.994233, -0.0, 0.0, 0.0, 0.0, 1.0],
                [0.999991, -0.001177, 0.00417, -0.0, 0.000748, 0.994841, 0.101448, 0.4, -0.004268, -0.101444, 0.994832, -0.0, 0.0, 0.0, 0.0, 1.0],
                [0.999992, -0.001067, 0.003875, 0.0, 0.000728, 0.996239, 0.086642, 0.4, -0.003953, -0.086638, 0.996232, -0.0, 0.0, 0.0, 0.0, 1.0],
                [0.999994, -0.000921, 0.003458, 0.0, 0.000692, 0.997836, 0.065746, 0.4, -0.003511, -0.065743, 0.99783, 0.0, 0.0, 0.0, 0.0, 1.0],
                [0.999995, -0.000764, 0.002977, 0.0, 0.000639, 0.999127, 0.041783, 0.4, -0.003006, -0.041781, 0.999122, 0.0, 0.0, 0.0, 0.0, 1.0],
                [0.999997, -0.000619, 0.002493, -0.0, 0.000575, 0.999841, 0.017808, 0.4, -0.002503, -0.017806, 0.999838, -0.0, 0.0, 0.0, 0.0, 1.0],
                [0.999998, -0.000502, 0.002068, 0.0, 0.000509, 0.999995, -0.00311, 0.4, -0.002067, 0.003111, 0.999993, 0.0, 0.0, 0.0, 0.0, 1.0],
                [0.999999, -0.000425, 0.001767, -0.0, 0.000456, 0.999839, -0.017903, 0.4, -0.001759, 0.017904, 0.999838, 0.0, 0.0, 0.0, 0.0, 1.0],
                [0.999999, -0.000397, 0.001652, -0.0, 0.000436, 0.999723, -0.023513, 0.4, -0.001642, 0.023514, 0.999722, 0.0, 0.0, 0.0, 0.0, 1.0]
            ]
        },
        {
            "name": "Snout",
            "time": [0.0, 0.0417, 0.0833, 0.125, 0.1667, 0.2083, 0.25, 0.2917, 0.3333, 0.375, 0.4167, 0.4583, 0.5, 0.5417, 0.5833, 0.625, 0.6667, 0.7083, 0.75, 0.7917, 0.8333],
            "transform": [
                [1.0, -0.0, -0.0, -0.0, -0.0, 1.0, -0.0, 0.6, 0.0, 0.0, 1.0, -0.12984, 0.0, 0.0, 0.0, 1.0],
                [1.0, -0.0, -0.0, -0.0, -0.0, 1.0, 0.0, 0.6, -0.0, -0.0, 1.0, -0.12984, 0.0, 0.0, 0.0, 1.0],
                [1.0, 0.0, 0.0, 0.0, 0.0, 1.0, -0.0, 0.6, 0.0, 0.0, 1.0, -0.12984, 0.0, 0.0, 0.0, 1.0],
                [1.0, 0.0, 0.0, 0.0, -0.0, 1.0, -0.0, 0.6, -0.0, 0.0, 1.0, -0.12984, 0.0, 0.0, 0.0, 1.0],
                [1.0, -0.0, 0.0, -0.0, -0.0, 1.0, -0.0, 0.6, -0.0, -0.0, 1.0, -0.12984, 0.0, 0.0, 0.0, 1.0],
                [1.0, -0.0, 0.0, 0.0, -0.0, 1.0, -0.0, 0.6, -0.0, 0.0, 1.0, -0.12984, 0.0, 0.0, 0.0, 1.0],
                [1.0, -0.0, 0.0, -0.0, 0.0, 1.0, -0.0, 0.6, 0.0, -0.0, 1.0, -0.12984, 0.0, 0.0, 0.0, 1.0],
                [1.0, 0.0, -0.0, 0.0, 0.0, 1.0, -0.0, 0.6, -0.0, 0.0, 1.0, -0.12984, 0.0, 0.0, 0.0, 1.0],
                [1.0, -0.0, 0.0, -0.0, 0.0, 1.0, -0.0, 0.6, -0.0, 0.0, 1.0, -0.12984, 0.0, 0.0, 0.0, 1.0],
                [1.0, -0.0, 0.0, 0.0, -0.0, 1.0, 0.0, 0.6, 0.0, -0.0, 1.0, -0.12984, 0.0, 0.0, 0.0, 1.0],
                [1.0, 0.0, 0.0, 0.0, -0.0, 1.0, 0.0, 0.6, 0.0, 0.0, 1.0, -0.12984, 0.0, 0.0, 0.0, 1.0],
                [1.0, 0.0, 0.0, -0.0, 0.0, 1.0, -0.0, 0.6, 0.0, -0.0, 1.0, -0.12984, 0.0, 0.0, 0.0, 1.0],
                [1.0, -0.0, 0.0, -0.0, -0.0, 1.0, -0.0, 0.6, -0.0, -0.0, 1.0, -0.12984, 0.0, 0.0, 0.0, 1.0],
                [1.0, 0.0, 0.0, 0.0, 0.0, 1.0, -0.0, 0.6, 0.0, 0.0, 1.0, -0.12984, 0.0, 0.0, 0.0, 1.0],
                [1.0, -0.0, 0.0, -0.0, -0.0, 1.0, -0.0, 0.6, 0.0, 0.0, 1.0, -0.12984, 0.0, 0.0, 0.0, 1.0],
                [1.0, -0.0, 0.0, 0.0, -0.0, 1.0, 0.0, 0.6, 0.0, 0.0, 1.0, -0.12984, 0.0, 0.0, 0.0, 1.0],
                [1.0, -0.0, 0.0, 0.0, 0.0, 1.0, 0.0, 0.6, -0.0, -0.0, 1.0, -0.12984, 0.0, 0.0, 0.0, 1.0],
                [1.0, -0.0, -0.0, -0.0, -0.0, 1.0, -0.0, 0.6, 0.0, 0.0, 1.0, -0.12984, 0.0, 0.0, 0.0, 1.0],
                [1.0, -0.0, 0.0, -0.0, -0.0, 1.0, 0.0, 0.6, -0.0, -0.0, 1.0, -0.129841, 0.0, 0.0, 0.0, 1.0],
                [1.0, -0.0, 0.0, 0.0, -0.0, 1.0, -0.0, 0.6, 0.0, -0.0, 1.0, -0.12984, 0.0, 0.0, 0.0, 1.0],
                [1.0, -0.0, -0.0, -0.0, -0.0, 1.0, -0.0, 0.6, 0.0, 0.0, 1.0, -0.12984, 0.0, 0.0, 0.0, 1.0]
            ]
        },
        {
            "name": "Jaw",
            "time": [0.0, 0.0417, 0.0833, 0.125, 0.1667, 0.2083, 0.25, 0.2917, 0.3333, 0.375, 0.4167, 0.4583, 0.5, 0.5417, 0.5833, 0.625, 0.6667, 0.7083, 0.75, 0.7917, 0.8333],
            "transform": [
                [1.0, 0.0, 0.0, 0.0, -0.0, 0.999673, 0.02558, 0.6, 0.0, -0.02558, 0.999673, -0.24, 0.0, 0.0, 0.0, 1.0],
                [1.0, 0.0, 0.0, -0.0, -0.0, 0.999673, 0.02558, 0.6, 0.0, -0.02558, 0.999673, -0.24, 0.0, 0.0, 0.0, 1.0],
                [1.0, 0.0, 0.0, 0.0, -0.0, 0.999673, 0.02558, 0.6, 0.0, -0.02558, 0.999673, -0.24, 0.0, 0.0, 0.0, 1.0],
                [1.0, 0.0, 0.0, 0.0, -0.0, 0.999673, 0.02558, 0.6, 0.0, -0.02558, 0.999673, -0.24, 0.0, 0.0, 0.0, 1.0],
                [1.0, 0.0, 0.0, -0.0, -0.0, 0.999673, 0.02558, 0.6, 0.0, -0.02558, 0.999673, -0.24, 0.0, 0.0, 0.0, 1.0],
                [1.0, 0.0, 0.0, 0.0, -0.0, 0.999673, 0.02558, 0.6, -0.0, -0.02558, 0.999673, -0.24, 0.0, 0.0, 0.0, 1.0],
                [1.0, 0.0, 0.0, 0.0, -0.0, 0.999673, 0.02558, 0.6, 0.0, -0.02558, 0.999673, -0.24, 0.0, 0.0, 0.0, 1.0],
                [1.0, 0.0, 0.0, 0.0, -0.0, 0.999673, 0.02558, 0.6, 0.0, -0.02558, 0.999673, -0.24, 0.0, 0.0, 0.0, 1.0],
                [1.0, 0.0, 0.0, -0.0, -0.0, 0.999673, 0.02558, 0.6, 0.0, -0.02558, 0.999673, -0.24, 0.0, 0.0, 0.0, 1.0],
                [1.0, 0.0, 0.0, 0.0, -0.0, 0.999673, 0.02558, 0.6, 0.0, -0.02558, 0.999673, -0.24, 0.0, 0.0, 0.0, 1.0],
                [1.0, 0.0, 0.0, -0.0, -0.0, 0.999673, 0.02558, 0.6, 0.0, -0.02558, 0.999673, -0.24, 0.0, 0.0, 0.0, 1.0],
                [1.0, 0.0, 0.0, -0.0, -0.0, 0.999673, 0.02558, 0.6, 0.0, -0.02558, 0.999673, -0.24, 0.0, 0.0, 0.0, 1.0],
                [1.0, 0.0, 0.0, -0.0, -0.0, 0.999673, 0.02558, 0.6, 0.0, -0.02558, 0.999673, -0.24, 0.0, 0.0, 0.0, 1.0],
                [1.0, 0.0, 0.0, 0.0, -0.0, 0.999673, 0.02558, 0.6, 0.0, -0.02558, 0.999673, -0.24, 0.0, 0.0, 0.0, 1.0],
                [1.0, 0.0, 0.0, -0.0, -0.0, 0.999673, 0.02558, 0.6, 0.0, -0.02558, 0.999673, -0.24, 0.0, 0.0, 0.0, 1.0],
                [1.0, 0.0, 0.0, 0.0, -0.0, 0.999673, 0.02558, 0.6, 0.0, -0.02558, 0.999673, -0.24, 0.0, 0.0, 0.0, 1.0],
                [1.0, 0.0, 0.0, -0.0, -0.0, 0.999673, 0.02558, 0.6, 0.0, -0.02558, 0.999673, -0.24, 0.0, 0.0, 0.0, 1.0],
                [1.0, 0.0, 0.0, -0.0, -0.0, 0.999673, 0.02558, 0.6, 0.0, -0.02558, 0.999673, -0.24, 0.0, 0.0, 0.0, 1.0],
                [1.0, 0.0, 0.0, -0.0, -0.0, 0.999673, 0.02558, 0.6, 0.0, -0.02558, 0.999673, -0.24, 0.0, 0.0, 0.0, 1.0],
                [1.0, 0.0, 0.0, -0.0, -0.0, 0.999673, 0.02558, 0.6, 0.0, -0.02558, 0.999673, -0.24, 0.0, 0.0, 0.0, 1.0],
                [1.0, 0.0, 0.0, 0.0, -0.0, 0.999673, 0.02558, 0.6, 0.0, -0.02558, 0.999673, -0.24, 0.0, 0.0, 0.0, 1.0]
            ]
        },
        {
            "name": "Ear_L",
            "time": [0.0, 0.0417, 0.0833, 0.125, 0.1667, 0.2083, 0.25, 0.2917, 0.3333, 0.375, 0.4167, 0.4583, 0.5, 0.5417, 0.5833, 0.625, 0.6667, 0.7083, 0.75, 0.7917, 0.8333],
            "transform": [
                [1.0, -0.0, 0.0, -0.28, -0.0, -0.0, -1.0, 0.43, 0.0, 1.0, -0.0, 0.19, 0.0, 0.0, 0.0, 1.0],
                [1.0, -0.0, 0.0, -0.28, -0.0, 0.0, -1.0, 0.43, -0.0, 1.0, 0.0, 0.19, 0.0, 0.0, 0.0, 1.0],
                [1.0, 0.0, -0.0, -0.28, 0.0, -0.0, -1.0, 0.43, 0.0, 1.0, -0.0, 0.19, 0.0, 0.0, 0.0, 1.0],
                [1.0, 0.0, -0.0, -0.28, -0.0, -0.0, -1.0, 0.43, -0.0, 1.0, -0.0, 0.19, 0.0, 0.0, 0.0, 1.0],
                [1.0, 0.0, 0.0, -0.28, -0.0, -0.0, -1.0, 0.43, -0.0, 1.0, 0.0, 0.19, 0.0, 0.0, 0.0, 1.0],
                [1.0, 0.0, 0.0, -0.28, -0.0, -0.0, -1.0, 0.43, -0.0, 1.0, -0.0, 0.19, 0.0, 0.0, 0.0, 1.0],
                [1.0, 0.0, 0.0, -0.28, 0.0, -0.0, -1.0, 0.43, 0.0, 1.0, 0.0, 0.19, 0.0, 0.0, 0.0, 1.0],
                [1.0, -0.0, -0.0, -0.28, 0.0, -0.0, -1.0, 0.43, -0.0, 1.0, -0.0, 0.19, 0.0, 0.0, 0.0, 1.0],
                [1.0, 0.0, 0.0, -0.28, 0.0, -0.0, -1.0, 0.43, -0.0, 1.0, -0.0, 0.19, 0.0, 0.0, 0.0, 1.0],
                [1.0, 0.0, 0.0, -0.28, -0.0, 0.0, -1.0, 0.43, 0.0, 1.0, 0.0, 0.19, 0.0, 0.0, 0.0, 1.0],
                [1.0, 0.0, -0.0, -0.28, -0.0, 0.0, -1.0, 0.43, 0.0, 1.0, -0.0, 0.19, 0.0, 0.0, 0.0, 1.0],
                [1.0, 0.0, -0.0, -0.28, 0.0, -0.0, -1.0, 0.43, 0.0, 1.0, 0.0, 0.19, 0.0, 0.0, 0.0, 1.0],
                [1.0, 0.0, 0.0, -0.28, -0.0, -0.0, -1.0, 0.43, -0.0, 1.0, 0.0, 0.19, 0.0, 0.0, 0.0, 1.0],
                [1.0, 0.0, -0.0, -0.28, 0.0, -0.0, -1.0, 0.43, 0.0, 1.0, -0.0, 0.19, 0.0, 0.0, 0.0, 1.0],
                [1.0, 0.0, 0.0, -0.28, -0.0, -0.0, -1.0, 0.43, 0.0, 1.0, -0.0, 0.19, 0.0, 0.0, 0.0, 1.0],
                [1.0, 0.0, 0.0, -0.28, -0.0, 0.0, -1.0, 0.43, 0.0, 1.0, -0.0, 0.19, 0.0, 0.0, 0.0, 1.0],
                [1.0, 0.0, 0.0, -0.28, 0.0, 0.0, -1.0, 0.43, -0.0, 1.0, 0.0, 0.19, 0.0, 0.0, 0.0, 1.0],
                [1.0, -0.0, 0.0, -0.28, -0.0, -0.0, -1.0, 0.43, 0.0, 1.0, -0.0, 0.19, 0.0, 0.0, 0.0, 1.0],
                [1.0, 0.0, 0.0, -0.28, -0.0, 0.0, -1.0, 0.43, -0.0, 1.0, 0.0, 0.19, 0.0, 0.0, 0.0, 1.0],
                [1.0, 0.0, 0.0, -0.28, -0.0, -0.0, -1.0, 0.43, 0.0, 1.0, 0.0, 0.19, 0.0, 0.0, 0.0, 1.0],
                [1.0, -0.0, 0.0, -0.28, -0.0, -0.0, -1.0, 0.43, 0.0, 1.0, -0.0, 0.19, 0.0, 0.0, 0.0, 1.0]
            ]
        },
        {
            "name": "Ear_Upper_L",
            "time": [0.0, 0.0417, 0.0833, 0.125, 0.1667, 0.2083, 0.25, 0.2917, 0.3333, 0.375, 0.4167, 0.4583, 0.5, 0.5417, 0.5833, 0.625, 0.6667, 0.7083, 0.75, 0.7917, 0.8333],
            "transform": [
                [0.707107, -0.707107, -0.0, -0.0, 0.707107, 0.707106, -0.0, 0.07, 0.0, 0.0, 1.0, 0.0, 0.0, 0.0, 0.0, 1.0],
                [0.707106, -0.707107, -0.0, 0.0, 0.707107, 0.707106, -0.0, 0.07, 0.0, -0.0, 1.0, -0.0, 0.0, 0.0, 0.0, 1.0],
                [0.707106, -0.707107, -0.0, 0.0, 0.707107, 0.707106, -0.0, 0.07, 0.0, 0.0, 1.0, 0.0, 0.0, 0.0, 0.0, 1.0],
                [0.707107, -0.707107, -0.0, 0.0, 0.707107, 0.707107, -0.0, 0.07, 0.0, 0.0, 1.0, -0.0, 0.0, 0.0, 0.0, 1.0],
                [0.707106, -0.707107, -0.0, -0.0, 0.707107, 0.707106, -0.0, 0.07, 0.0, 0.0, 1.0, 0.0, 0.0, 0.0, 0.0, 1.0],
                [0.707106, -0.707107, -0.0, 0.0, 0.707107, 0.707106, -0.0, 0.07, 0.0, 0.0, 1.0, 0.0, 0.0, 0.0, 0.0, 1.0],
                [0.707106, -0.707107, -0.0, -0.0, 0.707107, 0.707107, -0.0, 0.07, 0.0, 0.0, 1.0, 0.0, 0.0, 0.0, 0.0, 1.0],
                [0.707106, -0.707107, -0.0, -0.0, 0.707107, 0.707106, -0.0, 0.07, 0.0, -0.0, 1.0, 0.0, 0.0, 0.0, 0.0, 1.0],
                [0.707106, -0.707107, -0.0, 0.0, 0.707107, 0.707106, -0.0, 0.07, 0.0, 0.0, 1.0, 0.0, 0.0, 0.0, 0.0, 1.0],
                [0.707106, -0.707107, -0.0, 0.0, 0.707107, 0.707106, -0.0, 0.07, 0.0, -0.0, 1.0, -0.0, 0.0, 0.0, 0.0, 1.0],
                [0.707106, -0.707107, -0.0, 0.0, 0.707107, 0.707106, -0.0, 0.07, 0.0, 0.0, 1.0, 0.0, 0.0, 0.0, 0.0, 1.0],
                [0.707106, -0.707107, -0.0, -0.0, 0.707107, 0.707106, -0.0, 0.07, 0.0, 0.0, 1.0, 0.0, 0.0, 0.0, 0.0, 1.0],
                [0.707106, -0.707107, -0.0, 0.0, 0.707107, 0.707106, -0.0, 0.07, 0.0, 0.0, 1.0, 0.0, 0.0, 0.0, 0.0, 1.0],
                [0.707106, -0.707107, -0.0, 0.0, 0.707107, 0.707107, -0.0, 0.07, 0.0, -0.0, 1.0, 0.0, 0.0, 0.0, 0.0, 1.0],
                [0.707106, -0.707107, -0.0, 0.0, 0.707107, 0.707106, -0.0, 0.07, 0.0, 0.0, 1.0, -0.0, 0.0, 0.0, 0.0, 1.0],
                [0.707107, -0.707107, -0.0, -0.0, 0.707107, 0.707107, -0.0, 0.07, 0.0, -0.0, 1.0, 0.0, 0.0, 0.0, 0.0, 1.0],
                [0.707106, -0.707107, -0.0, 0.0, 0.707107, 0.707106, -0.0, 0.07, 0.0, -0.0, 1.0, 0.0, 0.0, 0.0, 0.0, 1.0],
                [0.707107, -0.707107, -0.0, 0.0, 0.707107, 0.707106, -0.0, 0.07, 0.0, 0.0, 1.0, -0.0, 0.0, 0.0, 0.0, 1.0],
                [0.707107, -0.707107, -0.0, -0.0, 0.707107, 0.707106, -0.0, 0.07, 0.0, -0.0, 1.0, 0.0, 0.0, 0.0, 0.0, 1.0],
                [0.707106, -0.707107, -0.0, -0.0, 0.707107, 0.707106, -0.0, 0.07, 0.0, 0.0, 1.0, -0.0, 0.0, 0.0, 0.0, 1.0],
                [0.707107, -0.707107, -0.0, -0.0, 0.707107, 0.707106, -0.0, 0.07, 0.0, 0.0, 1.0, 0.0, 0.0, 0.0, 0.0, 1.0]
            ]
        },
        {
            "name": "Ear_R",
            "time": [0.0, 0.0417, 0.0833, 0.125, 0.1667, 0.2083, 0.25, 0.2917, 0.3333, 0.375, 0.4167, 0.4583, 0.5, 0.5417, 0.5833, 0.625, 0.6667, 0.7083, 0.75, 0.7917, 0.8333],
            "transform": [
                [1.0, -0.0, 0.0, 0.28, -0.0, -0.0, -1.0, 0.43, 0.0, 1.0, -0.0, 0.19, 0.0, 0.0, 0.0, 1.0],
                [1.0, -0.0, 0.0, 0.28, -0.0, 0.0, -1.0, 0.43, -0.0, 1.0, 0.0, 0.19, 0.0, 0.0, 0.0, 1.0],
                [1.0, 0.0, -0.0, 0.28, 0.0, -0.0, -1.0, 0.43, 0.0, 1.0, -0.0, 0.19, 0.0, 0.0, 0.0, 1.0],
                [1.0, 0.0, -0.0, 0.28, -0.0, -0.0, -1.0, 0.43, -0.0, 1.0, -0.0, 0.19, 0.0, 0.0, 0.0, 1.0],
                [1.0, 0.0, 0.0, 0.28, -0.0, -0.0, -1.0, 0.43, -0.0, 1.0, 0.0, 0.19, 0.0, 0.0, 0.0, 1.0],
                [1.0, 0.0, 0.0, 0.28, -0.0, -0.0, -1.0, 0.43, -0.0, 1.0, -0.0, 0.19, 0.0, 0.0, 0.0, 1.0],
                [1.0, 0.0, 0.0, 0.28, 0.0, -0.0, -1.0, 0.43, 0.0, 1.0, 0.0, 0.19, 0.0, 0.0, 0.0, 1.0],
                [1.0, -0.0, -0.0, 0.28, 0.0, -0.0, -1.0, 0.43, -0.0, 1.0, -0.0, 0.19, 0.0, 0.0, 0.0, 1.0],
                [1.0, 0.0, 0.0, 0.28, 0.0, -0.0, -1.0, 0.43, -0.0, 1.0, -0.0, 0.19, 0.0, 0.0, 0.0, 1.0],
                [1.0, 0.0, 0.0, 0.28, -0.0, 0.0, -1.0, 0.43, 0.0, 1.0, 0.0, 0.19, 0.0, 0.0, 0.0, 1.0],
                [1.0, 0.0, -0.0, 0.28, -0.0, 0.0, -1.0, 0.43, 0.0, 1.0, -0.0, 0.19, 0.0, 0.0, 0.0, 1.0],
                [1.0, 0.0, -0.0, 0.28, 0.0, -0.0, -1.0, 0.43, 0.0, 1.0, 0.0, 0.19, 0.0, 0.0, 0.0, 1.0],
                [1.0, 0.0, 0.0, 0.28, -0.0, -0.0, -1.0, 0.43, -0.0, 1.0, 0.0, 0.19, 0.0, 0.0, 0.0, 1.0],
                [1.0, 0.0, -0.0, 0.28, 0.0, -0.0, -1.0, 0.43, 0.0, 1.0, -0.0, 0.19, 0.0, 0.0, 0.0, 1.0],
                [1.0, 0.0, 0.0, 0.28, -0.0, -0.0, -1.0, 0.43, 0.0, 1.0, -0.0, 0.19, 0.0, 0.0, 0.0, 1.0],
                [1.0, 0.0, 0.0, 0.28, -0.0, 0.0, -1.0, 0.43, 0.0, 1.0, -0.0, 0.19, 0.0, 0.0, 0.0, 1.0],
                [1.0, 0.0, 0.0, 0.28, 0.0, 0.0, -1.0, 0.43, -0.0, 1.0, 0.0, 0.19, 0.0, 0.0, 0.0, 1.0],
                [1.0, -0.0, 0.0, 0.28, -0.0, -0.0, -1.0, 0.43, 0.0, 1.0, -0.0, 0.19, 0.0, 0.0, 0.0, 1.0],
                [1.0, 0.0, 0.0, 0.28, -0.0, 0.0, -1.0, 0.43, -0.0, 1.0, 0.0, 0.19, 0.0, 0.0, 0.0, 1.0],
                [1.0, 0.0, 0.0, 0.28, -0.0, -0.0, -1.0, 0.43, 0.0, 1.0, 0.0, 0.19, 0.0, 0.0, 0.0, 1.0],
                [1.0, -0.0, 0.0, 0.28, -0.0, -0.0, -1.0, 0.43, 0.0, 1.0, -0.0, 0.19, 0.0, 0.0, 0.0, 1.0]
            ]
        },
        {
            "name": "Ear_Upper_R",
            "time": [0.0, 0.0417, 0.0833, 0.125, 0.1667, 0.2083, 0.25, 0.2917, 0.3333, 0.375, 0.4167, 0.4583, 0.5, 0.5417, 0.5833, 0.625, 0.6667, 0.7083, 0.75, 0.7917, 0.8333],
            "transform": [
                [0.759256, 0.650792, -0.0, -0.0, -0.650792, 0.759256, 0.0, 0.07, 0.0, 0.0, 1.0, 0.0, 0.0, 0.0, 0.0, 1.0],
                [0.759256, 0.650792, -0.0, 0.0, -0.650792, 0.759256, 0.0, 0.07, 0.0, -0.0, 1.0, 0.0, 0.0, 0.0, 0.0, 1.0],
                [0.759256, 0.650792, -0.0, 0.0, -0.650792, 0.759256, 0.0, 0.07, 0.0, 0.0, 1.0, 0.0, 0.0, 0.0, 0.0, 1.0],
                [0.759256, 0.650792, -0.0, -0.0, -0.650792, 0.759256, 0.0, 0.07, 0.0, 0.0, 1.0, 0.0, 0.0, 0.0, 0.0, 1.0],
                [0.759256, 0.650792, -0.0, 0.0, -0.650792, 0.759256, 0.0, 0.07, 0.0, 0.0, 1.0, 0.0, 0.0, 0.0, 0.0, 1.0],
                [0.759256, 0.650792, -0.0, 0.0, -0.650792, 0.759256, 0.0, 0.07, 0.0, 0.0, 1.0, -0.0, 0.0, 0.0, 0.0, 1.0],
                [0.759256, 0.650792, -0.0, 0.0, -0.650792, 0.759256, 0.0, 0.07, 0.0, 0.0, 1.0, -0.0, 0.0, 0.0, 0.0, 1.0],
                [0.759256, 0.650792, -0.0, 0.0, -0.650792, 0.759256, 0.0, 0.07, 0.0, 0.0, 1.0, 0.0, 0.0, 0.0, 0.0, 1.0],
                [0.759256, 0.650792, -0.0, 0.0, -0.650792, 0.759256, 0.0, 0.07, 0.0, -0.0, 1.0, 0.0, 0.0, 0.0, 0.0, 1.0],
                [0.759256, 0.650792, -0.0, -0.0, -0.650792, 0.759256, 0.0, 0.07, 0.0, -0.0, 1.0, -0.0, 0.0, 0.0, 0.0, 1.0],
                [0.759256, 0.650792, -0.0, -0.0, -0.650792, 0.759256, 0.0, 0.07, 0.0, 0.0, 1.0, -0.0, 0.0, 0.0, 0.0, 1.0],
                [0.759256, 0.650792, -0.0, 0.0, -0.650792, 0.759256, 0.0, 0.07, 0.0, 0.0, 1.0, 0.0, 0.0, 0.0, 0.0, 1.0],
                [0.759256, 0.650792, -0.0, -0.0, -0.650792, 0.759256, 0.0, 0.07, 0.0, 0.0, 1.0, 0.0, 0.0, 0.0, 0.0, 1.0],
                [0.759256, 0.650792, -0.0, -0.0, -0.650792, 0.759256, 0.0, 0.07, 0.0, -0.0, 1.0, -0.0, 0.0, 0.0, 0.0, 1.0],
                [0.759256, 0.650792, -0.0, 0.0, -0.650792, 0.759256, 0.0, 0.07, 0.0, -0.0, 1.0, 0.0, 0.0, 0.0, 0.0, 1.0],
                [0.759256, 0.650792, -0.0, -0.0, -0.650792, 0.759256, 0.0, 0.07, 0.0, 0.0, 1.0, 0.0, 0.0, 0.0, 0.0, 1.0],
                [0.759256, 0.650792, -0.0, -0.0, -0.650792, 0.759256, 0.0, 0.07, 0.0, -0.0, 1.0, 0.0, 0.0, 0.0, 0.0, 1.0],
                [0.759256, 0.650792, -0.0, -0.0, -0.650792, 0.759256, 0.0, 0.07, 0.0, 0.0, 1.0, -0.0, 0.0, 0.0, 0.0, 1.0],
                [0.759256, 0.650792, -0.0, -0.0, -0.650792, 0.759256, 0.0, 0.07, 0.0, -0.0, 1.0, 0.0, 0.0, 0.0, 0.0, 1.0],
                [0.759256, 0.650792, -0.0, 0.0, -0.650792, 0.759256, 0.0, 0.07, 0.0, 0.0, 1.0, -0.0, 0.0, 0.0, 0.0, 1.0],
                [0.759256, 0.650792, -0.0, -0.0, -0.650792, 0.759256, 0.0, 0.07, 0.0, 0.0, 1.0, 0.0, 0.0, 0.0, 0.0, 1.0]
            ]
        },
        {
            "name": "Eye_L",
            "time": [0.0, 0.0417, 0.0833, 0.125, 0.1667, 0.2083, 0.25, 0.2917, 0.3333, 0.375, 0.4167, 0.4583, 0.5, 0.5417, 0.5833, 0.625, 0.6667, 0.7083, 0.75, 0.7917, 0.8333],
            "transform": [
                [1.0, -0.0, -0.0, -0.16, -0.0, 1.0, -0.0, 0.54, 0.0, 0.0, 1.0, -0.02, 0.0, 0.0, 0.0, 1.0],
                [1.0, 0.0, -0.0, -0.16, -0.0, 1.0, 0.0, 0.54, -0.0, -0.0, 1.0, -0.02, 0.0, 0.0, 0.0, 1.0],
                [1.0, 0.0, 0.0, -0.16, 0.0, 1.0, -0.0, 0.54, 0.0, 0.0, 1.0, -0.02, 0.0, 0.0, 0.0, 1.0],
                [1.0, 0.0, 0.0, -0.16, -0.0, 1.0, -0.0, 0.54, -0.0, 0.0, 1.0, -0.02, 0.0, 0.0, 0.0, 1.0],
                [1.0, -0.0, 0.0, -0.16, -0.0, 1.0, -0.0, 0.54, -0.0, -0.0, 1.0, -0.02, 0.0, 0.0, 0.0, 1.0],
                [1.0, -0.0, 0.0, -0.16, -0.0, 1.0, -0.0, 0.54, -0.0, 0.0, 1.0, -0.02, 0.0, 0.0, 0.0, 1.0],
                [1.0, -0.0, 0.0, -0.16, 0.0, 1.0, -0.0, 0.54, 0.0, -0.0, 1.0, -0.02, 0.0, 0.0, 0.0, 1.0],
                [1.0, 0.0, -0.0, -0.16, 0.0, 1.0, -0.0, 0.54, -0.0, 0.0, 1.0, -0.02, 0.0, 0.0, 0.0, 1.0],
                [1.0, -0.0, 0.0, -0.16, 0.0, 1.0, -0.0, 0.54, -0.0, 0.0, 1.0, -0.02, 0.0, 0.0, 0.0, 1.0],
                [1.0, 0.0, 0.0, -0.16, -0.0, 1.0, 0.0, 0.54, 0.0, -0.0, 1.0, -0.02, 0.0, 0.0, 0.0, 1.0],
                [1.0, 0.0, 0.0, -0.16, -0.0, 1.0, 0.0, 0.54, 0.0, 0.0, 1.0, -0.02, 0.0, 0.0, 0.0, 1.0],
                [1.0, 0.0, 0.0, -0.16, 0.0, 1.0, -0.0, 0.54, 0.0, -0.0, 1.0, -0.02, 0.0, 0.0, 0.0, 1.0],
                [1.0, 0.0, 0.0, -0.16, -0.0, 1.0, -0.0, 0.54, -0.0, -0.0, 1.0, -0.02, 0.0, 0.0, 0.0, 1.0],
                [1.0, 0.0, 0.0, -0.16, 0.0, 1.0, -0.0, 0.54, 0.0, 0.0, 1.0, -0.02, 0.0, 0.0, 0.0, 1.0],
                [1.0, 0.0, 0.0, -0.16, -0.0, 1.0, -0.0, 0.54, 0.0, 0.0, 1.0, -0.02, 0.0, 0.0, 0.0, 1.0],
                [1.0, 0.0, 0.0, -0.16, -0.0, 1.0, 0.0, 0.54, 0.0, 0.0, 1.0, -0.02, 0.0, 0.0, 0.0, 1.0],
                [1.0, -0.0, 0.0, -0.16, 0.0, 1.0, 0.0, 0.54, -0.0, -0.0, 1.0, -0.02, 0.0, 0.0, 0.0, 1.0],
                [1.0, 0.0, -0.0, -0.16, -0.0, 1.0, -0.0, 0.54, 0.0, 0.0, 1.0, -0.02, 0.0, 0.0, 0.0, 1.0],
                [1.0, -0.0, 0.0, -0.16, -0.0, 1.0, 0.0, 0.54, -0.0, -0.0, 1.0, -0.02, 0.0, 0.0, 0.0, 1.0],
                [1.0, -0.0, 0.0, -0.16, -0.0, 1.0, -0.0, 0.54, 0.0, -0.0, 1.0, -0.02, 0.0, 0.0, 0.0, 1.0],
                [1.0, -0.0, -0.0, -0.16, -0.0, 1.0, -0.0, 0.54, 0.0, 0.0, 1.0, -0.02, 0.0, 0.0, 0.0, 1.0]
            ]
        },
        {
            "name": "Eye_R",
            "time": [0.0, 0.0417, 0.0833, 0.125, 0.1667, 0.2083, 0.25, 0.2917, 0.3333, 0.375, 0.4167, 0.4583, 0.5, 0.5417, 0.5833, 0.625, 0.6667, 0.7083, 0.75, 0.7917, 0.8333],
            "transform": [
                [1.0, -0.0, -0.0, 0.16, -0.0, 1.0, -0.0, 0.54, 0.0, 0.0, 1.0, -0.02, 0.0, 0.0, 0.0, 1.0],
                [1.0, 0.0, -0.0, 0.16, -0.0, 1.0, 0.0, 0.54, -0.0, -0.0, 1.0, -0.02, 0.0, 0.0, 0.0, 1.0],
                [1.0, 0.0, 0.0, 0.16, 0.0, 1.0, -0.0, 0.54, 0.0, 0.0, 1.0, -0.02, 0.0, 0.0, 0.0, 1.0],
                [1.0, 0.0, 0.0, 0.16, -0.0, 1.0, -0.0, 0.54, -0.0, 0.0, 1.0, -0.02, 0.0, 0.0, 0.0, 1.0],
                [1.0, -0.0, 0.0, 0.16, -0.0, 1.0, -0.0, 0.54, -0.0, -0.0, 1.0, -0.02, 0.0, 0.0, 0.0, 1.0],
                [1.0, -0.0, 0.0, 0.16, -0.0, 1.0, -0.0, 0.54, -0.0, 0.0, 1.0, -0.02, 0.0, 0.0, 0.0, 1.0],
                [1.0, -0.0, 0.0, 0.16, 0.0, 1.0, -0.0, 0.54, 0.0, -0.0, 1.0, -0.02, 0.0, 0.0, 0.0, 1.0],
                [1.0, 0.0, -0.0, 0.16, 0.0, 1.0, -0.0, 0.54, -0.0, 0.0, 1.0, -0.02, 0.0, 0.0, 0.0, 1.0],
                [1.0, -0.0, 0.0, 0.16, 0.0, 1.0, -0.0, 0.54, -0.0, 0.0, 1.0, -0.02, 0.0, 0.0, 0.0, 1.0],
                [1.0, 0.0, 0.0, 0.16, -0.0, 1.0, 0.0, 0.54, 0.0, -0.0, 1.0, -0.02, 0.0, 0.0, 0.0, 1.0],
                [1.0, 0.0, 0.0, 0.16, -0.0, 1.0, 0.0, 0.54, 0.0, 0.0, 1.0, -0.02, 0.0, 0.0, 0.0, 1.0],
                [1.0, 0.0, 0.0, 0.16, 0.0, 1.0, -0.0, 0.54, 0.0, -0.0, 1.0, -0.02, 0.0, 0.0, 0.0, 1.0],
