{
    "animation": [
        {
            "name": "Root",
            "time": [0.0, 0.0417, 0.0833, 0.125, 0.1667, 0.2083, 0.25, 0.2917, 0.3333, 0.375, 0.4167, 0.4583, 0.5, 0.5417, 0.5833, 0.625, 0.6667, 0.7083, 0.75, 0.7917, 0.8333, 0.875, 0.9167, 0.9583, 1.0, 1.0417, 1.0833, 1.125, 1.1667, 1.2083, 1.25, 1.2917, 1.3333, 1.375, 1.4167, 1.4583, 1.5, 1.5417, 1.5833, 1.625, 1.6667, 1.7083, 1.75, 1.7917, 1.8333, 1.875],
            "transform": [
                [1.0, 0.0, 0.0, 0.0, 0.0, 1.0, -1e-06, -1.0, 0.0, 1e-06, 1.0, 1.1, 0.0, 0.0, 0.0, 1.0],
                [1.0, 0.0, 0.0, 0.0, 0.0, 1.0, -1e-06, -1.0, 0.0, 1e-06, 1.0, 1.103299, 0.0, 0.0, 0.0, 1.0],
                [1.0, 0.0, 0.0, 0.0, 0.0, 1.0, -1e-06, -1.0, 0.0, 1e-06, 1.0, 1.111545, 0.0, 0.0, 0.0, 1.0],
                [1.0, 0.0, 0.0, 0.0, 0.0, 1.0, -1e-06, -1.0, 0.0, 1e-06, 1.0, 1.122265, 0.0, 0.0, 0.0, 1.0],
                [1.0, 0.0, 0.0, 0.0, 0.0, 1.0, -1e-06, -1.0, 0.0, 1e-06, 1.0, 1.132985, 0.0, 0.0, 0.0, 1.0],
                [1.0, 0.0, 0.0, 0.0, 0.0, 1.0, -1e-06, -1.0, 0.0, 1e-06, 1.0, 1.141232, 0.0, 0.0, 0.0, 1.0],
                [1.0, 0.0, 0.0, 0.0, 0.0, 1.0, -1e-06, -1.0, 0.0, 1e-06, 1.0, 1.14453, 0.0, 0.0, 0.0, 1.0],
                [1.0, 0.0, 0.0, 0.0, 0.0, 1.0, -1e-06, -1.0, 0.0, 1e-06, 1.0, 1.143531, 0.0, 0.0, 0.0, 1.0],
                [1.0, 0.0, 0.0, 0.0, 0.0, 1.0, -1e-06, -1.0, 0.0, 1e-06, 1.0, 1.140708, 0.0, 0.0, 0.0, 1.0],
                [1.0, 0.0, 0.0, 0.0, 0.0, 1.0, -1e-06, -1.0, 0.0, 1e-06, 1.0, 1.136321, 0.0, 0.0, 0.0, 1.0],
                [1.0, 0.0, 0.0, 0.0, 0.0, 1.0, -1e-06, -1.0, 0.0, 1e-06, 1.0, 1.13063, 0.0, 0.0, 0.0, 1.0],
                [1.0, 0.0, 0.0, 0.0, 0.0, 1.0, -1e-06, -1.0, 0.0, 1e-06, 1.0, 1.123898, 0.0, 0.0, 0.0, 1.0],
                [1.0, 0.0, 0.0, 0.0, 0.0, 1.0, -1e-06, -1.0, 0.0, 1e-06, 1.0, 1.116383, 0.0, 0.0, 0.0, 1.0],
                [1.0, 0.0, 0.0, 0.0, 0.0, 1.0, -1e-06, -1.0, 0.0, 1e-06, 1.0, 1.108347, 0.0, 0.0, 0.0, 1.0],
                [1.0, 0.0, 0.0, 0.0, 0.0, 1.0, -1e-06, -1.0, 0.0, 1e-06, 1.0, 1.100051, 0.0, 0.0, 0.0, 1.0],
                [1.0, 0.0, 0.0, 0.0, 0.0, 1.0, -1e-06, -1.0, 0.0, 1e-06, 1.0, 1.091755, 0.0, 0.0, 0.0, 1.0],
                [1.0, 0.0, 0.0, 0.0, 0.0, 1.0, -1e-06, -1.0, 0.0, 1e-06, 1.0, 1.083719, 0.0, 0.0, 0.0, 1.0],
                [1.0, 0.0, 0.0, 0.0, 0.0, 1.0, -1e-06, -1.0, 0.0, 1e-06, 1.0, 1.076204, 0.0, 0.0, 0.0, 1.0],
                [1.0, 0.0, 0.0, 0.0, 0.0, 1.0, -1e-06, -1.0, 0.0, 1e-06, 1.0, 1.069471, 0.0, 0.0, 0.0, 1.0],
                [1.0, 0.0, 0.0, 0.0, 0.0, 1.0, -1e-06, -1.0, 0.0, 1e-06, 1.0, 1.063781, 0.0, 0.0, 0.0, 1.0],
                [1.0, 0.0, 0.0, 0.0, 0.0, 1.0, -1e-06, -1.0, 0.0, 1e-06, 1.0, 1.059394, 0.0, 0.0, 0.0, 1.0],
                [1.0, 0.0, 0.0, 0.0, 0.0, 1.0, -1e-06, -1.0, 0.0, 1e-06, 1.0, 1.056571, 0.0, 0.0, 0.0, 1.0],
                [1.0, 0.0, 0.0, 0.0, 0.0, 1.0, -1e-06, -1.0, 0.0, 1e-06, 1.0, 1.055572, 0.0, 0.0, 0.0, 1.0],
                [1.0, 0.0, 0.0, 0.0, 0.0, 1.0, -1e-06, -1.0, 0.0, 1e-06, 1.0, 1.056138, 0.0, 0.0, 0.0, 1.0],
                [1.0, 0.0, 0.0, 0.0, 0.0, 1.0, -1e-06, -1.0, 0.0, 1e-06, 1.0, 1.057731, 0.0, 0.0, 0.0, 1.0],
                [1.0, 0.0, 0.0, 0.0, 0.0, 1.0, -1e-06, -1.0, 0.0, 1e-06, 1.0, 1.060192, 0.0, 0.0, 0.0, 1.0],
                [1.0, 0.0, 0.0, 0.0, 0.0, 1.0, -1e-06, -1.0, 0.0, 1e-06, 1.0, 1.063365, 0.0, 0.0, 0.0, 1.0],
                [1.0, 0.0, 0.0, 0.0, 0.0, 1.0, -1e-06, -1.0, 0.0, 1e-06, 1.0, 1.06709, 0.0, 0.0, 0.0, 1.0],
                [1.0, 0.0, 0.0, 0.0, 0.0, 1.0, -1e-06, -1.0, 0.0, 1e-06, 1.0, 1.07121, 0.0, 0.0, 0.0, 1.0],
                [1.0, 0.0, 0.0, 0.0, 0.0, 1.0, -1e-06, -1.0, 0.0, 1e-06, 1.0, 1.075568, 0.0, 0.0, 0.0, 1.0],
                [1.0, 0.0, 0.0, 0.0, 0.0, 1.0, -1e-06, -1.0, 0.0, 1e-06, 1.0, 1.080004, 0.0, 0.0, 0.0, 1.0],
                [1.0, 0.0, 0.0, 0.0, 0.0, 1.0, -1e-06, -1.0, 0.0, 1e-06, 1.0, 1.084361, 0.0, 0.0, 0.0, 1.0],
                [1.0, 0.0, 0.0, 0.0, 0.0, 1.0, -1e-06, -1.0, 0.0, 1e-06, 1.0, 1.088482, 0.0, 0.0, 0.0, 1.0],
                [1.0, 0.0, 0.0, 0.0, 0.0, 1.0, -1e-06, -1.0, 0.0, 1e-06, 1.0, 1.092207, 0.0, 0.0, 0.0, 1.0],
                [1.0, 0.0, 0.0, 0.0, 0.0, 1.0, -1e-06, -1.0, 0.0, 1e-06, 1.0, 1.095379, 0.0, 0.0, 0.0, 1.0],
                [1.0, 0.0, 0.0, 0.0, 0.0, 1.0, -1e-06, -1.0, 0.0, 1e-06, 1.0, 1.097841, 0.0, 0.0, 0.0, 1.0],
                [1.0, 0.0, 0.0, 0.0, 0.0, 1.0, -1e-06, -1.0, 0.0, 1e-06, 1.0, 1.099434, 0.0, 0.0, 0.0, 1.0],
                [1.0, 0.0, 0.0, 0.0, 0.0, 1.0, -1e-06, -1.0, 0.0, 1e-06, 1.0, 1.1, 0.0, 0.0, 0.0, 1.0],
                [1.0, 0.0, 0.0, 0.0, 0.0, 1.0, -1e-06, -1.0, 0.0, 1e-06, 1.0, 1.1, 0.0, 0.0, 0.0, 1.0],
                [1.0, 0.0, 0.0, 0.0, 0.0, 1.0, -1e-06, -1.0, 0.0, 1e-06, 1.0, 1.1, 0.0, 0.0, 0.0, 1.0],
                [1.0, 0.0, 0.0, 0.0, 0.0, 1.0, -1e-06, -1.0, 0.0, 1e-06, 1.0, 1.1, 0.0, 0.0, 0.0, 1.0],
                [1.0, 0.0, 0.0, 0.0, 0.0, 1.0, -1e-06, -1.0, 0.0, 1e-06, 1.0, 1.1, 0.0, 0.0, 0.0, 1.0],
                [1.0, 0.0, 0.0, 0.0, 0.0, 1.0, -1e-06, -1.0, 0.0, 1e-06, 1.0, 1.1, 0.0, 0.0, 0.0, 1.0],
                [1.0, 0.0, 0.0, 0.0, 0.0, 1.0, -1e-06, -1.0, 0.0, 1e-06, 1.0, 1.1, 0.0, 0.0, 0.0, 1.0],
                [1.0, 0.0, 0.0, 0.0, 0.0, 1.0, -1e-06, -1.0, 0.0, 1e-06, 1.0, 1.1, 0.0, 0.0, 0.0, 1.0],
                [1.0, 0.0, 0.0, 0.0, 0.0, 1.0, -1e-06, -1.0, 0.0, 1e-06, 1.0, 1.1, 0.0, 0.0, 0.0, 1.0]
            ]
        },
        {
            "name": "Torso",
            "time": [0.0, 0.0417, 0.0833, 0.125, 0.1667, 0.2083, 0.25, 0.2917, 0.3333, 0.375, 0.4167, 0.4583, 0.5, 0.5417, 0.5833, 0.625, 0.6667, 0.7083, 0.75, 0.7917, 0.8333, 0.875, 0.9167, 0.9583, 1.0, 1.0417, 1.0833, 1.125, 1.1667, 1.2083, 1.25, 1.2917, 1.3333, 1.375, 1.4167, 1.4583, 1.5, 1.5417, 1.5833, 1.625, 1.6667, 1.7083, 1.75, 1.7917, 1.8333, 1.875],
            "transform": [
                [1.0, -0.0, -0.0, 0.0, 0.0, 0.99955, 0.030012, 0.2, -0.0, -0.030012, 0.99955, 0.0, 0.0, 0.0, 0.0, 1.0],
                [1.0, -0.0, -0.0, 0.0, 0.0, 0.999561, 0.029635, 0.2, -0.0, -0.029635, 0.999561, 0.0, 0.0, 0.0, 0.0, 1.0],
                [1.0, -0.0, -0.0, 0.0, 0.0, 0.999593, 0.028543, 0.2, -0.0, -0.028543, 0.999593, 0.0, 0.0, 0.0, 0.0, 1.0],
                [1.0, -0.0, -0.0, 0.0, 0.0, 0.999641, 0.026797, 0.2, -0.0, -0.026797, 0.999641, 0.0, 0.0, 0.0, 0.0, 1.0],
                [1.0, -0.0, -0.0, 0.0, 0.0, 0.999701, 0.024454, 0.2, -0.0, -0.024454, 0.999701, 0.0, 0.0, 0.0, 0.0, 1.0],
                [1.0, -0.0, -0.0, 0.0, 0.0, 0.999767, 0.021576, 0.2, -0.0, -0.021576, 0.999767, 0.0, 0.0, 0.0, 0.0, 1.0],
                [1.0, -0.0, -0.0, 0.0, 0.0, 0.999834, 0.018221, 0.2, -0.0, -0.018221, 0.999834, 0.0, 0.0, 0.0, 0.0, 1.0],
                [1.0, -0.0, -0.0, 0.0, 0.0, 0.999896, 0.014448, 0.2, -0.0, -0.014448, 0.999896, 0.0, 0.0, 0.0, 0.0, 1.0],
                [1.0, -0.0, -0.0, 0.0, 0.0, 0.999947, 0.010317, 0.2, -0.0, -0.010317, 0.999947, 0.0, 0.0, 0.0, 0.0, 1.0],
                [1.0, -0.0, -0.0, 0.0, 0.0, 0.999983, 0.005888, 0.2, -0.0, -0.005888, 0.999983, 0.0, 0.0, 0.0, 0.0, 1.0],
                [1.0, -0.0, -0.0, 0.0, 0.0, 0.999999, 0.001221, 0.2, -0.0, -0.001221, 0.999999, 0.0, 0.0, 0.0, 0.0, 1.0],
                [1.0, -0.0, 0.0, 0.0, 0.0, 0.999993, -0.003626, 0.2, 0.0, 0.003626, 0.999993, 0.0, 0.0, 0.0, 0.0, 1.0],
                [1.0, -0.0, 0.0, 0.0, 0.0, 0.999963, -0.008591, 0.2, 0.0, 0.008591, 0.999963, 0.0, 0.0, 0.0, 0.0, 1.0],
                [1.0, -0.0, 0.0, 0.0, 0.0, 0.999907, -0.013617, 0.2, 0.0, 0.013617, 0.999907, 0.0, 0.0, 0.0, 0.0, 1.0],
                [1.0, -0.0, 0.0, 0.0, 0.0, 0.999826, -0.018641, 0.2, 0.0, 0.018641, 0.999826, 0.0, 0.0, 0.0, 0.0, 1.0],
                [1.0, -0.0, 0.0, 0.0, 0.0, 0.999721, -0.023606, 0.2, 0.0, 0.023606, 0.999721, 0.0, 0.0, 0.0, 0.0, 1.0],
                [1.0, -0.0, 0.0, 0.0, 0.0, 0.999595, -0.028451, 0.2, 0.0, 0.028451, 0.999595, 0.0, 0.0, 0.0, 0.0, 1.0],
                [1.0, -0.0, 0.0, 0.0, 0.0, 0.999451, -0.033116, 0.2, 0.0, 0.033116, 0.999451, 0.0, 0.0, 0.0, 0.0, 1.0],
                [1.0, -0.0, 0.0, 0.0, 0.0, 0.999295, -0.037543, 0.2, 0.0, 0.037543, 0.999295, 0.0, 0.0, 0.0, 0.0, 1.0],
                [1.0, -0.0, 0.0, 0.0, 0.0, 0.999131, -0.04167, 0.2, 0.0, 0.04167, 0.999131, 0.0, 0.0, 0.0, 0.0, 1.0],
                [1.0, -0.0, 0.0, 0.0, 0.0, 0.998967, -0.04544, 0.2, 0.0, 0.04544, 0.998967, 0.0, 0.0, 0.0, 0.0, 1.0],
                [1.0, -0.0, 0.0, 0.0, 0.0, 0.998809, -0.048792, 0.2, 0.0, 0.048792, 0.998809, 0.0, 0.0, 0.0, 0.0, 1.0],
                [1.0, -0.0, 0.0, 0.0, 0.0, 0.998664, -0.051668, 0.2, 0.0, 0.051668, 0.998664, 0.0, 0.0, 0.0, 0.0, 1.0],
                [1.0, -0.0, 0.0, 0.0, 0.0, 0.998541, -0.054007, 0.2, 0.0, 0.054007, 0.998541, 0.0, 0.0, 0.0, 0.0, 1.0],
                [1.0, -0.0, 0.0, 0.0, 0.0, 0.998445, -0.055752, 0.2, 0.0, 0.055752, 0.998445, 0.0, 0.0, 0.0, 0.0, 1.0],
                [1.0, -0.0, 0.0, 0.0, 0.0, 0.998383, -0.056842, 0.2, 0.0, 0.056842, 0.998383, 0.0, 0.0, 0.0, 0.0, 1.0],
                [1.0, -0.0, 0.0, 0.0, 0.0, 0.998362, -0.057219, 0.2, 0.0, 0.057219, 0.998362, 0.0, 0.0, 0.0, 0.0, 1.0],
                [1.0, -0.0, 0.0, 0.0, 0.0, 0.998401, -0.056521, 0.2, 0.0, 0.056521, 0.998401, 0.0, 0.0, 0.0, 0.0, 1.0],
                [1.0, -0.0, 0.0, 0.0, 0.0, 0.998512, -0.054527, 0.2, 0.0, 0.054527, 0.998512, 0.0, 0.0, 0.0, 0.0, 1.0],
                [1.0, -0.0, 0.0, 0.0, 0.0, 0.998679, -0.051389, 0.2, 0.0, 0.051389, 0.998679, 0.0, 0.0, 0.0, 0.0, 1.0],
                [1.0, -0.0, 0.0, 0.0, 0.0, 0.998883, -0.04726, 0.2, 0.0, 0.04726, 0.998883, 0.0, 0.0, 0.0, 0.0, 1.0],
                [1.0, -0.0, 0.0, 0.0, 0.0, 0.999105, -0.042291, 0.2, 0.0, 0.042291, 0.999105, 0.0, 0.0, 0.0, 0.0, 1.0],
                [1.0, -0.0, 0.0, 0.0, 0.0, 0.999329, -0.036634, 0.2, 0.0, 0.036634, 0.999329, 0.0, 0.0, 0.0, 0.0, 1.0],
                [1.0, -0.0, 0.0, 0.0, 0.0, 0.999537, -0.030441, 0.2, 0.0, 0.030441, 0.999537, 0.0, 0.0, 0.0, 0.0, 1.0],
                [1.0, -0.0, 0.0, 0.0, 0.0, 0.999715, -0.023865, 0.2, 0.0, 0.023865, 0.999715, 0.0, 0.0, 0.0, 0.0, 1.0],
                [1.0, -0.0, 0.0, 0.0, 0.0, 0.999855, -0.017058, 0.2, 0.0, 0.017058, 0.999855, 0.0, 0.0, 0.0, 0.0, 1.0],
                [1.0, -0.0, 0.0, 0.0, 0.0, 0.999948, -0.010175, 0.2, 0.0, 0.010175, 0.999948, 0.0, 0.0, 0.0, 0.0, 1.0],
                [1.0, -0.0, 0.0, 0.0, 0.0, 0.999994, -0.003367, 0.2, 0.0, 0.003367, 0.999994, 0.0, 0.0, 0.0, 0.0, 1.0],
                [1.0, -0.0, -0.0, 0.0, 0.0, 0.999995, 0.003211, 0.2, -0.0, -0.003211, 0.999995, 0.0, 0.0, 0.0, 0.0, 1.0],
                [1.0, -0.0, -0.0, 0.0, 0.0, 0.999956, 0.009408, 0.2, -0.0, -0.009408, 0.999956, 0.0, 0.0, 0.0, 0.0, 1.0],
                [1.0, -0.0, -0.0, 0.0, 0.0, 0.999886, 0.015069, 0.2, -0.0, -0.015069, 0.999886, 0.0, 0.0, 0.0, 0.0, 1.0],
                [1.0, -0.0, -0.0, 0.0, 0.0, 0.999799, 0.020042, 0.2, -0.0, -0.020042, 0.999799, 0.0, 0.0, 0.0, 0.0, 1.0],
                [1.0, -0.0, -0.0, 0.0, 0.0, 0.999708, 0.024176, 0.2, -0.0, -0.024176, 0.999708, 0.0, 0.0, 0.0, 0.0, 1.0],
                [1.0, -0.0, -0.0, 0.0, 0.0, 0.999627, 0.027316, 0.2, -0.0, -0.027316, 0.999627, 0.0, 0.0, 0.0, 0.0, 1.0],
                [1.0, -0.0, -0.0, 0.0, 0.0, 0.99957, 0.029313, 0.2, -0.0, -0.029313, 0.99957, 0.0, 0.0, 0.0, 0.0, 1.0],
                [1.0, -0.0, -0.0, 0.0, 0.0, 0.99955, 0.030012, 0.2, -0.0, -0.030012, 0.99955, 0.0, 0.0, 0.0, 0.0, 1.0]
            ]
        },
        {
            "name": "Torso_Upper",
            "time": [0.0, 0.0417, 0.0833, 0.125, 0.1667, 0.2083, 0.25, 0.2917, 0.3333, 0.375, 0.4167, 0.4583, 0.5, 0.5417, 0.5833, 0.625, 0.6667, 0.7083, 0.75, 0.7917, 0.8333, 0.875, 0.9167, 0.9583, 1.0, 1.0417, 1.0833, 1.125, 1.1667, 1.2083, 1.25, 1.2917, 1.3333, 1.375, 1.4167, 1.4583, 1.5, 1.5417, 1.5833, 1.625, 1.6667, 1.7083, 1.75, 1.7917, 1.8333, 1.875],
            "transform": [
                [1.0, -0.0, -0.0, -0.0, -0.0, 1.0, 0.0, 0.35, 0.0, -0.0, 1.0, -0.0, 0.0, 0.0, 0.0, 1.0],
                [1.0, 0.0, 0.0, 0.0, -0.0, 1.0, -9.1e-05, 0.35, 0.0, 9.1e-05, 1.0, 0.0, 0.0, 0.0, 0.0, 1.0],
                [1.0, -0.0, -0.0, -0.0, 0.0, 1.0, -0.000354, 0.35, 0.0, 0.000354, 1.0, 0.0, 0.0, 0.0, 0.0, 1.0],
                [1.0, -0.0, 0.0, -0.0, 0.0, 1.0, -0.000768, 0.35, 0.0, 0.000768, 1.0, 0.0, 0.0, 0.0, 0.0, 1.0],
                [1.0, 0.0, 0.0, -0.0, 0.0, 0.999999, -0.001314, 0.35, 0.0, 0.001314, 0.999999, -0.0, 0.0, 0.0, 0.0, 1.0],
                [1.0, 0.0, -0.0, -0.0, 0.0, 0.999998, -0.001975, 0.35, 0.0, 0.001975, 0.999998, -0.0, 0.0, 0.0, 0.0, 1.0],
                [1.0, 0.0, -0.0, 0.0, -0.0, 0.999996, -0.00273, 0.35, 0.0, 0.00273, 0.999996, 0.0, 0.0, 0.0, 0.0, 1.0],
                [1.0, 0.0, 0.0, 0.0, -0.0, 0.999994, -0.003561, 0.35, 0.0, 0.003561, 0.999994, 0.0, 0.0, 0.0, 0.0, 1.0],
                [1.0, 0.0, 0.0, 0.0, 0.0, 0.99999, -0.00445, 0.35, 0.0, 0.00445, 0.99999, -0.0, 0.0, 0.0, 0.0, 1.0],
                [1.0, -0.0, 0.0, -0.0, 0.0, 0.999986, -0.005376, 0.35, 0.0, 0.005376, 0.999986, -0.0, 0.0, 0.0, 0.0, 1.0],
                [1.0, 0.0, 0.0, 0.0, -0.0, 0.99998, -0.00632, 0.35, 0.0, 0.00632, 0.99998, -0.0, 0.0, 0.0, 0.0, 1.0],
                [1.0, 0.0, -0.0, 0.0, -0.0, 0.999974, -0.007265, 0.35, 0.0, 0.007265, 0.999974, -0.0, 0.0, 0.0, 0.0, 1.0],
                [1.0, 0.0, -0.0, 0.0, 0.0, 0.999966, -0.008191, 0.35, 0.0, 0.008191, 0.999966, 0.0, 0.0, 0.0, 0.0, 1.0],
                [1.0, -0.0, -0.0, 0.0, -0.0, 0.999959, -0.009079, 0.35, -0.0, 0.009079, 0.999959, -0.0, 0.0, 0.0, 0.0, 1.0],
                [1.0, -0.0, 0.0, -0.0, -0.0, 0.999951, -0.009911, 0.35, 0.0, 0.009911, 0.999951, -0.0, 0.0, 0.0, 0.0, 1.0],
                [1.0, 0.0, -0.0, 0.0, 0.0, 0.999943, -0.010666, 0.35, 0.0, 0.010666, 0.999943, -0.0, 0.0, 0.0, 0.0, 1.0],
                [1.0, -0.0, -0.0, -0.0, 0.0, 0.999936, -0.011326, 0.35, 0.0, 0.011326, 0.999936, -0.0, 0.0, 0.0, 0.0, 1.0],
                [1.0, 0.0, 0.0, -0.0, -0.0, 0.999929, -0.011873, 0.35, 0.0, 0.011873, 0.999929, -0.0, 0.0, 0.0, 0.0, 1.0],
                [1.0, 0.0, -0.0, 0.0, 0.0, 0.999925, -0.012287, 0.35, -0.0, 0.012287, 0.999925, -0.0, 0.0, 0.0, 0.0, 1.0],
                [1.0, -0.0, 0.0, 0.0, 0.0, 0.999921, -0.012549, 0.35, 0.0, 0.012549, 0.999921, -0.0, 0.0, 0.0, 0.0, 1.0],
                [1.0, -0.0, -0.0, 0.0, -0.0, 0.99992, -0.012641, 0.35, 0.0, 0.012641, 0.99992, 0.0, 0.0, 0.0, 0.0, 1.0],
                [1.0, -0.0, 0.0, 0.0, 0.0, 0.999921, -0.012582, 0.35, 0.0, 0.012582, 0.999921, 0.0, 0.0, 0.0, 0.0, 1.0],
                [1.0, 0.0, -0.0, 0.0, -0.0, 0.999923, -0.012411, 0.35, 0.0, 0.012411, 0.999923, 0.0, 0.0, 0.0, 0.0, 1.0],
                [1.0, 0.0, 0.0, 0.0, 0.0, 0.999926, -0.012139, 0.35, 0.0, 0.012139, 0.999926, -0.0, 0.0, 0.0, 0.0, 1.0],
                [1.0, 0.0, -0.0, 0.0, 0.0, 0.999931, -0.011774, 0.35, 0.0, 0.011774, 0.999931, 0.0, 0.0, 0.0, 0.0, 1.0],
                [1.0, -0.0, 0.0, 0.0, 0.0, 0.999936, -0.011326, 0.35, 0.0, 0.011326, 0.999936, 0.0, 0.0, 0.0, 0.0, 1.0],
                [1.0, 0.0, 0.0, -0.0, -0.0, 0.999942, -0.010806, 0.35, 0.0, 0.010806, 0.999942, -0.0, 0.0, 0.0, 0.0, 1.0],
                [1.0, -0.0, 0.0, -0.0, -0.0, 0.999948, -0.010223, 0.35, 0.0, 0.010223, 0.999948, 0.0, 0.0, 0.0, 0.0, 1.0],
                [1.0, -0.0, 0.0, -0.0, 0.0, 0.999954, -0.009586, 0.35, 0.0, 0.009586, 0.999954, 0.0, 0.0, 0.0, 0.0, 1.0],
                [1.0, 0.0, 0.0, 0.0, 0.0, 0.99996, -0.008906, 0.35, 0.0, 0.008906, 0.99996, 0.0, 0.0, 0.0, 0.0, 1.0],
                [1.0, -0.0, 0.0, 0.0, -0.0, 0.999966, -0.008191, 0.35, 0.0, 0.008191, 0.999966, 0.0, 0.0, 0.0, 0.0, 1.0],
                [1.0, 0.0, -0.0, 0.0, 0.0, 0.999972, -0.007453, 0.35, 0.0, 0.007453, 0.999972, 0.0, 0.0, 0.0, 0.0, 1.0],
                [1.0, -0.0, 0.0, -0.0, 0.0, 0.999977, -0.0067, 0.35, 0.0, 0.0067, 0.999977, 0.0, 0.0, 0.0, 0.0, 1.0],
                [1.0, 0.0, -0.0, -0.0, 0.0, 0.999982, -0.005941, 0.35, 0.0, 0.005941, 0.999982, 0.0, 0.0, 0.0, 0.0, 1.0],
                [1.0, 0.0, 0.0, 0.0, 0.0, 0.999987, -0.005188, 0.35, 0.0, 0.005188, 0.999987, -0.0, 0.0, 0.0, 0.0, 1.0],
                [1.0, 0.0, -0.0, 0.0, -0.0, 0.99999, -0.00445, 0.35, 0.0, 0.00445, 0.99999, 0.0, 0.0, 0.0, 0.0, 1.0],
                [1.0, -0.0, 0.0, 0.0, -0.0, 0.999993, -0.003735, 0.35, -0.0, 0.003735, 0.999993, 0.0, 0.0, 0.0, 0.0, 1.0],
                [1.0, -0.0, -0.0, 0.0, 0.0, 0.999995, -0.003055, 0.35, 0.0, 0.003055, 0.999995, 0.0, 0.0, 0.0, 0.0, 1.0],
                [1.0, 0.0, -0.0, -0.0, -0.0, 0.999997, -0.002418, 0.35, 0.0, 0.002418, 0.999997, -0.0, 0.0, 0.0, 0.0, 1.0],
                [1.0, 0.0, -0.0, -0.0, 0.0, 0.999998, -0.001835, 0.35, 0.0, 0.001835, 0.999998, 0.0, 0.0, 0.0, 0.0, 1.0],
                [1.0, 0.0, 0.0, 0.0, -0.0, 0.999999, -0.001314, 0.35, 0.0, 0.001314, 0.999999, -0.0, 0.0, 0.0, 0.0, 1.0],
                [1.0, -0.0, -0.0, -0.0, 0.0, 1.0, -0.000867, 0.35, 0.0, 0.000867, 1.0, 0.0, 0.0, 0.0, 0.0, 1.0],
                [1.0, 0.0, 0.0, 0.0, -0.0, 1.0, -0.000502, 0.35, 0.0, 0.000502, 1.0, 0.0, 0.0, 0.0, 0.0, 1.0],
                [1.0, 0.0, -0.0, 0.0, 0.0, 1.0, -0.00023, 0.35, 0.0, 0.00023, 1.0, -0.0, 0.0, 0.0, 0.0, 1.0],
                [1.0, -0.0, -0.0, 0.0, 0.0, 1.0, -5.9e-05, 0.35, 0.0, 5.9e-05, 1.0, 0.0, 0.0, 0.0, 0.0, 1.0],
                [1.0, -0.0, -0.0, -0.0, -0.0, 1.0, 0.0, 0.35, 0.0, -0.0, 1.0, -0.0, 0.0, 0.0, 0.0, 1.0]
            ]
        },
        {
            "name": "Chest",
            "time": [0.0, 0.0417, 0.0833, 0.125, 0.1667, 0.2083, 0.25, 0.2917, 0.3333, 0.375, 0.4167, 0.4583, 0.5, 0.5417, 0.5833, 0.625, 0.6667, 0.7083, 0.75, 0.7917, 0.8333, 0.875, 0.9167, 0.9583, 1.0, 1.0417, 1.0833, 1.125, 1.1667, 1.2083, 1.25, 1.2917, 1.3333, 1.375, 1.4167, 1.4583, 1.5, 1.5417, 1.5833, 1.625, 1.6667, 1.7083, 1.75, 1.7917, 1.8333, 1.875],
            "transform": [
                [1.0, 0.0, 0.0, 0.0, -0.0, 0.999188, -0.040285, 0.55, -0.0, 0.040285, 0.999188, 0.0, 0.0, 0.0, 0.0, 1.0],
                [1.0, 0.0, -0.0, -0.0, -0.0, 0.999188, -0.040279, 0.55, -0.0, 0.040279, 0.999188, -0.0, 0.0, 0.0, 0.0, 1.0],
                [1.0, 0.0, -0.0, 0.0, -0.0, 0.99919, -0.040237, 0.55, -0.0, 0.040237, 0.99919, 0.0, 0.0, 0.0, 0.0, 1.0],
                [1.0, 0.0, -0.0, 0.0, -0.0, 0.999195, -0.040123, 0.55, -0.0, 0.040123, 0.999195, 0.0, 0.0, 0.0, 0.0, 1.0],
                [1.0, 0.0, 0.0, 0.0, -0.0, 0.999204, -0.039902, 0.55, -0.0, 0.039902, 0.999204, 0.0, 0.0, 0.0, 0.0, 1.0],
                [1.0, 0.0, -0.0, 0.0, -0.0, 0.999218, -0.039537, 0.55, -0.0, 0.039537, 0.999218, 0.0, 0.0, 0.0, 0.0, 1.0],
                [1.0, 0.0, -0.0, 0.0, -0.0, 0.99924, -0.038992, 0.55, -0.0, 0.038992, 0.99924, -0.0, 0.0, 0.0, 0.0, 1.0],
                [1.0, 0.0, 0.0, -0.0, -0.0, 0.999269, -0.038232, 0.55, -0.0, 0.038232, 0.999269, 0.0, 0.0, 0.0, 0.0, 1.0],
                [1.0, 0.0, 0.0, -0.0, -0.0, 0.999307, -0.037221, 0.55, -0.0, 0.037221, 0.999307, -0.0, 0.0, 0.0, 0.0, 1.0],
                [1.0, 0.0, -0.0, 0.0, -0.0, 0.999355, -0.035922, 0.55, -0.0, 0.035922, 0.999355, 0.0, 0.0, 0.0, 0.0, 1.0],
                [1.0, 0.0, 0.0, 0.0, -0.0, 0.999412, -0.0343, 0.55, -0.0, 0.0343, 0.999412, -0.0, 0.0, 0.0, 0.0, 1.0],
                [1.0, 0.0, 0.0, -0.0, -0.0, 0.999478, -0.032318, 0.55, -0.0, 0.032318, 0.999478, 0.0, 0.0, 0.0, 0.0, 1.0],
                [1.0, 0.0, 0.0, 0.0, -0.0, 0.999552, -0.02994, 0.55, -0.0, 0.02994, 0.999552, -0.0, 0.0, 0.0, 0.0, 1.0],
                [1.0, 0.0, 0.0, 0.0, -0.0, 0.999632, -0.027131, 0.55, -0.0, 0.027131, 0.999632, 0.0, 0.0, 0.0, 0.0, 1.0],
                [1.0, 0.0, 0.0, -0.0, -0.0, 0.999715, -0.023854, 0.55, -0.0, 0.023854, 0.999715, -0.0, 0.0, 0.0, 0.0, 1.0],
                [1.0, 0.0, 0.0, -0.0, -0.0, 0.999799, -0.020072, 0.55, -0.0, 0.020072, 0.999799, -0.0, 0.0, 0.0, 0.0, 1.0],
                [1.0, 0.0, 0.0, 0.0, -0.0, 0.999876, -0.015749, 0.55, -0.0, 0.015749, 0.999876, -0.0, 0.0, 0.0, 0.0, 1.0],
                [1.0, 0.0, 0.0, 0.0, -0.0, 0.999968, -0.008033, 0.55, -0.0, 0.008033, 0.999968, 0.0, 0.0, 0.0, 0.0, 1.0],
                [1.0, 0.0, 0.0, 0.0, -0.0, 0.999988, 0.004952, 0.55, -0.0, -0.004952, 0.999988, -0.0, 0.0, 0.0, 0.0, 1.0],
                [1.0, 0.0, 0.0, 0.0, -0.0, 0.999763, 0.021774, 0.55, -0.0, -0.021774, 0.999763, -0.0, 0.0, 0.0, 0.0, 1.0],
                [1.0, 0.0, 0.0, -0.0, -0.0, 0.999159, 0.040993, 0.55, 0.0, -0.040993, 0.999159, -0.0, 0.0, 0.0, 0.0, 1.0],
                [1.0, 0.0, 0.0, -0.0, -0.0, 0.998128, 0.061164, 0.55, 0.0, -0.061164, 0.998128, -0.0, 0.0, 0.0, 0.0, 1.0],
                [1.0, 0.0, 0.0, -0.0, -0.0, 0.996727, 0.080844, 0.55, 0.0, -0.080844, 0.996727, -0.0, 0.0, 0.0, 0.0, 1.0],
                [1.0, 0.0, 0.0, 0.0, -0.0, 0.995127, 0.098601, 0.55, 0.0, -0.098601, 0.995127, 0.0, 0.0, 0.0, 0.0, 1.0],
                [1.0, 0.0, 0.0, 0.0, -0.0, 0.993593, 0.113017, 0.55, 0.0, -0.113017, 0.993593, 0.0, 0.0, 0.0, 0.0, 1.0],
                [1.0, 0.0, 0.0, -0.0, -0.0, 0.992445, 0.122692, 0.55, 0.0, -0.122692, 0.992445, -0.0, 0.0, 0.0, 0.0, 1.0],
                [1.0, 0.0, 0.0, 0.0, -0.0, 0.992001, 0.126228, 0.55, 0.0, -0.126228, 0.992001, 0.0, 0.0, 0.0, 0.0, 1.0],
                [1.0, 0.0, 0.0, 0.0, -0.0, 0.992169, 0.124902, 0.55, 0.0, -0.124902, 0.992169, 0.0, 0.0, 0.0, 0.0, 1.0],
                [1.0, 0.0, 0.0, -0.0, -0.0, 0.992639, 0.121115, 0.55, 0.0, -0.121115, 0.992639, -0.0, 0.0, 0.0, 0.0, 1.0],
                [1.0, 0.0, 0.0, 0.0, -0.0, 0.993348, 0.115154, 0.55, 0.0, -0.115154, 0.993348, -0.0, 0.0, 0.0, 0.0, 1.0],
                [1.0, 0.0, 0.0, 0.0, -0.0, 0.994227, 0.107301, 0.55, 0.0, -0.107301, 0.994227, 0.0, 0.0, 0.0, 0.0, 1.0],
                [1.0, 0.0, 0.0, -0.0, -0.0, 0.995202, 0.097842, 0.55, 0.0, -0.097842, 0.995202, -0.0, 0.0, 0.0, 0.0, 1.0],
                [1.0, 0.0, 0.0, 0.0, -0.0, 0.996203, 0.087063, 0.55, 0.0, -0.087063, 0.996203, 0.0, 0.0, 0.0, 0.0, 1.0],
                [1.0, 0.0, 0.0, 0.0, -0.0, 0.997164, 0.075252, 0.55, 0.0, -0.075252, 0.997164, 0.0, 0.0, 0.0, 0.0, 1.0],
                [1.0, 0.0, 0.0, -0.0, -0.0, 0.998033, 0.0627, 0.55, 0.0, -0.0627, 0.998033, 0.0, 0.0, 0.0, 0.0, 1.0],
                [1.0, 0.0, 0.0, -0.0, -0.0, 0.998764, 0.049699, 0.55, 0.0, -0.049699, 0.998764, -0.0, 0.0, 0.0, 0.0, 1.0],
                [1.0, 0.0, 0.0, -0.0, -0.0, 0.999332, 0.036543, 0.55, -0.0, -0.036543, 0.999332, 0.0, 0.0, 0.0, 0.0, 1.0],
                [1.0, 0.0, 0.0, -0.0, -0.0, 0.999723, 0.023526, 0.55, -0.0, -0.023526, 0.999723, 0.0, 0.0, 0.0, 0.0, 1.0],
                [1.0, 0.0, 0.0, -0.0, -0.0, 0.99994, 0.010946, 0.55, -0.0, -0.010946, 0.99994, -0.0, 0.0, 0.0, 0.0, 1.0],
                [1.0, 0.0, 0.0, -0.0, -0.0, 1.0, -0.000904, 0.55, -0.0, 0.000904, 1.0, 0.0, 0.0, 0.0, 0.0, 1.0],
                [1.0, 0.0, 0.0, -0.0, -0.0, 0.999931, -0.011729, 0.55, -0.0, 0.011729, 0.999931, 0.0, 0.0, 0.0, 0.0, 1.0],
                [1.0, 0.0, 0.0, -0.0, -0.0, 0.999775, -0.021236, 0.55, -0.0, 0.021236, 0.999775, 0.0, 0.0, 0.0, 0.0, 1.0],
                [1.0, 0.0, 0.0, -0.0, -0.0, 0.999575, -0.029136, 0.55, -0.0, 0.029136, 0.999575, 0.0, 0.0, 0.0, 0.0, 1.0],
                [1.0, 0.0, 0.0, 0.0, -0.0, 0.999383, -0.035136, 0.55, -0.0, 0.035136, 0.999383, 0.0, 0.0, 0.0, 0.0, 1.0],
                [1.0, 0.0, -0.0, -0.0, -0.0, 0.999241, -0.038949, 0.55, -0.0, 0.038949, 0.999241, 0.0, 0.0, 0.0, 0.0, 1.0],
                [1.0, 0.0, 0.0, 0.0, -0.0, 0.999188, -0.040285, 0.55, -0.0, 0.040285, 0.999188, 0.0, 0.0, 0.0, 0.0, 1.0]
            ]
        },
        {
            "name": "Chest_Upper",
            "time": [0.0, 0.0417, 0.0833, 0.125, 0.1667, 0.2083, 0.25, 0.2917, 0.3333, 0.375, 0.4167, 0.4583, 0.5, 0.5417, 0.5833, 0.625, 0.6667, 0.7083, 0.75, 0.7917, 0.8333, 0.875, 0.9167, 0.9583, 1.0, 1.0417, 1.0833, 1.125, 1.1667, 1.2083, 1.25, 1.2917, 1.3333, 1.375, 1.4167, 1.4583, 1.5, 1.5417, 1.5833, 1.625, 1.6667, 1.7083, 1.75, 1.7917, 1.8333, 1.875],
            "transform": [
                [1.0, -0.0, 0.0, -0.0, -0.0, 0.996195, 0.087156, 0.5, -0.0, -0.087156, 0.996195, -0.0, 0.0, 0.0, 0.0, 1.0],
                [1.0, -0.0, 0.0, -0.0, -0.0, 0.996343, 0.085446, 0.5, -0.0, -0.085446, 0.996343, 0.0, 0.0, 0.0, 0.0, 1.0],
                [1.0, -0.0, 0.0, -0.0, -0.0, 0.996737, 0.080716, 0.5, -0.0, -0.080716, 0.996737, 0.0, 0.0, 0.0, 0.0, 1.0],
                [1.0, -0.0, 0.0, 0.0, -0.0, 0.99729, 0.073567, 0.5, -0.0, -0.073567, 0.99729, 0.0, 0.0, 0.0, 0.0, 1.0],
                [1.0, -0.0, 0.0, 0.0, -0.0, 0.997911, 0.064599, 0.5, -0.0, -0.064599, 0.997911, -0.0, 0.0, 0.0, 0.0, 1.0],
                [1.0, -0.0, 0.0, 0.0, -0.0, 0.998518, 0.054415, 0.5, -0.0, -0.054415, 0.998518, 0.0, 0.0, 0.0, 0.0, 1.0],
                [1.0, 0.0, 0.0, 0.0, -0.0, 0.999048, 0.043619, 0.5, -0.0, -0.043619, 0.999048, 0.0, 0.0, 0.0, 0.0, 1.0],
                [1.0, 0.0, 0.0, 0.0, -0.0, 0.999461, 0.032818, 0.5, -0.0, -0.032818, 0.999461, -0.0, 0.0, 0.0, 0.0, 1.0],
                [1.0, 0.0, 0.0, 0.0, -0.0, 0.999744, 0.02262, 0.5, -0.0, -0.02262, 0.999744, 0.0, 0.0, 0.0, 0.0, 1.0],
                [1.0, 0.0, 0.0, -0.0, -0.0, 0.999907, 0.013632, 0.5, -0.0, -0.013632, 0.999907, -0.0, 0.0, 0.0, 0.0, 1.0],
                [1.0, 0.0, 0.0, 0.0, -0.0, 0.999979, 0.006462, 0.5, -0.0, -0.006462, 0.999979, 0.0, 0.0, 0.0, 0.0, 1.0],
                [1.0, 0.0, 0.0, 0.0, -0.0, 0.999998, 0.001717, 0.5, -0.0, -0.001717, 0.999998, 0.0, 0.0, 0.0, 0.0, 1.0],
                [1.0, 0.0, 0.0, -0.0, -0.0, 1.0, -0.0, 0.5, -0.0, 0.0, 1.0, -0.0, 0.0, 0.0, 0.0, 1.0],
                [1.0, 0.0, 0.0, 0.0, -0.0, 1.0, -0.0, 0.5, -0.0, 0.0, 1.0, 0.0, 0.0, 0.0, 0.0, 1.0],
                [1.0, 0.0, 0.0, 0.0, -0.0, 1.0, -0.0, 0.5, -0.0, 0.0, 1.0, -0.0, 0.0, 0.0, 0.0, 1.0],
                [1.0, 0.0, 0.0, -0.0, -0.0, 1.0, -0.0, 0.5, -0.0, 0.0, 1.0, 0.0, 0.0, 0.0, 0.0, 1.0],
                [1.0, 0.0, 0.0, -0.0, -0.0, 1.0, -0.0, 0.5, -0.0, 0.0, 1.0, 0.0, 0.0, 0.0, 0.0, 1.0],
                [1.0, 0.0, 0.0, 0.0, -0.0, 1.0, -0.0, 0.5, -0.0, 0.0, 1.0, -0.0, 0.0, 0.0, 0.0, 1.0],
                [1.0, 0.0, 0.0, -0.0, -0.0, 1.0, -0.0, 0.5, -0.0, 0.0, 1.0, 0.0, 0.0, 0.0, 0.0, 1.0],
                [1.0, 0.0, 0.0, -0.0, -0.0, 1.0, -0.0, 0.5, -0.0, 0.0, 1.0, -0.0, 0.0, 0.0, 0.0, 1.0],
                [1.0, 0.0, 0.0, 0.0, -0.0, 1.0, -0.0, 0.5, -0.0, 0.0, 1.0, -0.0, 0.0, 0.0, 0.0, 1.0],
                [1.0, 0.0, 0.0, -0.0, -0.0, 1.0, -0.0, 0.5, -0.0, 0.0, 1.0, 0.0, 0.0, 0.0, 0.0, 1.0],
                [1.0, 0.0, 0.0, -0.0, -0.0, 1.0, -0.0, 0.5, -0.0, 0.0, 1.0, 0.0, 0.0, 0.0, 0.0, 1.0],
                [1.0, 0.0, 0.0, -0.0, -0.0, 1.0, -0.0, 0.5, -0.0, 0.0, 1.0, 0.0, 0.0, 0.0, 0.0, 1.0],
                [1.0, 0.0, 0.0, 0.0, -0.0, 1.0, -0.0, 0.5, -0.0, 0.0, 1.0, 0.0, 0.0, 0.0, 0.0, 1.0],
                [1.0, 0.0, 0.0, 0.0, -0.0, 1.0, -0.0, 0.5, -0.0, 0.0, 1.0, 0.0, 0.0, 0.0, 0.0, 1.0],
                [1.0, 0.0, 0.0, -0.0, -0.0, 1.0, -0.0, 0.5, -0.0, 0.0, 1.0, -0.0, 0.0, 0.0, 0.0, 1.0],
                [1.0, 0.0, 0.0, 0.0, -0.0, 1.0, -0.0, 0.5, -0.0, 0.0, 1.0, 0.0, 0.0, 0.0, 0.0, 1.0],
                [1.0, 0.0, 0.0, 0.0, -0.0, 1.0, -0.0, 0.5, -0.0, 0.0, 1.0, -0.0, 0.0, 0.0, 0.0, 1.0],
                [1.0, 0.0, 0.0, -0.0, -0.0, 1.0, -0.0, 0.5, -0.0, 0.0, 1.0, -0.0, 0.0, 0.0, 0.0, 1.0],
                [1.0, 0.0, 0.0, 0.0, -0.0, 1.0, -0.0, 0.5, -0.0, 0.0, 1.0, 0.0, 0.0, 0.0, 0.0, 1.0],
                [1.0, 0.0, 0.0, 0.0, -0.0, 1.0, -0.0, 0.5, -0.0, 0.0, 1.0, -0.0, 0.0, 0.0, 0.0, 1.0],
                [1.0, 0.0, 0.0, 0.0, -0.0, 1.0, -0.0, 0.5, -0.0, 0.0, 1.0, -0.0, 0.0, 0.0, 0.0, 1.0],
                [1.0, -0.0, 0.0, 0.0, 0.0, 1.0, 0.0, 0.5, 0.0, 0.0, 1.0, -0.0, 0.0, 0.0, 0.0, 1.0],
                [1.0, 0.0, 0.0, -0.0, -0.0, 0.999999, 0.001717, 0.5, -0.0, -0.001717, 0.999999, -0.0, 0.0, 0.0, 0.0, 1.0],
                [1.0, 0.0, -0.0, -0.0, 0.0, 0.999979, 0.006463, 0.5, -0.0, -0.006463, 0.999979, -0.0, 0.0, 0.0, 0.0, 1.0],
                [1.0, 0.0, 0.0, 0.0, -0.0, 0.999907, 0.013632, 0.5, -0.0, -0.013632, 0.999907, -0.0, 0.0, 0.0, 0.0, 1.0],
                [1.0, -0.0, -0.0, 0.0, -0.0, 0.999744, 0.02262, 0.5, 0.0, -0.02262, 0.999744, -0.0, 0.0, 0.0, 0.0, 1.0],
                [1.0, 0.0, -0.0, -0.0, 0.0, 0.999461, 0.032818, 0.5, 0.0, -0.032818, 0.999461, -0.0, 0.0, 0.0, 0.0, 1.0],
                [1.0, 0.0, -0.0, -0.0, -0.0, 0.999048, 0.043619, 0.5, -0.0, -0.043619, 0.999048, -0.0, 0.0, 0.0, 0.0, 1.0],
                [1.0, 0.0, 0.0, -0.0, -0.0, 0.998518, 0.054415, 0.5, 0.0, -0.054415, 0.998518, 0.0, 0.0, 0.0, 0.0, 1.0],
                [1.0, -0.0, -0.0, -0.0, -0.0, 0.997911, 0.064599, 0.5, -0.0, -0.064599, 0.997911, -0.0, 0.0, 0.0, 0.0, 1.0],
                [1.0, 0.0, -0.0, 0.0, 0.0, 0.99729, 0.073567, 0.5, 0.0, -0.073567, 0.99729, 0.0, 0.0, 0.0, 0.0, 1.0],
                [1.0, 0.0, -0.0, -0.0, 0.0, 0.996737, 0.080716, 0.5, -0.0, -0.080716, 0.996737, 0.0, 0.0, 0.0, 0.0, 1.0],
                [1.0, 0.0, 0.0, 0.0, -0.0, 0.996343, 0.085446, 0.5, 0.0, -0.085446, 0.996343, -0.0, 0.0, 0.0, 0.0, 1.0],
                [1.0, -0.0, 0.0, -0.0, -0.0, 0.996195, 0.087156, 0.5, -0.0, -0.087156, 0.996195, -0.0, 0.0, 0.0, 0.0, 1.0]
            ]
        },
        {
            "name": "Head",
            "time": [0.0, 0.0417, 0.0833, 0.125, 0.1667, 0.2083, 0.25, 0.2917, 0.3333, 0.375, 0.4167, 0.4583, 0.5, 0.5417, 0.5833, 0.625, 0.6667, 0.7083, 0.75, 0.7917, 0.8333, 0.875, 0.9167, 0.9583, 1.0, 1.0417, 1.0833, 1.125, 1.1667, 1.2083, 1.25, 1.2917, 1.3333, 1.375, 1.4167, 1.4583, 1.5, 1.5417, 1.5833, 1.625, 1.6667, 1.7083, 1.75, 1.7917, 1.8333, 1.875],
            "transform": [
                [1.0, -4.2e-05, -0.000153, 0.0, 2.5e-05, 0.993872, -0.110536, 0.4, 0.000157, 0.110536, 0.993872, -0.0, 0.0, 0.0, 0.0, 1.0],
                [1.0, -4.2e-05, -0.000153, -0.0, 2.5e-05, 0.994011, -0.10928, 0.4, 0.000157, 0.10928, 0.994011, -0.0, 0.0, 0.0, 0.0, 1.0],
                [1.0, -4.2e-05, -0.000153, 0.0, 2.5e-05, 0.9944, -0.105684, 0.4, 0.000157, 0.105684, 0.9944, -0.0, 0.0, 0.0, 0.0, 1.0],
                [1.0, -4.2e-05, -0.000153, -0.0, 2.6e-05, 0.994987, -0.100003, 0.4, 0.000157, 0.100003, 0.994987, 0.0, 0.0, 0.0, 0.0, 1.0],
                [1.0, -4.2e-05, -0.000153, 0.0, 2.7e-05, 0.995713, -0.092495, 0.4, 0.000157, 0.092495, 0.995713, -0.0, 0.0, 0.0, 0.0, 1.0],
                [1.0, -4.2e-05, -0.000153, -0.0, 2.9e-05, 0.996515, -0.083415, 0.4, 0.000156, 0.083415, 0.996515, 0.0, 0.0, 0.0, 0.0, 1.0],
                [1.0, -4.2e-05, -0.000153, 0.0, 3e-05, 0.997331, -0.07302, 0.4, 0.000156, 0.07302, 0.997331, 0.0, 0.0, 0.0, 0.0, 1.0],
                [1.0, -4.2e-05, -0.000153, 0.0, 3.2e-05, 0.998103, -0.061569, 0.4, 0.000156, 0.061569, 0.998103, -0.0, 0.0, 0.0, 0.0, 1.0],
                [1.0, -4.2e-05, -0.000153, 0.0, 3.4e-05, 0.998783, -0.049322, 0.4, 0.000155, 0.049322, 0.998783, -0.0, 0.0, 0.0, 0.0, 1.0],
                [1.0, -4.2e-05, -0.000153, -0.0, 3.6e-05, 0.999332, -0.036542, 0.4, 0.000155, 0.036542, 0.999332, -0.0, 0.0, 0.0, 0.0, 1.0],
                [1.0, -4.2e-05, -0.000153, 0.0, 3.8e-05, 0.999724, -0.023494, 0.4, 0.000154, 0.023494, 0.999724, -0.0, 0.0, 0.0, 0.0, 1.0],
                [1.0, -4.2e-05, -0.000153, 0.0, 4e-05, 0.999946, -0.010441, 0.4, 0.000154, 0.010441, 0.999946, 0.0, 0.0, 0.0, 0.0, 1.0],
                [1.0, -4.2e-05, -0.000153, -0.0, 4.2e-05, 0.999997, 0.00235, 0.4, 0.000153, -0.00235, 0.999997, 0.0, 0.0, 0.0, 0.0, 1.0],
                [1.0, -4.2e-05, -0.000153, 0.0, 4.4e-05, 0.999893, 0.014615, 0.4, 0.000153, -0.014615, 0.999893, -0.0, 0.0, 0.0, 0.0, 1.0],
                [1.0, -4.2e-05, -0.000153, -0.0, 4.6e-05, 0.99966, 0.02609, 0.4, 0.000152, -0.02609, 0.99966, 0.0, 0.0, 0.0, 0.0, 1.0],
                [1.0, -4.2e-05, -0.000153, -0.0, 4.7e-05, 0.999333, 0.036512, 0.4, 0.000152, -0.036512, 0.999333, 0.0, 0.0, 0.0, 0.0, 1.0],
                [1.0, -4.2e-05, -0.000153, 0.0, 4.9e-05, 0.998959, 0.045619, 0.4, 0.000151, -0.045619, 0.998959, 0.0, 0.0, 0.0, 0.0, 1.0],
                [1.0, -4.2e-05, -0.000153, 0.0, 5e-05, 0.998586, 0.053154, 0.4, 0.000151, -0.053154, 0.998586, 0.0, 0.0, 0.0, 0.0, 1.0],
                [1.0, -4.2e-05, -0.000153, 0.0, 5.1e-05, 0.998267, 0.058855, 0.4, 0.000151, -0.058855, 0.998267, -0.0, 0.0, 0.0, 0.0, 1.0],
                [1.0, -4.2e-05, -0.000153, 0.0, 5.1e-05, 0.998047, 0.062466, 0.4, 0.00015, -0.062466, 0.998047, -0.0, 0.0, 0.0, 0.0, 1.0],
                [1.0, -4.2e-05, -0.000153, 0.0, 5.1e-05, 0.997968, 0.063727, 0.4, 0.00015, -0.063727, 0.997968, -0.0, 0.0, 0.0, 0.0, 1.0],
                [1.0, -4.2e-05, -0.000153, -0.0, 5.1e-05, 0.998179, 0.060318, 0.4, 0.000151, -0.060318, 0.998179, -0.0, 0.0, 0.0, 0.0, 1.0],
                [1.0, -4.2e-05, -0.000153, -0.0, 5e-05, 0.998702, 0.050925, 0.4, 0.000151, -0.050925, 0.998702, -0.0, 0.0, 0.0, 0.0, 1.0],
                [1.0, -4.2e-05, -0.000153, 0.0, 4.7e-05, 0.999323, 0.036795, 0.4, 0.000152, -0.036795, 0.999323, -0.0, 0.0, 0.0, 0.0, 1.0],
                [1.0, -4.2e-05, -0.000153, 0.0, 4.5e-05, 0.999816, 0.019182, 0.4, 0.000153, -0.019182, 0.999816, 0.0, 0.0, 0.0, 0.0, 1.0],
                [1.0, -4.2e-05, -0.000153, 0.0, 4.2e-05, 1.0, -0.000652, 0.4, 0.000153, 0.000652, 1.0, 0.0, 0.0, 0.0, 0.0, 1.0],
                [1.0, -4.2e-05, -0.000153, 0.0, 3.8e-05, 0.99977, -0.021433, 0.4, 0.000154, 0.021433, 0.99977, 0.0, 0.0, 0.0, 0.0, 1.0],
                [1.0, -4.2e-05, -0.000153, 0.0, 3.5e-05, 0.999123, -0.041882, 0.4, 0.000155, 0.041882, 0.999123, -0.0, 0.0, 0.0, 0.0, 1.0],
                [1.0, -4.2e-05, -0.000153, 0.0, 3.2e-05, 0.998155, -0.060723, 0.4, 0.000156, 0.060723, 0.998155, 0.0, 0.0, 0.0, 0.0, 1.0],
                [1.0, -4.2e-05, -0.000153, -0.0, 3e-05, 0.997055, -0.076688, 0.4, 0.000156, 0.076688, 0.997055, 0.0, 0.0, 0.0, 0.0, 1.0],
                [1.0, -4.2e-05, -0.000153, -0.0, 2.8e-05, 0.996074, -0.088522, 0.4, 0.000156, 0.088522, 0.996074, 0.0, 0.0, 0.0, 0.0, 1.0],
                [1.0, -4.2e-05, -0.000153, 0.0, 2.7e-05, 0.995479, -0.094977, 0.4, 0.000157, 0.094977, 0.995479, 0.0, 0.0, 0.0, 0.0, 1.0],
                [1.0, -4.2e-05, -0.000153, 0.0, 2.7e-05, 0.995178, -0.098092, 0.4, 0.000157, 0.098092, 0.995178, -0.0, 0.0, 0.0, 0.0, 1.0],
                [1.0, -4.2e-05, -0.000153, -0.0, 2.6e-05, 0.994911, -0.100761, 0.4, 0.000157, 0.100761, 0.994911, -0.0, 0.0, 0.0, 0.0, 1.0],
                [1.0, -4.2e-05, -0.000153, -0.0, 2.6e-05, 0.99468, -0.103017, 0.4, 0.000157, 0.103017, 0.99468, 0.0, 0.0, 0.0, 0.0, 1.0],
                [1.0, -4.2e-05, -0.000153, 0.0, 2.5e-05, 0.994483, -0.104896, 0.4, 0.000157, 0.104896, 0.994483, 0.0, 0.0, 0.0, 0.0, 1.0],
                [1.0, -4.2e-05, -0.000153, 0.0, 2.5e-05, 0.99432, -0.106432, 0.4, 0.000157, 0.106432, 0.99432, -0.0, 0.0, 0.0, 0.0, 1.0],
                [1.0, -4.2e-05, -0.000153, 0.0, 2.5e-05, 0.994188, -0.107661, 0.4, 0.000157, 0.107661, 0.994188, -0.0, 0.0, 0.0, 0.0, 1.0],
                [1.0, -4.2e-05, -0.000153, -0.0, 2.5e-05, 0.994084, -0.108615, 0.4, 0.000157, 0.108615, 0.994084, 0.0, 0.0, 0.0, 0.0, 1.0],
                [1.0, -4.2e-05, -0.000153, -0.0, 2.5e-05, 0.994005, -0.109331, 0.4, 0.000157, 0.109331, 0.994005, 0.0, 0.0, 0.0, 0.0, 1.0],
                [1.0, -4.2e-05, -0.000153, -0.0, 2.5e-05, 0.993949, -0.109843, 0.4, 0.000157, 0.109843, 0.993949, -0.0, 0.0, 0.0, 0.0, 1.0],
                [1.0, -4.2e-05, -0.000153, -0.0, 2.5e-05, 0.993911, -0.110184, 0.4, 0.000157, 0.110184, 0.993911, 0.0, 0.0, 0.0, 0.0, 1.0],
                [1.0, -4.2e-05, -0.000153, -0.0, 2.5e-05, 0.993888, -0.11039, 0.4, 0.000157, 0.11039, 0.993888, 0.0, 0.0, 0.0, 0.0, 1.0],
                [1.0, -4.2e-05, -0.000153, 0.0, 2.5e-05, 0.993877, -0.110494, 0.4, 0.000157, 0.110494, 0.993877, 0.0, 0.0, 0.0, 0.0, 1.0],
                [1.0, -4.2e-05, -0.000153, -0.0, 2.5e-05, 0.993873, -0.110531, 0.4, 0.000157, 0.110531, 0.993873, -0.0, 0.0, 0.0, 0.0, 1.0],
                [1.0, -4.2e-05, -0.000153, 0.0, 2.5e-05, 0.993872, -0.110536, 0.4, 0.000157, 0.110536, 0.993872, -0.0, 0.0, 0.0, 0.0, 1.0]
            ]
        },
        {
            "name": "Snout",
            "time": [0.0, 0.0417, 0.0833, 0.125, 0.1667, 0.2083, 0.25, 0.2917, 0.3333, 0.375, 0.4167, 0.4583, 0.5, 0.5417, 0.5833, 0.625, 0.6667, 0.7083, 0.75, 0.7917, 0.8333, 0.875, 0.9167, 0.9583, 1.0, 1.0417, 1.0833, 1.125, 1.1667, 1.2083, 1.25, 1.2917, 1.3333, 1.375, 1.4167, 1.4583, 1.5, 1.5417, 1.5833, 1.625, 1.6667, 1.7083, 1.75, 1.7917, 1.8333, 1.875],
            "transform": [
                [1.0, 0.0, 0.0, -0.0, -0.0, 1.0, -0.0, 0.6, 0.0, -0.0, 1.0, -0.12984, 0.0, 0.0, 0.0, 1.0],
                [1.0, 0.0, 0.0, 0.0, -0.0, 1.0, 0.0, 0.6, -0.0, -0.0, 1.0, -0.12984, 0.0, 0.0, 0.0, 1.0],
                [1.0, 0.0, -0.0, 0.0, -0.0, 1.0, 0.0, 0.6, -0.0, -0.0, 1.0, -0.12984, 0.0, 0.0, 0.0, 1.0],
                [1.0, 0.0, 0.0, 0.0, 0.0, 1.0, 0.0, 0.6, -0.0, -0.0, 1.0, -0.12984, 0.0, 0.0, 0.0, 1.0],
                [1.0, 0.0, -0.0, -0.0, -0.0, 1.0, 0.0, 0.6, -0.0, -0.0, 1.0, -0.129841, 0.0, 0.0, 0.0, 1.0],
                [1.0, -0.0, 0.0, 0.0, -0.0, 1.0, 0.0, 0.6, 0.0, -0.0, 1.0, -0.12984, 0.0, 0.0, 0.0, 1.0],
                [1.0, 0.0, 0.0, 0.0, -0.0, 1.0, 0.0, 0.6, -0.0, -0.0, 1.0, -0.12984, 0.0, 0.0, 0.0, 1.0],
                [1.0, 0.0, 0.0, -0.0, -0.0, 1.0, 0.0, 0.6, 0.0, -0.0, 1.0, -0.12984, 0.0, 0.0, 0.0, 1.0],
                [1.0, 0.0, 0.0, -0.0, -0.0, 1.0, 0.0, 0.6, -0.0, -0.0, 1.0, -0.12984, 0.0, 0.0, 0.0, 1.0],
                [1.0, -0.0, -0.0, -0.0, -0.0, 1.0, 0.0, 0.6, 0.0, -0.0, 1.0, -0.12984, 0.0, 0.0, 0.0, 1.0],
                [1.0, -0.0, -0.0, -0.0, 0.0, 1.0, 0.0, 0.6, 0.0, -0.0, 1.0, -0.12984, 0.0, 0.0, 0.0, 1.0],
                [1.0, 0.0, 0.0, 0.0, -0.0, 1.0, 0.0, 0.6, 0.0, -0.0, 1.0, -0.12984, 0.0, 0.0, 0.0, 1.0],
                [1.0, -0.0, -0.0, -0.0, -0.0, 1.0, 0.0, 0.6, 0.0, -0.0, 1.0, -0.12984, 0.0, 0.0, 0.0, 1.0],
                [1.0, 0.0, 0.0, 0.0, -0.0, 1.0, 0.0, 0.6, 0.0, -0.0, 1.0, -0.12984, 0.0, 0.0, 0.0, 1.0],
                [1.0, 0.0, -0.0, 0.0, 0.0, 1.0, 0.0, 0.6, 0.0, 0.0, 1.0, -0.12984, 0.0, 0.0, 0.0, 1.0],
                [1.0, 0.0, 0.0, 0.0, -0.0, 1.0, 0.0, 0.6, -0.0, 0.0, 1.0, -0.12984, 0.0, 0.0, 0.0, 1.0],
                [1.0, -0.0, -0.0, 0.0, -0.0, 1.0, -0.0, 0.6, -0.0, -0.0, 1.0, -0.12984, 0.0, 0.0, 0.0, 1.0],
                [1.0, 0.0, 0.0, 0.0, -0.0, 1.0, 0.0, 0.6, -0.0, 0.0, 1.0, -0.12984, 0.0, 0.0, 0.0, 1.0],
                [1.0, 0.0, 0.0, 0.0, -0.0, 1.0, -0.0, 0.6, 0.0, -0.0, 1.0, -0.12984, 0.0, 0.0, 0.0, 1.0],
                [1.0, -0.0, 0.0, -0.0, -0.0, 1.0, -0.0, 0.6, -0.0, 0.0, 1.0, -0.12984, 0.0, 0.0, 0.0, 1.0],
                [1.0, -0.0, -0.0, 0.0, 0.0, 1.0, -0.0, 0.6, 0.0, -0.0, 1.0, -0.12984, 0.0, 0.0, 0.0, 1.0],
                [1.0, -0.0, 0.0, -0.0, -0.0, 1.0, -0.0, 0.6, -0.0, -0.0, 1.0, -0.12984, 0.0, 0.0, 0.0, 1.0],
                [1.0, 0.0, 0.0, 0.0, -0.0, 1.0, -0.0, 0.6, 0.0, -0.0, 1.0, -0.12984, 0.0, 0.0, 0.0, 1.0],
                [1.0, 0.0, 0.0, 0.0, -0.0, 1.0, -0.0, 0.6, 0.0, -0.0, 1.0, -0.12984, 0.0, 0.0, 0.0, 1.0],
                [1.0, 0.0, 0.0, -0.0, -0.0, 1.0, -0.0, 0.6, -0.0, -0.0, 1.0, -0.12984, 0.0, 0.0, 0.0, 1.0],
                [1.0, -0.0, 0.0, 0.0, -0.0, 1.0, -0.0, 0.6, -0.0, -0.0, 1.0, -0.12984, 0.0, 0.0, 0.0, 1.0],
                [1.0, -0.0, 0.0, 0.0, -0.0, 1.0, -0.0, 0.6, -0.0, -0.0, 1.0, -0.12984, 0.0, 0.0, 0.0, 1.0],
                [1.0, 0.0, 0.0, -0.0, -0.0, 1.0, -0.0, 0.6, 0.0, 0.0, 1.0, -0.12984, 0.0, 0.0, 0.0, 1.0],
                [1.0, 0.0, 0.0, 0.0, -0.0, 1.0, 0.0, 0.6, -0.0, -0.0, 1.0, -0.12984, 0.0, 0.0, 0.0, 1.0],
                [1.0, -0.0, 0.0, -0.0, -0.0, 1.0, 0.0, 0.6, 0.0, 0.0, 1.0, -0.12984, 0.0, 0.0, 0.0, 1.0],
                [1.0, -0.0, 0.0, 0.0, 0.0, 1.0, 0.0, 0.6, 0.0, -0.0, 1.0, -0.12984, 0.0, 0.0, 0.0, 1.0],
                [1.0, 0.0, 0.0, -0.0, 0.0, 1.0, 0.0, 0.6, 0.0, -0.0, 1.0, -0.12984, 0.0, 0.0, 0.0, 1.0],
                [1.0, 0.0, 0.0, 0.0, -0.0, 1.0, 0.0, 0.6, -0.0, -0.0, 1.0, -0.12984, 0.0, 0.0, 0.0, 1.0],
                [1.0, 0.0, -0.0, -0.0, -0.0, 1.0, 0.0, 0.6, -0.0, -0.0, 1.0, -0.12984, 0.0, 0.0, 0.0, 1.0],
