{
    "animation": [
        {
            "name": "Root",
            "time": [0.0, 0.0417, 0.0833, 0.125, 0.1667, 0.2083, 0.25, 0.2917, 0.3333, 0.375, 0.4167, 0.4583, 0.5, 0.5417, 0.5833, 0.625, 0.6667, 0.7083, 0.75, 0.7917, 0.8333, 0.875],
            "transform": [
                [1.0, 0.0, 0.0, 0.0, 0.0, 1.0, -1e-06, -1.0, 0.0, 1e-06, 1.0, 1.1, 0.0, 0.0, 0.0, 1.0],
                [1.0, 0.0, 0.0, 0.0, 0.0, 1.0, -1e-06, -0.90407, 0.0, 1e-06, 1.0, 1.1, 0.0, 0.0, 0.0, 1.0],
                [1.0, 0.0, 0.0, 0.0, 0.0, 1.0, -1e-06, -0.664247, 0.0, 1e-06, 1.0, 1.1, 0.0, 0.0, 0.0, 1.0],
                [1.0, 0.0, 0.0, 0.0, 0.0, 1.0, -1e-06, -0.352476, 0.0, 1e-06, 1.0, 1.1, 0.0, 0.0, 0.0, 1.0],
                [1.0, 0.0, 0.0, 0.0, 0.0, 1.0, -1e-06, -0.040704, 0.0, 1e-06, 1.0, 1.1, 0.0, 0.0, 0.0, 1.0],
                [1.0, 0.0, 0.0, 0.0, 0.0, 1.0, -1e-06, 0.199119, 0.0, 1e-06, 1.0, 1.1, 0.0, 0.0, 0.0, 1.0],
                [1.0, 0.0, 0.0, 0.0, 0.0, 1.0, -1e-06, 0.295049, 0.0, 1e-06, 1.0, 1.1, 0.0, 0.0, 0.0, 1.0],
                [1.0, 0.0, 0.0, 0.0, 0.0, 1.0, -1e-06, 0.295049, 0.0, 1e-06, 1.0, 1.1, 0.0, 0.0, 0.0, 1.0],
                [1.0, 0.0, 0.0, 0.0, 0.0, 1.0, -1e-06, 0.295049, 0.0, 1e-06, 1.0, 1.1, 0.0, 0.0, 0.0, 1.0],
                [1.0, 0.0, 0.0, 0.0, 0.0, 1.0, -1e-06, 0.295049, 0.0, 1e-06, 1.0, 1.1, 0.0, 0.0, 0.0, 1.0],
                [1.0, 0.0, 0.0, 0.0, 0.0, 1.0, -1e-06, 0.295049, 0.0, 1e-06, 1.0, 1.1, 0.0, 0.0, 0.0, 1.0],
                [1.0, 0.0, 0.0, 0.0, 0.0, 1.0, -1e-06, 0.295049, 0.0, 1e-06, 1.0, 1.1, 0.0, 0.0, 0.0, 1.0],
                [1.0, 0.0, 0.0, 0.0, 0.0, 1.0, -1e-06, 0.295049, 0.0, 1e-06, 1.0, 1.1, 0.0, 0.0, 0.0, 1.0],
                [1.0, 0.0, 0.0, 0.0, 0.0, 1.0, -1e-06, 0.295049, 0.0, 1e-06, 1.0, 1.1, 0.0, 0.0, 0.0, 1.0],
                [1.0, 0.0, 0.0, 0.0, 0.0, 1.0, -1e-06, 0.295049, 0.0, 1e-06, 1.0, 1.1, 0.0, 0.0, 0.0, 1.0],
                [1.0, 0.0, 0.0, 0.0, 0.0, 1.0, -1e-06, 0.295049, 0.0, 1e-06, 1.0, 1.1, 0.0, 0.0, 0.0, 1.0],
                [1.0, 0.0, 0.0, 0.0, 0.0, 1.0, -1e-06, 0.295049, 0.0, 1e-06, 1.0, 1.1, 0.0, 0.0, 0.0, 1.0],
                [1.0, 0.0, 0.0, 0.0, 0.0, 1.0, -1e-06, 0.295049, 0.0, 1e-06, 1.0, 1.100001, 0.0, 0.0, 0.0, 1.0],
                [1.0, 0.0, 0.0, 0.0, 0.0, 1.0, -1e-06, 0.295049, 0.0, 1e-06, 1.0, 1.100001, 0.0, 0.0, 0.0, 1.0],
                [1.0, 0.0, 0.0, 0.0, 0.0, 1.0, -1e-06, 0.295049, 0.0, 1e-06, 1.0, 1.100001, 0.0, 0.0, 0.0, 1.0],
                [1.0, 0.0, 0.0, 0.0, 0.0, 1.0, -1e-06, 0.295049, 0.0, 1e-06, 1.0, 1.100001, 0.0, 0.0, 0.0, 1.0],
                [1.0, 0.0, 0.0, 0.0, 0.0, 1.0, -1e-06, 0.295049, 0.0, 1e-06, 1.0, 1.100001, 0.0, 0.0, 0.0, 1.0]
            ]
        },
        {
            "name": "Torso",
            "time": [0.0, 0.0417, 0.0833, 0.125, 0.1667, 0.2083, 0.25, 0.2917, 0.3333, 0.375, 0.4167, 0.4583, 0.5, 0.5417, 0.5833, 0.625, 0.6667, 0.7083, 0.75, 0.7917, 0.8333, 0.875],
            "transform": [
                [1.0, -0.0, -0.0, 0.0, 0.0, 0.99955, 0.030012, 0.2, -0.0, -0.030012, 0.99955, 0.0, 0.0, 0.0, 0.0, 1.0],
                [1.0, -0.0, 0.0, 0.0, 0.0, 0.999455, -0.033005, 0.2, 0.0, 0.033005, 0.999455, -0.0, 0.0, 0.0, 0.0, 1.0],
                [1.0, -0.0, 0.0, 0.0, 0.0, 0.981311, -0.19243, 0.2, 0.0, 0.19243, 0.981311, 0.0, 0.0, 0.0, 0.0, 1.0],
                [1.0, -0.0, 0.0, 0.0, 0.0, 0.918583, -0.395228, 0.2, 0.0, 0.395228, 0.918583, -0.0, 0.0, 0.0, 0.0, 1.0],
                [1.0, -0.0, 0.0, 0.0, 0.0, 0.814462, -0.580216, 0.2, 0.0, 0.580216, 0.814462, 0.0, 0.0, 0.0, 0.0, 1.0],
                [1.0, -0.0, 0.0, 0.0, 0.0, 0.71118, -0.70301, 0.2, 0.0, 0.70301, 0.71118, 0.0, 0.0, 0.0, 0.0, 1.0],
                [1.0, -0.0, 0.0, 0.0, 0.0, 0.665488, -0.746408, 0.2, 0.0, 0.746408, 0.665488, -0.0, 0.0, 0.0, 0.0, 1.0],
                [1.0, -0.0, 0.0, 0.0, 0.0, 0.665488, -0.746408, 0.2, 0.0, 0.746408, 0.665488, -0.0, 0.0, 0.0, 0.0, 1.0],
                [1.0, -0.0, 0.0, 0.0, 0.0, 0.665488, -0.746408, 0.2, 0.0, 0.746408, 0.665488, -0.0, 0.0, 0.0, 0.0, 1.0],
                [1.0, -0.0, 0.0, 0.0, 0.0, 0.665488, -0.746408, 0.2, 0.0, 0.746408, 0.665488, -0.0, 0.0, 0.0, 0.0, 1.0],
                [1.0, -0.0, 0.0, 0.0, 0.0, 0.665488, -0.746408, 0.2, 0.0, 0.746408, 0.665488, -0.0, 0.0, 0.0, 0.0, 1.0],
                [1.0, -0.0, 0.0, 0.0, 0.0, 0.665488, -0.746408, 0.2, 0.0, 0.746408, 0.665488, -0.0, 0.0, 0.0, 0.0, 1.0],
                [1.0, -0.0, 0.0, 0.0, 0.0, 0.665488, -0.746408, 0.2, 0.0, 0.746408, 0.665488, -0.0, 0.0, 0.0, 0.0, 1.0],
                [1.0, -0.0, 0.0, 0.0, 0.0, 0.665488, -0.746408, 0.2, 0.0, 0.746408, 0.665488, -0.0, 0.0, 0.0, 0.0, 1.0],
                [1.0, -0.0, 0.0, 0.0, 0.0, 0.692255, -0.721653, 0.2, 0.0, 0.721653, 0.692255, -0.0, 0.0, 0.0, 0.0, 1.0],
                [1.0, -0.0, 0.0, 0.0, 0.0, 0.759132, -0.650937, 0.2, 0.0, 0.650937, 0.759132, -0.0, 0.0, 0.0, 0.0, 1.0],
                [1.0, -0.0, 0.0, 0.0, 0.0, 0.842567, -0.538592, 0.2, 0.0, 0.538592, 0.842567, -0.0, 0.0, 0.0, 0.0, 1.0],
                [1.0, -0.0, 0.0, 0.0, 0.0, 0.918583, -0.395228, 0.2, 0.0, 0.395228, 0.918583, -0.0, 0.0, 0.0, 0.0, 1.0],
                [1.0, -0.0, 0.0, 0.0, 0.0, 0.970411, -0.241457, 0.2, 0.0, 0.241457, 0.970411, -0.0, 0.0, 0.0, 0.0, 1.0],
                [1.0, -0.0, 0.0, 0.0, 0.0, 0.994616, -0.103628, 0.2, 0.0, 0.103628, 0.994616, -0.0, 0.0, 0.0, 0.0, 1.0],
                [1.0, -0.0, 0.0, 0.0, 0.0, 0.999979, -0.006445, 0.2, 0.0, 0.006445, 0.999979, -0.0, 0.0, 0.0, 0.0, 1.0],
                [1.0, -0.0, -0.0, 0.0, 0.0, 0.99955, 0.030012, 0.2, -0.0, -0.030012, 0.99955, -0.0, 0.0, 0.0, 0.0, 1.0]
            ]
        },
        {
            "name": "Torso_Upper",
            "time": [0.0, 0.0417, 0.0833, 0.125, 0.1667, 0.2083, 0.25, 0.2917, 0.3333, 0.375, 0.4167, 0.4583, 0.5, 0.5417, 0.5833, 0.625, 0.6667, 0.7083, 0.75, 0.7917, 0.8333, 0.875],
            "transform": [
                [1.0, -0.0, -0.0, -0.0, -0.0, 1.0, 0.0, 0.35, 0.0, -0.0, 1.0, -0.0, 0.0, 0.0, 0.0, 1.0],
                [0.983919, 0.005979, 0.178516, -0.0, -0.001938, 0.999738, -0.022804, 0.35, -0.178606, 0.022092, 0.983673, 0.0, 0.0, 0.0, 0.0, 1.0],
                [0.868725, 0.027466, 0.494533, -0.0, 0.005525, 0.997862, -0.065125, 0.35, -0.495264, 0.059308, 0.866716, 0.0, 0.0, 0.0, 0.0, 1.0],
                [0.766375, 0.043578, 0.640914, 0.0, 0.015134, 0.996195, -0.085832, 0.35, -0.642215, 0.075479, 0.762799, 0.0, 0.0, 0.0, 0.0, 1.0],
                [0.81534, 0.039662, 0.577622, 0.0, 0.011433, 0.996353, -0.084552, 0.35, -0.57887, 0.075543, 0.811913, 0.0, 0.0, 0.0, 0.0, 1.0],
                [0.911954, 0.029922, 0.409199, 0.0, 0.002933, 0.996836, -0.079429, 0.35, -0.410281, 0.073635, 0.908982, 0.0, 0.0, 0.0, 0.0, 1.0],
                [0.982395, 0.018442, 0.185901, 0.0, -0.005608, 0.997578, -0.069327, 0.35, -0.186729, 0.067064, 0.98012, 0.0, 0.0, 0.0, 0.0, 1.0],
                [0.999926, 0.00968, -0.007416, 0.0, -0.01008, 0.99838, -0.055995, 0.35, 0.006862, 0.056066, 0.998404, 0.0, 0.0, 0.0, 0.0, 1.0],
                [0.996168, 0.005691, -0.087277, 0.0, -0.009436, 0.999049, -0.042565, 0.35, 0.086952, 0.043226, 0.995274, 0.0, 0.0, 0.0, 0.0, 1.0],
                [0.996181, 0.004007, -0.087216, 0.0, -0.006645, 0.999529, -0.029973, 0.35, 0.087055, 0.030438, 0.995739, 0.0, 0.0, 0.0, 0.0, 1.0],
                [0.99619, 0.002459, -0.087178, 0.0, -0.004078, 0.999823, -0.018395, 0.35, 0.087118, 0.018681, 0.996023, 0.0, 0.0, 0.0, 0.0, 1.0],
                [0.996194, 0.001184, -0.087161, 0.0, -0.001964, 0.999959, -0.008857, 0.35, 0.087147, 0.008995, 0.996155, 0.0, 0.0, 0.0, 0.0, 1.0],
                [0.996195, 0.000319, -0.087156, 0.0, -0.000529, 0.999997, -0.002385, 0.35, 0.087155, 0.002422, 0.996192, 0.0, 0.0, 0.0, 0.0, 1.0],
                [0.996195, -0.0, -0.087156, 0.0, 0.0, 1.0, 0.0, 0.35, 0.087156, -0.0, 0.996195, 0.0, 0.0, 0.0, 0.0, 1.0],
                [0.996514, -0.0, -0.083421, -0.0, 0.0, 1.0, 0.0, 0.35, 0.083421, -0.0, 0.996514, 0.0, 0.0, 0.0, 0.0, 1.0],
                [0.99729, -0.0, -0.073567, 0.0, 0.0, 1.0, 0.0, 0.35, 0.073567, -0.0, 0.99729, 0.0, 0.0, 0.0, 0.0, 1.0],
                [0.998221, -0.0, -0.059622, 0.0, 0.0, 1.0, 0.0, 0.35, 0.059622, -0.0, 0.998221, 0.0, 0.0, 0.0, 0.0, 1.0],
                [0.999048, -0.0, -0.043619, 0.0, 0.0, 1.0, 0.0, 0.35, 0.043619, -0.0, 0.999048, 0.0, 0.0, 0.0, 0.0, 1.0],
                [0.999619, -0.0, -0.027606, 0.0, 0.0, 1.0, 0.0, 0.35, 0.027606, -0.0, 0.999619, -0.0, 0.0, 0.0, 0.0, 1.0],
                [0.999907, -0.0, -0.013632, -0.0, 0.0, 1.0, 0.0, 0.35, 0.013632, -0.0, 0.999907, -0.0, 0.0, 0.0, 0.0, 1.0],
                [0.999993, -0.0, -0.003749, 0.0, 0.0, 1.0, 0.0, 0.35, 0.003749, -0.0, 0.999993, -0.0, 0.0, 0.0, 0.0, 1.0],
                [1.0, -0.0, -0.0, -0.0, -0.0, 1.0, 0.0, 0.35, 0.0, -0.0, 1.0, -0.0, 0.0, 0.0, 0.0, 1.0]
            ]
        },
        {
            "name": "Chest",
            "time": [0.0, 0.0417, 0.0833, 0.125, 0.1667, 0.2083, 0.25, 0.2917, 0.3333, 0.375, 0.4167, 0.4583, 0.5, 0.5417, 0.5833, 0.625, 0.6667, 0.7083, 0.75, 0.7917, 0.8333, 0.875],
            "transform": [
                [1.0, 0.0, 0.0, 0.0, -0.0, 0.999188, -0.040285, 0.55, -0.0, 0.040285, 0.999188, 0.0, 0.0, 0.0, 0.0, 1.0],
                [0.995376, 0.0, 0.096055, 0.0, 0.00387, 0.999188, -0.040098, 0.55, -0.095977, 0.040285, 0.994568, -0.0, 0.0, 0.0, 0.0, 1.0],
                [0.981684, 0.0, 0.190515, 0.0, 0.007675, 0.999188, -0.039547, 0.55, -0.190361, 0.040285, 0.980887, 0.0, 0.0, 0.0, 0.0, 1.0],
                [0.98548, 0.0, 0.169794, 0.0, 0.00684, 0.999188, -0.0397, 0.55, -0.169656, 0.040285, 0.98468, -0.0, 0.0, 0.0, 0.0, 1.0],
                [0.993532, 0.0, 0.113553, -0.0, 0.004574, 0.999188, -0.040024, 0.55, -0.113461, 0.040285, 0.992725, 0.0, 0.0, 0.0, 0.0, 1.0],
                [0.999528, 0.0, 0.030728, 0.0, 0.001238, 0.999188, -0.040266, 0.55, -0.030703, 0.040285, 0.998716, 0.0, 0.0, 0.0, 0.0, 1.0],
                [0.997646, 0.0, -0.068576, 0.0, -0.002763, 0.999188, -0.04019, 0.55, 0.06852, 0.040285, 0.996836, -0.0, 0.0, 0.0, 0.0, 1.0],
                [0.984951, 0.0, -0.172836, -0.0, -0.006963, 0.999188, -0.039678, 0.55, 0.172696, 0.040285, 0.984151, 0.0, 0.0, 0.0, 0.0, 1.0],
                [0.962814, 0.0, -0.270165, -0.0, -0.010884, 0.999188, -0.038787, 0.55, 0.269946, 0.040285, 0.962032, 0.0, 0.0, 0.0, 0.0, 1.0],
                [0.936806, 0.0, -0.349849, -0.0, -0.014094, 0.999188, -0.037739, 0.55, 0.349565, 0.040285, 0.936045, 0.0, 0.0, 0.0, 0.0, 1.0],
                [0.915133, 0.0, -0.403152, -0.0, -0.016241, 0.999188, -0.036866, 0.55, 0.402824, 0.040285, 0.91439, 0.0, 0.0, 0.0, 0.0, 1.0],
                [0.906308, 0.0, -0.422618, -0.0, -0.017025, 0.999188, -0.03651, 0.55, 0.422275, 0.040284, 0.905572, -0.0, 0.0, 0.0, 0.0, 1.0],
                [0.911367, -0.0, -0.411595, -0.0, -0.016581, 0.999188, -0.036714, 0.55, 0.411261, 0.040285, 0.910627, -0.0, 0.0, 0.0, 0.0, 1.0],
                [0.924449, -0.0, -0.381306, -0.0, -0.015361, 0.999188, -0.037241, 0.55, 0.380997, 0.040285, 0.923698, -0.0, 0.0, 0.0, 0.0, 1.0],
                [0.941945, 0.0, -0.335766, -0.0, -0.013526, 0.999188, -0.037946, 0.55, 0.335493, 0.040285, 0.941181, 0.0, 0.0, 0.0, 0.0, 1.0],
                [0.960228, 0.0, -0.279216, 0.0, -0.011248, 0.999188, -0.038682, 0.55, 0.27899, 0.040285, 0.959449, -0.0, 0.0, 0.0, 0.0, 1.0],
                [0.976296, -0.0, -0.21644, -0.0, -0.008719, 0.999188, -0.03933, 0.55, 0.216264, 0.040285, 0.975503, -0.0, 0.0, 0.0, 0.0, 1.0],
                [0.988264, -0.0, -0.152754, -0.0, -0.006154, 0.999188, -0.039812, 0.55, 0.15263, 0.040285, 0.987462, -0.0, 0.0, 0.0, 0.0, 1.0],
                [0.995593, -0.0, -0.093776, 0.0, -0.003778, 0.999188, -0.040107, 0.55, 0.0937, 0.040285, 0.994785, 0.0, 0.0, 0.0, 0.0, 1.0],
                [0.998982, -0.0, -0.045108, -0.0, -0.001817, 0.999188, -0.040244, 0.55, 0.045071, 0.040285, 0.998171, -0.0, 0.0, 0.0, 0.0, 1.0],
                [0.999926, 0.0, -0.012128, -0.0, -0.000489, 0.999188, -0.040282, 0.55, 0.012118, 0.040285, 0.999115, -0.0, 0.0, 0.0, 0.0, 1.0],
                [1.0, 0.0, 0.0, -0.0, -0.0, 0.999188, -0.040285, 0.55, -0.0, 0.040285, 0.999188, 0.0, 0.0, 0.0, 0.0, 1.0]
            ]
        },
        {
            "name": "Chest_Upper",
            "time": [0.0, 0.0417, 0.0833, 0.125, 0.1667, 0.2083, 0.25, 0.2917, 0.3333, 0.375, 0.4167, 0.4583, 0.5, 0.5417, 0.5833, 0.625, 0.6667, 0.7083, 0.75, 0.7917, 0.8333, 0.875],
            "transform": [
                [1.0, 0.0, -0.0, -0.0, 0.0, 1.0, 0.0, 0.5, 0.0, 0.0, 1.0, -0.0, 0.0, 0.0, 0.0, 1.0],
                [1.0, 0.0, 0.0, -0.0, 0.0, 0.999484, 0.032113, 0.5, 0.0, -0.032113, 0.999484, 0.0, 0.0, 0.0, 0.0, 1.0],
                [1.0, -0.0, -0.0, -0.0, 0.0, 0.993645, 0.112563, 0.5, 0.0, -0.112563, 0.993645, -0.0, 0.0, 0.0, 0.0, 1.0],
                [1.0, 0.0, -0.0, -0.0, 0.0, 0.976296, 0.21644, 0.5, -0.0, -0.21644, 0.976296, 0.0, 0.0, 0.0, 0.0, 1.0],
                [1.0, 0.0, -0.0, -0.0, 0.0, 0.948119, 0.317916, 0.5, -0.0, -0.317916, 0.948119, 0.0, 0.0, 0.0, 0.0, 1.0],
                [1.0, -0.0, 0.0, 0.0, 0.0, 0.919412, 0.393296, 0.5, 0.0, -0.393296, 0.919412, -0.0, 0.0, 0.0, 0.0, 1.0],
                [1.0, 0.0, 0.0, 0.0, -0.0, 0.906308, 0.422618, 0.5, -0.0, -0.422618, 0.906308, 0.0, 0.0, 0.0, 0.0, 1.0],
                [1.0, -0.0, 0.0, -0.0, -0.0, 0.906308, 0.422618, 0.5, 0.0, -0.422618, 0.906308, 0.0, 0.0, 0.0, 0.0, 1.0],
                [1.0, -0.0, -0.0, -0.0, -0.0, 0.906308, 0.422618, 0.5, -0.0, -0.422618, 0.906308, -0.0, 0.0, 0.0, 0.0, 1.0],
                [1.0, -0.0, 0.0, 0.0, -0.0, 0.906308, 0.422618, 0.5, 0.0, -0.422618, 0.906308, 0.0, 0.0, 0.0, 0.0, 1.0],
                [1.0, 0.0, 0.0, 0.0, 0.0, 0.906308, 0.422618, 0.5, 0.0, -0.422618, 0.906308, 0.0, 0.0, 0.0, 0.0, 1.0],
                [1.0, -0.0, -0.0, 0.0, -0.0, 0.906308, 0.422618, 0.5, 0.0, -0.422618, 0.906308, 0.0, 0.0, 0.0, 0.0, 1.0],
                [1.0, 0.0, -0.0, 0.0, -0.0, 0.906308, 0.422618, 0.5, 0.0, -0.422618, 0.906308, 0.0, 0.0, 0.0, 0.0, 1.0],
                [1.0, 0.0, -0.0, 0.0, -0.0, 0.906308, 0.422618, 0.5, 0.0, -0.422618, 0.906308, 0.0, 0.0, 0.0, 0.0, 1.0],
                [1.0, -0.0, 0.0, -0.0, 0.0, 0.914019, 0.405672, 0.5, -0.0, -0.405672, 0.914019, -0.0, 0.0, 0.0, 0.0, 1.0],
                [1.0, 0.0, 0.0, 0.0, 0.0, 0.93288, 0.360188, 0.5, 0.0, -0.360188, 0.93288, 0.0, 0.0, 0.0, 0.0, 1.0],
                [1.0, 0.0, -0.0, -0.0, 0.0, 0.955764, 0.294135, 0.5, -0.0, -0.294135, 0.955764, -0.0, 0.0, 0.0, 0.0, 1.0],
                [1.0, -0.0, 0.0, -0.0, -0.0, 0.976296, 0.21644, 0.5, -0.0, -0.21644, 0.976296, -0.0, 0.0, 0.0, 0.0, 1.0],
                [1.0, -0.0, 0.0, 0.0, 0.0, 0.990523, 0.137347, 0.5, -0.0, -0.137347, 0.990523, -0.0, 0.0, 0.0, 0.0, 1.0],
                [1.0, 0.0, -0.0, 0.0, -0.0, 0.997698, 0.067811, 0.5, -0.0, -0.067811, 0.997698, -0.0, 0.0, 0.0, 0.0, 1.0],
                [1.0, -0.0, -0.0, -0.0, 0.0, 0.999827, 0.018618, 0.5, 0.0, -0.018618, 0.999827, 0.0, 0.0, 0.0, 0.0, 1.0],
                [1.0, 0.0, -0.0, 0.0, 0.0, 1.0, 0.0, 0.5, 0.0, 0.0, 1.0, -0.0, 0.0, 0.0, 0.0, 1.0]
            ]
        },
        {
            "name": "Head",
            "time": [0.0, 0.0417, 0.0833, 0.125, 0.1667, 0.2083, 0.25, 0.2917, 0.3333, 0.375, 0.4167, 0.4583, 0.5, 0.5417, 0.5833, 0.625, 0.6667, 0.7083, 0.75, 0.7917, 0.8333, 0.875],
            "transform": [
                [1.0, -4.2e-05, -0.000153, 0.0, 5.1e-05, 0.997967, 0.063727, 0.4, 0.00015, -0.063727, 0.997967, -0.0, 0.0, 0.0, 0.0, 1.0],
                [1.0, -4.2e-05, -0.000153, -0.0, 5.4e-05, 0.996548, 0.083024, 0.4, 0.000149, -0.083024, 0.996548, 0.0, 0.0, 0.0, 0.0, 1.0],
                [1.0, -4.2e-05, -0.000153, -0.0, 6.2e-05, 0.991356, 0.131196, 0.4, 0.000146, -0.131196, 0.991356, -0.0, 0.0, 0.0, 0.0, 1.0],
                [1.0, -4.2e-05, -0.000153, 0.0, 7.1e-05, 0.981112, 0.193443, 0.4, 0.000142, -0.193443, 0.981112, 0.0, 0.0, 0.0, 0.0, 1.0],
                [1.0, -4.2e-05, -0.000153, 0.0, 7.9e-05, 0.966962, 0.25492, 0.4, 0.000138, -0.25492, 0.966962, 0.0, 0.0, 0.0, 0.0, 1.0],
                [1.0, -4.2e-05, -0.000153, -0.0, 8.6e-05, 0.95348, 0.301457, 0.4, 0.000134, -0.301457, 0.95348, 0.0, 0.0, 0.0, 0.0, 1.0],
                [1.0, -4.2e-05, -0.000153, 0.0, 8.9e-05, 0.947469, 0.319849, 0.4, 0.000132, -0.319849, 0.947469, 0.0, 0.0, 0.0, 0.0, 1.0],
                [1.0, -4.2e-05, -0.000153, 0.0, 8.9e-05, 0.947469, 0.319849, 0.4, 0.000132, -0.319849, 0.947469, 0.0, 0.0, 0.0, 0.0, 1.0],
                [1.0, -4.2e-05, -0.000153, 0.0, 8.9e-05, 0.947469, 0.319849, 0.4, 0.000132, -0.319849, 0.947469, 0.0, 0.0, 0.0, 0.0, 1.0],
                [1.0, -4.2e-05, -0.000153, -0.0, 8.9e-05, 0.947469, 0.319849, 0.4, 0.000132, -0.319849, 0.947469, 0.0, 0.0, 0.0, 0.0, 1.0],
                [1.0, -4.2e-05, -0.000153, 0.0, 8.9e-05, 0.947469, 0.319849, 0.4, 0.000132, -0.319849, 0.947469, 0.0, 0.0, 0.0, 0.0, 1.0],
                [1.0, -4.2e-05, -0.000153, 0.0, 8.9e-05, 0.947469, 0.319849, 0.4, 0.000132, -0.319849, 0.947469, 0.0, 0.0, 0.0, 0.0, 1.0],
                [1.0, -4.2e-05, -0.000153, 0.0, 8.9e-05, 0.947469, 0.319849, 0.4, 0.000132, -0.319849, 0.947469, -0.0, 0.0, 0.0, 0.0, 1.0],
                [1.0, -4.2e-05, -0.000153, -0.0, 8.9e-05, 0.947469, 0.319849, 0.4, 0.000132, -0.319849, 0.947469, 0.0, 0.0, 0.0, 0.0, 1.0],
                [1.0, -4.2e-05, -0.000153, -0.0, 8.7e-05, 0.950998, 0.309197, 0.4, 0.000133, -0.309197, 0.950998, 0.0, 0.0, 0.0, 0.0, 1.0],
                [1.0, -4.2e-05, -0.000153, 0.0, 8.3e-05, 0.959737, 0.2809, 0.4, 0.000136, -0.2809, 0.959737, 0.0, 0.0, 0.0, 0.0, 1.0],
                [1.0, -4.2e-05, -0.000153, 0.0, 7.7e-05, 0.97067, 0.240416, 0.4, 0.000139, -0.240416, 0.97067, -0.0, 0.0, 0.0, 0.0, 1.0],
                [1.0, -4.2e-05, -0.000153, -0.0, 7.1e-05, 0.981111, 0.193443, 0.4, 0.000142, -0.193443, 0.981112, -0.0, 0.0, 0.0, 0.0, 1.0],
                [1.0, -4.2e-05, -0.000153, 0.0, 6.4e-05, 0.989281, 0.146022, 0.4, 0.000146, -0.146022, 0.989281, 0.0, 0.0, 0.0, 0.0, 1.0],
                [1.0, -4.2e-05, -0.000153, 0.0, 5.8e-05, 0.994534, 0.104418, 0.4, 0.000148, -0.104418, 0.994534, -0.0, 0.0, 0.0, 0.0, 1.0],
                [1.0, -4.2e-05, -0.000153, 0.0, 5.3e-05, 0.99719, 0.074921, 0.4, 0.00015, -0.074921, 0.99719, 0.0, 0.0, 0.0, 0.0, 1.0],
                [1.0, -4.2e-05, -0.000153, -0.0, 5.1e-05, 0.997967, 0.063727, 0.4, 0.00015, -0.063727, 0.997967, -0.0, 0.0, 0.0, 0.0, 1.0]
            ]
        },
        {
            "name": "Snout",
            "time": [0.0, 0.0417, 0.0833, 0.125, 0.1667, 0.2083, 0.25, 0.2917, 0.3333, 0.375, 0.4167, 0.4583, 0.5, 0.5417, 0.5833, 0.625, 0.6667, 0.7083, 0.75, 0.7917, 0.8333, 0.875],
            "transform": [
                [1.0, -0.0, 0.0, 0.0, 0.0, 1.0, -0.0, 0.6, 0.0, -0.0, 1.0, -0.12984, 0.0, 0.0, 0.0, 1.0],
                [1.0, 0.0, -0.0, 0.0, -0.0, 1.0, -0.0, 0.6, 0.0, -0.0, 1.0, -0.12984, 0.0, 0.0, 0.0, 1.0],
                [1.0, 0.0, 0.0, 0.0, 0.0, 1.0, 0.0, 0.6, -0.0, 0.0, 1.0, -0.12984, 0.0, 0.0, 0.0, 1.0],
                [1.0, -0.0, -0.0, 0.0, -0.0, 1.0, 0.0, 0.6, 0.0, -0.0, 1.0, -0.12984, 0.0, 0.0, 0.0, 1.0],
                [1.0, 0.0, -0.0, 0.0, 0.0, 1.0, -0.0, 0.6, 0.0, -0.0, 1.0, -0.129841, 0.0, 0.0, 0.0, 1.0],
                [1.0, -0.0, 0.0, -0.0, -0.0, 1.0, -0.0, 0.6, -0.0, -0.0, 1.0, -0.12984, 0.0, 0.0, 0.0, 1.0],
                [1.0, 0.0, 0.0, 0.0, -0.0, 1.0, -0.0, 0.6, -0.0, -0.0, 1.0, -0.12984, 0.0, 0.0, 0.0, 1.0],
                [1.0, -0.0, 0.0, -0.0, -0.0, 1.0, -0.0, 0.6, -0.0, -0.0, 1.0, -0.12984, 0.0, 0.0, 0.0, 1.0],
                [1.0, 0.0, -0.0, -0.0, -0.0, 1.0, 0.0, 0.6, -0.0, -0.0, 1.0, -0.12984, 0.0, 0.0, 0.0, 1.0],
                [1.0, 0.0, 0.0, 0.0, 0.0, 1.0, -0.0, 0.6, -0.0, -0.0, 1.0, -0.129841, 0.0, 0.0, 0.0, 1.0],
                [1.0, -0.0, -0.0, -0.0, -0.0, 1.0, 0.0, 0.6, -0.0, -0.0, 1.0, -0.129841, 0.0, 0.0, 0.0, 1.0],
                [1.0, 0.0, -0.0, -0.0, 0.0, 1.0, 0.0, 0.6, 0.0, -0.0, 1.0, -0.129841, 0.0, 0.0, 0.0, 1.0],
                [1.0, 0.0, -0.0, 0.0, 0.0, 1.0, 0.0, 0.6, -0.0, -0.0, 1.0, -0.12984, 0.0, 0.0, 0.0, 1.0],
                [1.0, -0.0, 0.0, 0.0, 0.0, 1.0, 0.0, 0.6, -0.0, -0.0, 1.0, -0.129841, 0.0, 0.0, 0.0, 1.0],
                [1.0, -0.0, -0.0, -0.0, 0.0, 1.0, 0.0, 0.6, -0.0, -0.0, 1.0, -0.129841, 0.0, 0.0, 0.0, 1.0],
                [1.0, 0.0, 0.0, 0.0, 0.0, 1.0, 0.0, 0.6, 0.0, 0.0, 1.0, -0.12984, 0.0, 0.0, 0.0, 1.0],
                [1.0, -0.0, 0.0, -0.0, 0.0, 1.0, 0.0, 0.6, 0.0, -0.0, 1.0, -0.12984, 0.0, 0.0, 0.0, 1.0],
                [1.0, -0.0, -0.0, -0.0, 0.0, 1.0, 0.0, 0.6, 0.0, 0.0, 1.0, -0.12984, 0.0, 0.0, 0.0, 1.0],
                [1.0, 0.0, -0.0, -0.0, -0.0, 1.0, 0.0, 0.6, 0.0, 0.0, 1.0, -0.12984, 0.0, 0.0, 0.0, 1.0],
                [1.0, 0.0, -0.0, -0.0, 0.0, 1.0, 0.0, 0.599999, 0.0, -0.0, 1.0, -0.12984, 0.0, 0.0, 0.0, 1.0],
                [1.0, -0.0, 0.0, 0.0, 0.0, 1.0, -0.0, 0.6, 0.0, 0.0, 1.0, -0.12984, 0.0, 0.0, 0.0, 1.0],
                [1.0, -0.0, 0.0, -0.0, 0.0, 1.0, -0.0, 0.6, 0.0, -0.0, 1.0, -0.12984, 0.0, 0.0, 0.0, 1.0]
            ]
        },
        {
            "name": "Jaw",
            "time": [0.0, 0.0417, 0.0833, 0.125, 0.1667, 0.2083, 0.25, 0.2917, 0.3333, 0.375, 0.4167, 0.4583, 0.5, 0.5417, 0.5833, 0.625, 0.6667, 0.7083, 0.75, 0.7917, 0.8333, 0.875],
            "transform": [
                [1.0, 0.0, 0.0, 0.0, -0.0, 0.999673, 0.02558, 0.6, 0.0, -0.02558, 0.999673, -0.24, 0.0, 0.0, 0.0, 1.0],
                [1.0, 0.0, -0.0, 0.0, -0.0, 0.999673, 0.02558, 0.6, 0.0, -0.02558, 0.999673, -0.24, 0.0, 0.0, 0.0, 1.0],
                [1.0, 0.0, 0.0, 0.0, -0.0, 0.999673, 0.02558, 0.6, -0.0, -0.02558, 0.999673, -0.24, 0.0, 0.0, 0.0, 1.0],
                [1.0, 0.0, -0.0, 0.0, -0.0, 0.999673, 0.02558, 0.6, 0.0, -0.02558, 0.999673, -0.24, 0.0, 0.0, 0.0, 1.0],
                [1.0, 0.0, -0.0, -0.0, -0.0, 0.999673, 0.02558, 0.6, 0.0, -0.02558, 0.999673, -0.24, 0.0, 0.0, 0.0, 1.0],
                [1.0, 0.0, 0.0, -0.0, -0.0, 0.999673, 0.02558, 0.6, -0.0, -0.02558, 0.999673, -0.24, 0.0, 0.0, 0.0, 1.0],
                [1.0, 0.0, 0.0, 0.0, -0.0, 0.999673, 0.02558, 0.6, -0.0, -0.02558, 0.999673, -0.24, 0.0, 0.0, 0.0, 1.0],
                [1.0, 0.0, -0.0, -0.0, -0.0, 0.999673, 0.02558, 0.6, -0.0, -0.02558, 0.999673, -0.24, 0.0, 0.0, 0.0, 1.0],
                [1.0, 0.0, 0.0, 0.0, -0.0, 0.999673, 0.02558, 0.6, -0.0, -0.02558, 0.999673, -0.24, 0.0, 0.0, 0.0, 1.0],
                [1.0, 0.0, 0.0, 0.0, -0.0, 0.999673, 0.02558, 0.6, -0.0, -0.02558, 0.999673, -0.24, 0.0, 0.0, 0.0, 1.0],
                [1.0, 0.0, -0.0, 0.0, -0.0, 0.999673, 0.02558, 0.6, -0.0, -0.02558, 0.999673, -0.24, 0.0, 0.0, 0.0, 1.0],
                [1.0, 0.0, -0.0, 0.0, -0.0, 0.999673, 0.02558, 0.6, 0.0, -0.02558, 0.999673, -0.24, 0.0, 0.0, 0.0, 1.0],
                [1.0, 0.0, 0.0, 0.0, -0.0, 0.999673, 0.02558, 0.6, -0.0, -0.02558, 0.999673, -0.24, 0.0, 0.0, 0.0, 1.0],
                [1.0, 0.0, 0.0, -0.0, -0.0, 0.999673, 0.02558, 0.6, 0.0, -0.02558, 0.999673, -0.24, 0.0, 0.0, 0.0, 1.0],
                [1.0, 0.0, -0.0, -0.0, -0.0, 0.999673, 0.02558, 0.6, -0.0, -0.02558, 0.999673, -0.24, 0.0, 0.0, 0.0, 1.0],
                [1.0, 0.0, 0.0, 0.0, -0.0, 0.999673, 0.02558, 0.6, 0.0, -0.02558, 0.999673, -0.24, 0.0, 0.0, 0.0, 1.0],
                [1.0, 0.0, 0.0, 0.0, -0.0, 0.999673, 0.02558, 0.6, 0.0, -0.02558, 0.999673, -0.24, 0.0, 0.0, 0.0, 1.0],
                [1.0, 0.0, 0.0, -0.0, -0.0, 0.999673, 0.02558, 0.6, 0.0, -0.02558, 0.999673, -0.24, 0.0, 0.0, 0.0, 1.0],
                [1.0, 0.0, -0.0, -0.0, -0.0, 0.999673, 0.02558, 0.6, 0.0, -0.02558, 0.999673, -0.24, 0.0, 0.0, 0.0, 1.0],
                [1.0, 0.0, 0.0, 0.0, -0.0, 0.999673, 0.02558, 0.6, 0.0, -0.02558, 0.999673, -0.24, 0.0, 0.0, 0.0, 1.0],
                [1.0, 0.0, 0.0, 0.0, -0.0, 0.999673, 0.02558, 0.6, 0.0, -0.02558, 0.999673, -0.24, 0.0, 0.0, 0.0, 1.0],
                [1.0, 0.0, 0.0, -0.0, -0.0, 0.999673, 0.02558, 0.6, 0.0, -0.02558, 0.999673, -0.24, 0.0, 0.0, 0.0, 1.0]
            ]
        },
        {
            "name": "Ear_L",
            "time": [0.0, 0.0417, 0.0833, 0.125, 0.1667, 0.2083, 0.25, 0.2917, 0.3333, 0.375, 0.4167, 0.4583, 0.5, 0.5417, 0.5833, 0.625, 0.6667, 0.7083, 0.75, 0.7917, 0.8333, 0.875],
            "transform": [
                [1.0, 0.0, 0.0, -0.28, 0.0, -0.0, -1.0, 0.43, 0.0, 1.0, 0.0, 0.19, 0.0, 0.0, 0.0, 1.0],
                [1.0, -0.0, -0.0, -0.28, -0.0, -0.0, -1.0, 0.43, 0.0, 1.0, 0.0, 0.19, 0.0, 0.0, 0.0, 1.0],
                [1.0, 0.0, -0.0, -0.28, 0.0, 0.0, -1.0, 0.43, -0.0, 1.0, -0.0, 0.19, 0.0, 0.0, 0.0, 1.0],
                [1.0, -0.0, 0.0, -0.28, -0.0, 0.0, -1.0, 0.43, 0.0, 1.0, 0.0, 0.19, 0.0, 0.0, 0.0, 1.0],
                [1.0, -0.0, 0.0, -0.28, 0.0, -0.0, -1.0, 0.43, 0.0, 1.0, 0.0, 0.19, 0.0, 0.0, 0.0, 1.0],
                [1.0, 0.0, 0.0, -0.28, -0.0, -0.0, -1.0, 0.43, -0.0, 1.0, 0.0, 0.19, 0.0, 0.0, 0.0, 1.0],
                [1.0, 0.0, -0.0, -0.28, -0.0, -0.0, -1.0, 0.43, -0.0, 1.0, 0.0, 0.19, 0.0, 0.0, 0.0, 1.0],
                [1.0, 0.0, 0.0, -0.28, -0.0, -0.0, -1.0, 0.43, -0.0, 1.0, 0.0, 0.19, 0.0, 0.0, 0.0, 1.0],
                [1.0, -0.0, -0.0, -0.28, -0.0, 0.0, -1.0, 0.43, -0.0, 1.0, 0.0, 0.19, 0.0, 0.0, 0.0, 1.0],
                [1.0, 0.0, -0.0, -0.28, 0.0, -0.0, -1.0, 0.43, -0.0, 1.0, 0.0, 0.19, 0.0, 0.0, 0.0, 1.0],
                [1.0, -0.0, 0.0, -0.28, -0.0, 0.0, -1.0, 0.43, -0.0, 1.0, 0.0, 0.19, 0.0, 0.0, 0.0, 1.0],
                [1.0, -0.0, -0.0, -0.28, 0.0, 0.0, -1.0, 0.43, 0.0, 1.0, 0.0, 0.19, 0.0, 0.0, 0.0, 1.0],
                [1.0, -0.0, -0.0, -0.28, 0.0, 0.0, -1.0, 0.43, -0.0, 1.0, 0.0, 0.19, 0.0, 0.0, 0.0, 1.0],
                [1.0, 0.0, 0.0, -0.28, 0.0, 0.0, -1.0, 0.43, -0.0, 1.0, 0.0, 0.19, 0.0, 0.0, 0.0, 1.0],
                [1.0, -0.0, 0.0, -0.28, 0.0, 0.0, -1.0, 0.43, -0.0, 1.0, 0.0, 0.19, 0.0, 0.0, 0.0, 1.0],
                [1.0, 0.0, -0.0, -0.28, 0.0, 0.0, -1.0, 0.43, 0.0, 1.0, -0.0, 0.19, 0.0, 0.0, 0.0, 1.0],
                [1.0, 0.0, 0.0, -0.28, 0.0, 0.0, -1.0, 0.43, 0.0, 1.0, 0.0, 0.19, 0.0, 0.0, 0.0, 1.0],
                [1.0, -0.0, 0.0, -0.28, 0.0, 0.0, -1.0, 0.43, 0.0, 1.0, -0.0, 0.19, 0.0, 0.0, 0.0, 1.0],
                [1.0, -0.0, -0.0, -0.28, -0.0, 0.0, -1.0, 0.43, 0.0, 1.0, 0.0, 0.19, 0.0, 0.0, 0.0, 1.0],
                [1.0, -0.0, -0.0, -0.28, 0.0, 0.0, -1.0, 0.429999, 0.0, 1.0, 0.0, 0.19, 0.0, 0.0, 0.0, 1.0],
                [1.0, 0.0, 0.0, -0.28, 0.0, -0.0, -1.0, 0.43, 0.0, 1.0, -0.0, 0.19, 0.0, 0.0, 0.0, 1.0],
                [1.0, 0.0, 0.0, -0.28, 0.0, -0.0, -1.0, 0.43, 0.0, 1.0, 0.0, 0.19, 0.0, 0.0, 0.0, 1.0]
            ]
        },
        {
            "name": "Ear_Upper_L",
            "time": [0.0, 0.0417, 0.0833, 0.125, 0.1667, 0.2083, 0.25, 0.2917, 0.3333, 0.375, 0.4167, 0.4583, 0.5, 0.5417, 0.5833, 0.625, 0.6667, 0.7083, 0.75, 0.7917, 0.8333, 0.875],
            "transform": [
                [0.707106, -0.707107, -0.0, 0.0, 0.707107, 0.707106, -0.0, 0.07, 0.0, -0.0, 1.0, 0.0, 0.0, 0.0, 0.0, 1.0],
                [0.707106, -0.707107, -0.0, -0.0, 0.707107, 0.707106, -0.0, 0.07, 0.0, -0.0, 1.0, 0.0, 0.0, 0.0, 0.0, 1.0],
                [0.707106, -0.707107, -0.0, 0.0, 0.707107, 0.707106, -0.0, 0.07, 0.0, -0.0, 1.0, 0.0, 0.0, 0.0, 0.0, 1.0],
                [0.707106, -0.707107, -0.0, -0.0, 0.707107, 0.707106, -0.0, 0.07, 0.0, -0.0, 1.0, 0.0, 0.0, 0.0, 0.0, 1.0],
                [0.707106, -0.707107, -0.0, -0.0, 0.707107, 0.707106, -0.0, 0.07, 0.0, 0.0, 1.0, 0.0, 0.0, 0.0, 0.0, 1.0],
                [0.707106, -0.707107, -0.0, -0.0, 0.707107, 0.707107, -0.0, 0.07, 0.0, 0.0, 1.0, -0.0, 0.0, 0.0, 0.0, 1.0],
                [0.707106, -0.707107, -0.0, -0.0, 0.707107, 0.707106, -0.0, 0.07, 0.0, -0.0, 1.0, 0.0, 0.0, 0.0, 0.0, 1.0],
                [0.707106, -0.707107, -0.0, 0.0, 0.707107, 0.707106, -0.0, 0.07, 0.0, -0.0, 1.0, -0.0, 0.0, 0.0, 0.0, 1.0],
                [0.707106, -0.707107, -0.0, -0.0, 0.707107, 0.707107, -0.0, 0.07, 0.0, -0.0, 1.0, 0.0, 0.0, 0.0, 0.0, 1.0],
                [0.707106, -0.707107, -0.0, 0.0, 0.707107, 0.707106, -0.0, 0.07, 0.0, 0.0, 1.0, -0.0, 0.0, 0.0, 0.0, 1.0],
                [0.707107, -0.707107, -0.0, -0.0, 0.707107, 0.707106, -0.0, 0.07, 0.0, 0.0, 1.0, -0.0, 0.0, 0.0, 0.0, 1.0],
                [0.707106, -0.707107, -0.0, -0.0, 0.707107, 0.707106, -0.0, 0.07, 0.0, -0.0, 1.0, -0.0, 0.0, 0.0, 0.0, 1.0],
                [0.707106, -0.707107, -0.0, 0.0, 0.707107, 0.707106, -0.0, 0.07, 0.0, 0.0, 1.0, -0.0, 0.0, 0.0, 0.0, 1.0],
                [0.707107, -0.707107, 0.0, 0.0, 0.707107, 0.707107, -0.0, 0.07, 0.0, -0.0, 1.0, 0.0, 0.0, 0.0, 0.0, 1.0],
                [0.707106, -0.707107, -0.0, -0.0, 0.707107, 0.707106, -0.0, 0.07, 0.0, -0.0, 1.0, 0.0, 0.0, 0.0, 0.0, 1.0],
                [0.707106, -0.707107, -0.0, 0.0, 0.707107, 0.707106, -0.0, 0.07, 0.0, -0.0, 1.0, 0.0, 0.0, 0.0, 0.0, 1.0],
                [0.707107, -0.707107, -0.0, -0.0, 0.707107, 0.707106, -0.0, 0.07, 0.0, 0.0, 1.0, -0.0, 0.0, 0.0, 0.0, 1.0],
                [0.707107, -0.707107, -0.0, -0.0, 0.707107, 0.707106, -0.0, 0.07, 0.0, -0.0, 1.0, 0.0, 0.0, 0.0, 0.0, 1.0],
                [0.707106, -0.707107, -0.0, 0.0, 0.707107, 0.707106, -0.0, 0.07, 0.0, 0.0, 1.0, -0.0, 0.0, 0.0, 0.0, 1.0],
                [0.707106, -0.707107, -0.0, -0.0, 0.707107, 0.707107, -0.0, 0.07, 0.0, 0.0, 1.0, -0.0, 0.0, 0.0, 0.0, 1.0],
                [0.707107, -0.707107, -0.0, 0.0, 0.707107, 0.707106, -0.0, 0.07, 0.0, 0.0, 1.0, 0.0, 0.0, 0.0, 0.0, 1.0],
                [0.707106, -0.707107, -0.0, 0.0, 0.707107, 0.707106, -0.0, 0.07, 0.0, -0.0, 1.0, 0.0, 0.0, 0.0, 0.0, 1.0]
            ]
        },
        {
            "name": "Ear_R",
            "time": [0.0, 0.0417, 0.0833, 0.125, 0.1667, 0.2083, 0.25, 0.2917, 0.3333, 0.375, 0.4167, 0.4583, 0.5, 0.5417, 0.5833, 0.625, 0.6667, 0.7083, 0.75, 0.7917, 0.8333, 0.875],
            "transform": [
                [1.0, 0.0, 0.0, 0.28, 0.0, -0.0, -1.0, 0.43, 0.0, 1.0, 0.0, 0.19, 0.0, 0.0, 0.0, 1.0],
                [1.0, -0.0, -0.0, 0.28, -0.0, -0.0, -1.0, 0.43, 0.0, 1.0, 0.0, 0.19, 0.0, 0.0, 0.0, 1.0],
                [1.0, 0.0, -0.0, 0.28, 0.0, 0.0, -1.0, 0.43, -0.0, 1.0, -0.0, 0.19, 0.0, 0.0, 0.0, 1.0],
                [1.0, -0.0, 0.0, 0.28, -0.0, 0.0, -1.0, 0.43, 0.0, 1.0, 0.0, 0.19, 0.0, 0.0, 0.0, 1.0],
                [1.0, -0.0, 0.0, 0.28, 0.0, -0.0, -1.0, 0.43, 0.0, 1.0, 0.0, 0.19, 0.0, 0.0, 0.0, 1.0],
                [1.0, 0.0, 0.0, 0.28, -0.0, -0.0, -1.0, 0.43, -0.0, 1.0, 0.0, 0.19, 0.0, 0.0, 0.0, 1.0],
                [1.0, 0.0, -0.0, 0.28, -0.0, -0.0, -1.0, 0.43, -0.0, 1.0, 0.0, 0.19, 0.0, 0.0, 0.0, 1.0],
                [1.0, 0.0, 0.0, 0.28, -0.0, -0.0, -1.0, 0.43, -0.0, 1.0, 0.0, 0.19, 0.0, 0.0, 0.0, 1.0],
                [1.0, -0.0, -0.0, 0.28, -0.0, 0.0, -1.0, 0.43, -0.0, 1.0, 0.0, 0.19, 0.0, 0.0, 0.0, 1.0],
                [1.0, 0.0, -0.0, 0.28, 0.0, -0.0, -1.0, 0.43, -0.0, 1.0, 0.0, 0.19, 0.0, 0.0, 0.0, 1.0],
                [1.0, -0.0, 0.0, 0.28, -0.0, 0.0, -1.0, 0.43, -0.0, 1.0, 0.0, 0.19, 0.0, 0.0, 0.0, 1.0],
                [1.0, -0.0, -0.0, 0.28, 0.0, 0.0, -1.0, 0.43, 0.0, 1.0, 0.0, 0.19, 0.0, 0.0, 0.0, 1.0],
                [1.0, -0.0, -0.0, 0.28, 0.0, 0.0, -1.0, 0.43, -0.0, 1.0, 0.0, 0.19, 0.0, 0.0, 0.0, 1.0],
                [1.0, 0.0, 0.0, 0.28, 0.0, 0.0, -1.0, 0.43, -0.0, 1.0, 0.0, 0.19, 0.0, 0.0, 0.0, 1.0],
                [1.0, -0.0, 0.0, 0.28, 0.0, 0.0, -1.0, 0.43, -0.0, 1.0, 0.0, 0.19, 0.0, 0.0, 0.0, 1.0],
                [1.0, 0.0, -0.0, 0.28, 0.0, 0.0, -1.0, 0.43, 0.0, 1.0, -0.0, 0.19, 0.0, 0.0, 0.0, 1.0],
                [1.0, 0.0, 0.0, 0.28, 0.0, 0.0, -1.0, 0.43, 0.0, 1.0, 0.0, 0.19, 0.0, 0.0, 0.0, 1.0],
                [1.0, -0.0, 0.0, 0.28, 0.0, 0.0, -1.0, 0.43, 0.0, 1.0, -0.0, 0.19, 0.0, 0.0, 0.0, 1.0],
                [1.0, -0.0, -0.0, 0.28, -0.0, 0.0, -1.0, 0.43, 0.0, 1.0, 0.0, 0.19, 0.0, 0.0, 0.0, 1.0],
                [1.0, -0.0, -0.0, 0.28, 0.0, 0.0, -1.0, 0.429999, 0.0, 1.0, 0.0, 0.19, 0.0, 0.0, 0.0, 1.0],
                [1.0, 0.0, 0.0, 0.28, 0.0, -0.0, -1.0, 0.43, 0.0, 1.0, -0.0, 0.19, 0.0, 0.0, 0.0, 1.0],
                [1.0, 0.0, 0.0, 0.28, 0.0, -0.0, -1.0, 0.43, 0.0, 1.0, 0.0, 0.19, 0.0, 0.0, 0.0, 1.0]
            ]
        },
        {
            "name": "Ear_Upper_R",
            "time": [0.0, 0.0417, 0.0833, 0.125, 0.1667, 0.2083, 0.25, 0.2917, 0.3333, 0.375, 0.4167, 0.4583, 0.5, 0.5417, 0.5833, 0.625, 0.6667, 0.7083, 0.75, 0.7917, 0.8333, 0.875],
            "transform": [
                [0.759256, 0.650792, -0.0, 0.0, -0.650792, 0.759256, 0.0, 0.07, 0.0, 0.0, 1.0, 0.0, 0.0, 0.0, 0.0, 1.0],
                [0.759256, 0.650792, -0.0, -0.0, -0.650792, 0.759256, 0.0, 0.07, 0.0, 0.0, 1.0, 0.0, 0.0, 0.0, 0.0, 1.0],
                [0.759256, 0.650792, -0.0, 0.0, -0.650792, 0.759256, 0.0, 0.07, 0.0, -0.0, 1.0, -0.0, 0.0, 0.0, 0.0, 1.0],
                [0.759256, 0.650792, -0.0, 0.0, -0.650792, 0.759256, 0.0, 0.07, 0.0, -0.0, 1.0, 0.0, 0.0, 0.0, 0.0, 1.0],
                [0.759256, 0.650792, -0.0, -0.0, -0.650792, 0.759256, 0.0, 0.07, 0.0, 0.0, 1.0, 0.0, 0.0, 0.0, 0.0, 1.0],
                [0.759256, 0.650792, -0.0, 0.0, -0.650792, 0.759256, 0.0, 0.07, 0.0, 0.0, 1.0, -0.0, 0.0, 0.0, 0.0, 1.0],
                [0.759256, 0.650792, -0.0, -0.0, -0.650792, 0.759256, 0.0, 0.07, 0.0, 0.0, 1.0, 0.0, 0.0, 0.0, 0.0, 1.0],
                [0.759256, 0.650792, -0.0, -0.0, -0.650792, 0.759256, 0.0, 0.07, 0.0, 0.0, 1.0, -0.0, 0.0, 0.0, 0.0, 1.0],
                [0.759256, 0.650792, -0.0, 0.0, -0.650792, 0.759256, 0.0, 0.07, 0.0, 0.0, 1.0, 0.0, 0.0, 0.0, 0.0, 1.0],
                [0.759256, 0.650792, -0.0, 0.0, -0.650792, 0.759256, 0.0, 0.07, 0.0, -0.0, 1.0, -0.0, 0.0, 0.0, 0.0, 1.0],
                [0.759256, 0.650792, -0.0, -0.0, -0.650792, 0.759256, 0.0, 0.07, 0.0, 0.0, 1.0, -0.0, 0.0, 0.0, 0.0, 1.0],
                [0.759256, 0.650792, -0.0, -0.0, -0.650792, 0.759256, 0.0, 0.07, 0.0, -0.0, 1.0, -0.0, 0.0, 0.0, 0.0, 1.0],
                [0.759256, 0.650792, -0.0, 0.0, -0.650792, 0.759256, 0.0, 0.07, 0.0, -0.0, 1.0, -0.0, 0.0, 0.0, 0.0, 1.0],
                [0.759256, 0.650792, 0.0, -0.0, -0.650792, 0.759256, 0.0, 0.07, 0.0, -0.0, 1.0, -0.0, 0.0, 0.0, 0.0, 1.0],
                [0.759256, 0.650792, -0.0, -0.0, -0.650792, 0.759256, 0.0, 0.07, 0.0, -0.0, 1.0, 0.0, 0.0, 0.0, 0.0, 1.0],
                [0.759256, 0.650792, -0.0, 0.0, -0.650792, 0.759256, 0.0, 0.07, 0.0, 0.0, 1.0, 0.0, 0.0, 0.0, 0.0, 1.0],
                [0.759256, 0.650792, -0.0, -0.0, -0.650792, 0.759256, 0.0, 0.07, 0.0, 0.0, 1.0, -0.0, 0.0, 0.0, 0.0, 1.0],
                [0.759256, 0.650792, -0.0, -0.0, -0.650792, 0.759256, 0.0, 0.07, 0.0, 0.0, 1.0, -0.0, 0.0, 0.0, 0.0, 1.0],
                [0.759256, 0.650792, -0.0, 0.0, -0.650792, 0.759256, 0.0, 0.07, 0.0, 0.0, 1.0, -0.0, 0.0, 0.0, 0.0, 1.0],
                [0.759256, 0.650792, -0.0, 0.0, -0.650792, 0.759256, 0.0, 0.07, 0.0, -0.0, 1.0, 0.0, 0.0, 0.0, 0.0, 1.0],
                [0.759256, 0.650792, -0.0, -0.0, -0.650792, 0.759256, 0.0, 0.07, 0.0, 0.0, 1.0, 0.0, 0.0, 0.0, 0.0, 1.0],
                [0.759256, 0.650792, -0.0, -0.0, -0.650792, 0.759256, 0.0, 0.07, 0.0, 0.0, 1.0, -0.0, 0.0, 0.0, 0.0, 1.0]
            ]
        },
        {
            "name": "Eye_L",
            "time": [0.0, 0.0417, 0.0833, 0.125, 0.1667, 0.2083, 0.25, 0.2917, 0.3333, 0.375, 0.4167, 0.4583, 0.5, 0.5417, 0.5833, 0.625, 0.6667, 0.7083, 0.75, 0.7917, 0.8333, 0.875],
            "transform": [
                [1.0, -0.0, 0.0, -0.16, 0.0, 1.0, -0.0, 0.54, 0.0, -0.0, 1.0, -0.02, 0.0, 0.0, 0.0, 1.0],
                [1.0, 0.0, -0.0, -0.16, -0.0, 1.0, -0.0, 0.54, 0.0, 0.0, 1.0, -0.02, 0.0, 0.0, 0.0, 1.0],
                [1.0, 0.0, 0.0, -0.16, 0.0, 1.0, 0.0, 0.54, -0.0, 0.0, 1.0, -0.02, 0.0, 0.0, 0.0, 1.0],
                [1.0, 0.0, -0.0, -0.16, -0.0, 1.0, 0.0, 0.54, 0.0, 0.0, 1.0, -0.02, 0.0, 0.0, 0.0, 1.0],
                [1.0, 0.0, -0.0, -0.16, 0.0, 1.0, -0.0, 0.54, 0.0, -0.0, 1.0, -0.02, 0.0, 0.0, 0.0, 1.0],
                [1.0, -0.0, 0.0, -0.16, -0.0, 1.0, -0.0, 0.54, -0.0, -0.0, 1.0, -0.02, 0.0, 0.0, 0.0, 1.0],
                [1.0, 0.0, 0.0, -0.16, -0.0, 1.0, -0.0, 0.54, -0.0, -0.0, 1.0, -0.02, 0.0, 0.0, 0.0, 1.0],
                [1.0, -0.0, 0.0, -0.16, -0.0, 1.0, -0.0, 0.54, -0.0, 0.0, 1.0, -0.02, 0.0, 0.0, 0.0, 1.0],
                [1.0, 0.0, -0.0, -0.16, -0.0, 1.0, 0.0, 0.54, -0.0, -0.0, 1.0, -0.02, 0.0, 0.0, 0.0, 1.0],
                [1.0, 0.0, 0.0, -0.16, 0.0, 1.0, -0.0, 0.54, -0.0, 0.0, 1.0, -0.02, 0.0, 0.0, 0.0, 1.0],
                [1.0, -0.0, -0.0, -0.16, -0.0, 1.0, 0.0, 0.54, -0.0, -0.0, 1.0, -0.02, 0.0, 0.0, 0.0, 1.0],
                [1.0, 0.0, -0.0, -0.16, 0.0, 1.0, 0.0, 0.54, 0.0, -0.0, 1.0, -0.02, 0.0, 0.0, 0.0, 1.0],
                [1.0, 0.0, -0.0, -0.16, 0.0, 1.0, 0.0, 0.54, -0.0, -0.0, 1.0, -0.02, 0.0, 0.0, 0.0, 1.0],
                [1.0, -0.0, 0.0, -0.16, 0.0, 1.0, 0.0, 0.54, -0.0, -0.0, 1.0, -0.02, 0.0, 0.0, 0.0, 1.0],
                [1.0, -0.0, -0.0, -0.16, 0.0, 1.0, 0.0, 0.54, -0.0, -0.0, 1.0, -0.02, 0.0, 0.0, 0.0, 1.0],
                [1.0, 0.0, 0.0, -0.16, 0.0, 1.0, 0.0, 0.54, 0.0, 0.0, 1.0, -0.02, 0.0, 0.0, 0.0, 1.0],
                [1.0, -0.0, 0.0, -0.16, 0.0, 1.0, 0.0, 0.54, 0.0, -0.0, 1.0, -0.02, 0.0, 0.0, 0.0, 1.0],
                [1.0, -0.0, -0.0, -0.16, 0.0, 1.0, 0.0, 0.54, 0.0, 0.0, 1.0, -0.02, 0.0, 0.0, 0.0, 1.0],
                [1.0, 0.0, -0.0, -0.16, -0.0, 1.0, 0.0, 0.54, 0.0, -0.0, 1.0, -0.02, 0.0, 0.0, 0.0, 1.0],
                [1.0, 0.0, -0.0, -0.16, 0.0, 1.0, 0.0, 0.54, 0.0, 0.0, 1.0, -0.02, 0.0, 0.0, 0.0, 1.0],
                [1.0, -0.0, 0.0, -0.16, 0.0, 1.0, -0.0, 0.54, 0.0, 0.0, 1.0, -0.02, 0.0, 0.0, 0.0, 1.0],
                [1.0, -0.0, 0.0, -0.16, 0.0, 1.0, -0.0, 0.54, 0.0, -0.0, 1.0, -0.02, 0.0, 0.0, 0.0, 1.0]
            ]
        },
        {
            "name": "Eye_R",
            "time": [0.0, 0.0417, 0.0833, 0.125, 0.1667, 0.2083, 0.25, 0.2917, 0.3333, 0.375, 0.4167, 0.4583, 0.5, 0.5417, 0.5833, 0.625, 0.6667, 0.7083, 0.75, 0.7917, 0.8333, 0.875],
            "transform": [
                [1.0, -0.0, 0.0, 0.16, 0.0, 1.0, -0.0, 0.54, 0.0, -0.0, 1.0, -0.02, 0.0, 0.0, 0.0, 1.0],
                [1.0, 0.0, -0.0, 0.16, -0.0, 1.0, -0.0, 0.54, 0.0, 0.0, 1.0, -0.02, 0.0, 0.0, 0.0, 1.0],
                [1.0, 0.0, 0.0, 0.16, 0.0, 1.0, 0.0, 0.54, -0.0, 0.0, 1.0, -0.02, 0.0, 0.0, 0.0, 1.0],
                [1.0, 0.0, -0.0, 0.16, -0.0, 1.0, 0.0, 0.54, 0.0, 0.0, 1.0, -0.02, 0.0, 0.0, 0.0, 1.0],
                [1.0, 0.0, -0.0, 0.16, 0.0, 1.0, -0.0, 0.54, 0.0, -0.0, 1.0, -0.02, 0.0, 0.0, 0.0, 1.0],
                [1.0, -0.0, 0.0, 0.16, -0.0, 1.0, -0.0, 0.54, -0.0, -0.0, 1.0, -0.02, 0.0, 0.0, 0.0, 1.0],
                [1.0, 0.0, 0.0, 0.16, -0.0, 1.0, -0.0, 0.54, -0.0, -0.0, 1.0, -0.02, 0.0, 0.0, 0.0, 1.0],
                [1.0, -0.0, 0.0, 0.16, -0.0, 1.0, -0.0, 0.539999, -0.0, 0.0, 1.0, -0.02, 0.0, 0.0, 0.0, 1.0],
                [1.0, 0.0, -0.0, 0.16, -0.0, 1.0, 0.0, 0.54, -0.0, -0.0, 1.0, -0.02, 0.0, 0.0, 0.0, 1.0],
                [1.0, 0.0, 0.0, 0.16, 0.0, 1.0, -0.0, 0.54, -0.0, 0.0, 1.0, -0.02, 0.0, 0.0, 0.0, 1.0],
                [1.0, -0.0, -0.0, 0.16, -0.0, 1.0, 0.0, 0.54, -0.0, -0.0, 1.0, -0.02, 0.0, 0.0, 0.0, 1.0],
                [1.0, 0.0, -0.0, 0.16, 0.0, 1.0, 0.0, 0.54, 0.0, -0.0, 1.0, -0.02, 0.0, 0.0, 0.0, 1.0],
                [1.0, 0.0, -0.0, 0.16, 0.0, 1.0, 0.0, 0.54, -0.0, -0.0, 1.0, -0.02, 0.0, 0.0, 0.0, 1.0],
                [1.0, -0.0, 0.0, 0.16, 0.0, 1.0, 0.0, 0.54, -0.0, -0.0, 1.0, -0.02, 0.0, 0.0, 0.0, 1.0],
                [1.0, -0.0, -0.0, 0.16, 0.0, 1.0, 0.0, 0.54, -0.0, -0.0, 1.0, -0.02, 0.0, 0.0, 0.0, 1.0],
                [1.0, 0.0, 0.0, 0.16, 0.0, 1.0, 0.0, 0.54, 0.0, 0.0, 1.0, -0.02, 0.0, 0.0, 0.0, 1.0],
                [1.0, -0.0, 0.0, 0.16, 0.0, 1.0, 0.0, 0.54, 0.0, -0.0, 1.0, -0.02, 0.0, 0.0, 0.0, 1.0],
                [1.0, -0.0, -0.0, 0.16, 0.0, 1.0, 0.0, 0.54, 0.0, 0.0, 1.0, -0.02, 0.0, 0.0, 0.0, 1.0],
