{
    "animation": [
        {
            "name": "Root",
            "time": [0.0, 2.4],
            "transform": [
                [1.0, 0.0, 0.0, 0.0, 0.0, 1.0, -1e-06, -0.604103, 0.0, 1e-06, 1.0, 1.264611, 0.0, 0.0, 0.0, 1.0],
                [1.0, 0.0, 0.0, 0.0, 0.0, 1.0, -1e-06, -0.604103, 0.0, 1e-06, 1.0, 1.264611, 0.0, 0.0, 0.0, 1.0]
            ]
        },
        {
            "name": "Torso",
            "time": [0.0, 2.4],
            "transform": [
                [1.0, -0.0, 0.0, 0.0, 0.0, 0.999202, -0.03993, 0.12, -0.0, 0.03993, 0.999202, 0.0, 0.0, 0.0, 0.0, 1.0],
                [1.0, -0.0, 0.0, 0.0, 0.0, 0.999202, -0.03993, 0.12, -0.0, 0.03993, 0.999202, 0.0, 0.0, 0.0, 0.0, 1.0]
            ]
        },
        {
            "name": "Chest",
            "time": [0.0, 2.4],
            "transform": [
                [1.0, 0.0, -0.0, 0.0, 0.0, 0.996195, 0.087156, 0.48, 0.0, -0.087156, 0.996195, -0.0, 0.0, 0.0, 0.0, 1.0],
                [1.0, 0.0, -0.0, 0.0, 0.0, 0.996195, 0.087156, 0.48, 0.0, -0.087156, 0.996195, -0.0, 0.0, 0.0, 0.0, 1.0]
            ]
        },
        {
            "name": "Neck",
            "time": [0.0, 2.4],
            "transform": [
                [1.0, -0.0, 1e-06, 0.0, 1e-06, 0.386377, -0.922341, 0.6, -1e-06, 0.922341, 0.386377, -0.0, 0.0, 0.0, 0.0, 1.0],
                [1.0, -0.0, 1e-06, 0.0, 1e-06, 0.386377, -0.922341, 0.6, -1e-06, 0.922341, 0.386377, -0.0, 0.0, 0.0, 0.0, 1.0]
            ]
        },
        {
            "name": "Neck_Upper",
            "time": [0.0, 0.0333, 0.0667, 0.1, 0.1333, 0.1667, 0.2, 0.2333, 0.2667, 0.3, 0.3333, 0.3667, 0.4, 0.4333, 0.4667, 0.5, 0.5333, 0.5667, 0.6, 0.6333, 0.6667, 0.7, 0.7333, 0.7667, 0.8, 0.8333, 0.8667, 0.9, 0.9333, 0.9667, 1.0, 1.0333, 1.0667, 1.1, 1.1333, 1.1667, 1.2, 1.2333, 1.2667, 1.3, 1.3333, 1.3667, 1.4, 1.4333, 1.4667, 1.5, 1.5333, 1.5667, 1.6, 1.6333, 1.6667, 1.7, 1.7333, 1.7667, 1.8, 1.8333, 1.8667, 1.9, 1.9333, 1.9667, 2.0, 2.4],
            "transform": [
                [1.0, 0.000347, -3e-06, 0.0, -0.000337, 0.972082, 0.234639, 0.202995, 8.5e-05, -0.234639, 0.972082, 0.0, 0.0, 0.0, 0.0, 1.0],
                [0.999998, 0.000258, 0.002027, 0.0, -0.000728, 0.971904, 0.235377, 0.202995, -0.001909, -0.235378, 0.971902, 0.0, 0.0, 0.0, 0.0, 1.0],
                [0.999971, 5e-06, 0.007592, 0.0, -0.001808, 0.971369, 0.237569, 0.202995, -0.007373, -0.237576, 0.971341, 0.0, 0.0, 0.0, 0.0, 1.0],
                [0.999873, -0.0004, 0.015903, 0.0, -0.003447, 0.970474, 0.241181, 0.202995, -0.01553, -0.241205, 0.97035, 0.0, 0.0, 0.0, 0.0, 1.0],
                [0.999657, -0.000951, 0.02617, 0.0, -0.005522, 0.96921, 0.246175, 0.202995, -0.025599, -0.246235, 0.968872, 0.0, 0.0, 0.0, 0.0, 1.0],
                [0.999291, -0.001644, 0.037604, 0.0, -0.007911, 0.96756, 0.252515, 0.202995, -0.036799, -0.252634, 0.966862, 0.0, 0.0, 0.0, 0.0, 1.0],
                [0.998775, -0.002468, 0.049417, 0.0, -0.010486, 0.965506, 0.260171, 0.202995, -0.048355, -0.260371, 0.964297, 0.0, 0.0, 0.0, 0.0, 1.0],
                [0.998143, -0.003406, 0.060824, 0.0, -0.013113, 0.963018, 0.269116, 0.202995, -0.059491, -0.269414, 0.961185, 0.0, 0.0, 0.0, 0.0, 1.0],
                [0.997463, -0.004422, 0.071045, 0.0, -0.015639, 0.960067, 0.279334, 0.202995, -0.069443, -0.279736, 0.957562, 0.0, 0.0, 0.0, 0.0, 1.0],
                [0.996836, -0.00546, 0.079304, 0.0, -0.017896, 0.956612, 0.290814, 0.202995, -0.077451, -0.291313, 0.953487, 0.0, 0.0, 0.0, 0.0, 1.0],
                [0.996375, -0.00644, 0.08483, 0.0, -0.019687, 0.952611, 0.303553, 0.202995, -0.082765, -0.304122, 0.949031, 0.0, 0.0, 0.0, 0.0, 1.0],
                [0.996195, -0.00725, 0.086851, 0.0, -0.020786, 0.948013, 0.317551, 0.202995, -0.084638, -0.318147, 0.944255, 0.0, 0.0, 0.0, 0.0, 1.0],
                [0.996798, -0.006757, 0.079681, 0.0, -0.020217, 0.942762, 0.332852, 0.202995, -0.077369, -0.333397, 0.939606, 0.0, 0.0, 0.0, 0.0, 1.0],
                [0.99821, -0.003928, 0.059676, 0.0, -0.01719, 0.936892, 0.349197, 0.202995, -0.057282, -0.349598, 0.935147, 0.0, 0.0, 0.0, 0.0, 1.0],
                [0.999575, 0.001188, 0.029118, 0.0, -0.01177, 0.930515, 0.366065, 0.202995, -0.02666, -0.366252, 0.930133, 0.0, 0.0, 0.0, 0.0, 1.0],
                [0.999918, 0.008455, -0.009663, 0.0, -0.004111, 0.923786, 0.382887, 0.202995, 0.012164, -0.382816, 0.923744, 0.0, 0.0, 0.0, 0.0, 1.0],
                [0.998372, 0.017611, -0.054244, 0.0, 0.005509, 0.916897, 0.399085, 0.202995, 0.056765, -0.398734, 0.915308, 0.0, 0.0, 0.0, 0.0, 1.0],
                [0.994371, 0.028256, -0.102114, 0.0, 0.016666, 0.910069, 0.414122, 0.202995, 0.104632, -0.413493, 0.904475, 0.0, 0.0, 0.0, 0.0, 1.0],
                [0.987771, 0.039847, -0.15073, 0.0, 0.028793, 0.903534, 0.427549, 0.202995, 0.153227, -0.42666, 0.891337, 0.0, 0.0, 0.0, 0.0, 1.0],
                [0.978916, 0.051724, -0.197608, 0.0, 0.041203, 0.897522, 0.43904, 0.202995, 0.200066, -0.437925, 0.876467, 0.0, 0.0, 0.0, 0.0, 1.0],
                [0.968617, 0.063145, -0.240401, 0.0, 0.053124, 0.892248, 0.448409, 0.202995, 0.242813, -0.447108, 0.860893, 0.0, 0.0, 0.0, 0.0, 1.0],
                [0.958078, 0.07333, -0.276964, 0.0, 0.063748, 0.887898, 0.455603, 0.202995, 0.279326, -0.454159, 0.846, 0.0, 0.0, 0.0, 0.0, 1.0],
                [0.948747, 0.081501, -0.305346, 0.0, 0.072267, 0.884629, 0.460662, 0.202995, 0.307663, -0.459118, 0.833399, 0.0, 0.0, 0.0, 0.0, 1.0],
                [0.942151, 0.08691, -0.323725, 0.0, 0.077905, 0.882575, 0.463672, 0.202995, 0.326009, -0.462068, 0.824749, 0.0, 0.0, 0.0, 0.0, 1.0],
                [0.939691, 0.088858, -0.330279, 0.0, 0.079935, 0.881863, 0.464681, 0.202995, 0.332551, -0.463057, 0.821576, 0.0, 0.0, 0.0, 0.0, 1.0],
                [0.94031, 0.088301, -0.328663, 0.0, 0.079412, 0.88216, 0.464207, 0.202995, 0.330923, -0.462598, 0.822492, 0.0, 0.0, 0.0, 0.0, 1.0],
                [0.942106, 0.086694, -0.323915, 0.0, 0.077876, 0.883016, 0.462837, 0.202995, 0.326147, -0.461267, 0.825143, 0.0, 0.0, 0.0, 0.0, 1.0],
                [0.944963, 0.084135, -0.316175, 0.0, 0.075384, 0.88438, 0.46064, 0.202995, 0.318375, -0.459122, 0.829364, 0.0, 0.0, 0.0, 0.0, 1.0],
                [0.94874, 0.080732, -0.305572, 0.0, 0.071999, 0.8862, 0.457675, 0.202995, 0.307747, -0.456215, 0.834961, 0.0, 0.0, 0.0, 0.0, 1.0],
                [0.953278, 0.076594, -0.292224, 0.0, 0.067787, 0.888423, 0.453993, 0.202995, 0.294392, -0.45259, 0.841721, 0.0, 0.0, 0.0, 0.0, 1.0],
                [0.958398, 0.071837, -0.276247, 0.0, 0.062819, 0.890997, 0.449642, 0.202995, 0.278436, -0.44829, 0.849417, 0.0, 0.0, 0.0, 0.0, 1.0],
                [0.963913, 0.066578, -0.257757, 0.0, 0.057167, 0.89387, 0.444666, 0.202995, 0.260006, -0.443355, 0.857807, 0.0, 0.0, 0.0, 0.0, 1.0],
                [0.969628, 0.060933, -0.236874, 0.0, 0.050903, 0.896991, 0.439109, 0.202995, 0.23923, -0.43783, 0.866645, 0.0, 0.0, 0.0, 0.0, 1.0],
                [0.975343, 0.055021, -0.213727, 0.0, 0.044098, 0.900308, 0.433014, 0.202995, 0.216244, -0.431762, 0.875682, 0.0, 0.0, 0.0, 0.0, 1.0],
                [0.980861, 0.048956, -0.188453, 0.0, 0.036822, 0.903771, 0.42643, 0.202995, 0.191195, -0.425207, 0.884671, 0.0, 0.0, 0.0, 0.0, 1.0],
                [0.98599, 0.04285, -0.161204, 0.0, 0.029139, 0.907331, 0.419406, 0.202995, 0.164237, -0.418227, 0.893371, 0.0, 0.0, 0.0, 0.0, 1.0],
                [0.990547, 0.036811, -0.132143, 0.0, 0.021109, 0.91094, 0.411998, 0.202995, 0.13554, -0.410893, 0.901552, 0.0, 0.0, 0.0, 0.0, 1.0],
                [0.99435, 0.031108, -0.10149, 0.0, 0.01265, 0.914557, 0.404258, 0.202995, 0.105393, -0.403258, 0.908997, 0.0, 0.0, 0.0, 0.0, 1.0],
                [0.997222, 0.025973, -0.069814, 0.0, 0.003821, 0.918171, 0.396167, 0.202995, 0.07439, -0.395333, 0.91552, 0.0, 0.0, 0.0, 0.0, 1.0],
                [0.999054, 0.021451, -0.037827, 0.0, -0.005112, 0.921772, 0.387699, 0.202995, 0.043184, -0.387139, 0.921009, 0.0, 0.0, 0.0, 0.0, 1.0],
                [0.999826, 0.017571, -0.006256, 0.0, -0.013891, 0.92535, 0.378859, 0.202995, 0.012446, -0.378706, 0.925433, 0.0, 0.0, 0.0, 0.0, 1.0],
                [0.999605, 0.014349, 0.024169, 0.0, -0.022272, 0.928892, 0.36968, 0.202995, -0.017146, -0.370073, 0.928845, 0.0, 0.0, 0.0, 0.0, 1.0],
                [0.998539, 0.011786, 0.052726, 0.0, -0.030026, 0.932383, 0.360222, 0.202995, -0.044915, -0.361279, 0.931375, 0.0, 0.0, 0.0, 0.0, 1.0],
                [0.996849, 0.009867, 0.078705, 0.0, -0.036941, 0.93581, 0.350563, 0.202995, -0.070194, -0.352366, 0.933226, 0.0, 0.0, 0.0, 0.0, 1.0],
                [0.994807, 0.008561, 0.101418, 0.0, -0.042826, 0.93916, 0.340799, 0.202995, -0.09233, -0.343373, 0.93465, 0.0, 0.0, 0.0, 0.0, 1.0],
                [0.99272, 0.007823, 0.120193, 0.0, -0.047507, 0.942422, 0.331035, 0.202995, -0.110683, -0.334335, 0.935932, 0.0, 0.0, 0.0, 0.0, 1.0],
                [0.990901, 0.007593, 0.134377, 0.0, -0.050827, 0.945588, 0.321372, 0.202995, -0.124625, -0.325278, 0.93737, 0.0, 0.0, 0.0, 0.0, 1.0],
                [0.989645, 0.007797, 0.143325, 0.0, -0.052646, 0.948653, 0.311907, 0.202995, -0.133533, -0.316222, 0.93924, 0.0, 0.0, 0.0, 0.0, 1.0],
                [0.989192, 0.008351, 0.146389, 0.0, -0.052832, 0.951615, 0.302716, 0.202995, -0.136778, -0.307178, 0.941771, 0.0, 0.0, 0.0, 0.0, 1.0],
                [0.98962, 0.008873, 0.143437, 0.0, -0.051151, 0.954477, 0.293864, 0.202995, -0.1343, -0.298151, 0.945023, 0.0, 0.0, 0.0, 0.0, 1.0],
                [0.990744, 0.009032, 0.135444, 0.0, -0.047743, 0.957219, 0.285399, 0.202995, -0.127072, -0.289224, 0.94879, 0.0, 0.0, 0.0, 0.0, 1.0],
                [0.992317, 0.008819, 0.12341, 0.0, -0.043022, 0.959805, 0.277349, 0.202995, -0.116004, -0.280527, 0.95281, 0.0, 0.0, 0.0, 0.0, 1.0],
                [0.99408, 0.008251, 0.108337, 0.0, -0.037384, 0.962206, 0.269743, 0.202995, -0.102017, -0.272196, 0.956819, 0.0, 0.0, 0.0, 0.0, 1.0],
                [0.995803, 0.007371, 0.091231, 0.0, -0.031199, 0.964393, 0.262624, 0.202995, -0.086047, -0.264368, 0.960576, 0.0, 0.0, 0.0, 0.0, 1.0],
                [0.997305, 0.006246, 0.073105, 0.0, -0.024822, 0.966343, 0.256058, 0.202995, -0.069046, -0.257182, 0.963893, 0.0, 0.0, 0.0, 0.0, 1.0],
                [0.998475, 0.004965, 0.054981, 0.0, -0.018587, 0.968034, 0.250131, 0.202995, -0.051981, -0.250771, 0.96665, 0.0, 0.0, 0.0, 0.0, 1.0],
                [0.999276, 0.003636, 0.037878, 0.0, -0.012812, 0.969449, 0.244956, 0.202995, -0.03583, -0.245264, 0.968794, 0.0, 0.0, 0.0, 0.0, 1.0],
                [0.999737, 0.002381, 0.022816, 0.0, -0.007804, 0.970576, 0.240669, 0.202995, -0.021572, -0.240783, 0.970339, 0.0, 0.0, 0.0, 0.0, 1.0],
                [0.999941, 0.00133, 0.01081, 0.0, -0.003858, 0.9714, 0.237417, 0.202995, -0.010185, -0.237445, 0.971348, 0.0, 0.0, 0.0, 0.0, 1.0],
                [0.999996, 0.000611, 0.002868, 0.0, -0.001269, 0.971908, 0.235357, 0.202995, -0.002644, -0.23536, 0.971905, 0.0, 0.0, 0.0, 0.0, 1.0],
                [1.0, 0.000347, -3e-06, 0.0, -0.000337, 0.972082, 0.234639, 0.202995, 8.5e-05, -0.234639, 0.972082, 0.0, 0.0, 0.0, 0.0, 1.0],
                [1.0, 0.000347, -3e-06, 0.0, -0.000337, 0.972082, 0.234639, 0.202995, 8.5e-05, -0.234639, 0.972082, 0.0, 0.0, 0.0, 0.0, 1.0]
            ]
        },
        {
            "name": "Head",
            "time": [0.0, 0.0333, 0.0667, 0.1, 0.1333, 0.1667, 0.2, 0.2333, 0.2667, 0.3, 0.3333, 0.3667, 0.4, 0.4333, 0.4667, 0.5, 0.5333, 0.5667, 0.6, 0.6333, 0.6667, 0.7, 0.7333, 0.7667, 0.8, 0.8333, 0.8667, 0.9, 0.9333, 0.9667, 1.0, 1.0333, 1.0667, 1.1, 1.1333, 1.1667, 1.2, 1.2333, 1.2667, 1.3, 1.3333, 1.3667, 1.4, 1.4333, 1.4667, 1.5, 1.5333, 1.5667, 1.6, 1.6333, 1.6667, 1.7, 1.7333, 1.7667, 1.8, 1.8333, 1.8667, 1.9, 1.9333, 1.9667, 2.0, 2.0333, 2.0667, 2.4],
            "transform": [
                [1.0, -0.000479, -0.000352, 0.0, 0.000294, -0.116485, 0.993192, 0.349907, -0.000517, -0.993192, -0.116484, -0.0, 0.0, 0.0, 0.0, 1.0],
                [0.999992, -0.003947, -0.000201, 0.0, -0.000261, -0.116488, 0.993192, 0.349907, -0.003944, -0.993184, -0.116488, 0.0, 0.0, 0.0, 0.0, 1.0],
                [0.999904, -0.013855, 0.000232, -0.0, -0.001844, -0.116434, 0.993197, 0.349907, -0.013733, -0.993102, -0.116449, -0.0, 0.0, 0.0, 0.0, 1.0],
                [0.999566, -0.029457, 0.000916, 0.0, -0.004335, -0.116217, 0.993214, 0.349907, -0.029151, -0.992787, -0.116295, -0.0, 0.0, 0.0, 0.0, 1.0],
                [0.998747, -0.050009, 0.001825, -0.0, -0.00761, -0.11572, 0.993253, 0.349907, -0.04946, -0.992022, -0.115956, -0.0, 0.0, 0.0, 0.0, 1.0],
                [0.997198, -0.07475, 0.002938, 0.0, -0.011534, -0.114823, 0.993319, 0.349907, -0.073913, -0.99057, -0.115364, -0.0, 0.0, 0.0, 0.0, 1.0],
                [0.994682, -0.102901, 0.004238, -0.0, -0.015965, -0.113409, 0.99342, 0.349907, -0.101744, -0.988205, -0.114449, -0.0, 0.0, 0.0, 0.0, 1.0],
                [0.99101, -0.133663, 0.005716, 0.0, -0.020752, -0.111368, 0.993563, 0.349907, -0.132166, -0.984749, -0.113141, -0.0, 0.0, 0.0, 0.0, 1.0],
                [0.986062, -0.166216, 0.007368, 0.0, -0.025733, -0.108605, 0.993752, 0.349907, -0.164377, -0.98009, -0.111368, -0.0, 0.0, 0.0, 0.0, 1.0],
                [0.979807, -0.199735, 0.009194, -0.0, -0.030739, -0.105038, 0.993993, 0.349907, -0.19757, -0.974204, -0.109057, -0.0, 0.0, 0.0, 0.0, 1.0],
                [0.972317, -0.233396, 0.011198, 0.0, -0.035601, -0.100608, 0.994289, 0.349907, -0.230936, -0.967163, -0.106132, 0.0, 0.0, 0.0, 0.0, 1.0],
                [0.963772, -0.266391, 0.013386, -0.0, -0.040148, -0.09527, 0.994641, 0.349907, -0.263688, -0.959145, -0.102514, -0.0, 0.0, 0.0, 0.0, 1.0],
                [0.954454, -0.297942, 0.015764, 0.0, -0.044217, -0.089002, 0.99505, 0.349907, -0.295064, -0.950426, -0.098122, 0.0, 0.0, 0.0, 0.0, 1.0],
                [0.944738, -0.327312, 0.018334, -0.0, -0.047656, -0.081791, 0.995509, 0.349907, -0.324343, -0.94137, -0.09287, -0.0, 0.0, 0.0, 0.0, 1.0],
                [0.93508, -0.353807, 0.021092, -0.0, -0.05033, -0.07364, 0.996014, 0.349907, -0.350844, -0.932415, -0.086666, 0.0, 0.0, 0.0, 0.0, 1.0],
                [0.925991, -0.376781, 0.024024, 0.0, -0.05212, -0.064552, 0.996552, 0.349907, -0.373931, -0.92405, -0.079412, 0.0, 0.0, 0.0, 0.0, 1.0],
                [0.918014, -0.395622, 0.027098, 0.0, -0.052933, -0.054531, 0.997108, 0.349907, -0.393, -0.916793, -0.071002, -0.0, 0.0, 0.0, 0.0, 1.0],
                [0.911699, -0.409743, 0.030264, -0.0, -0.0527, -0.043572, 0.997659, 0.349907, -0.407466, -0.91116, -0.061318, -0.0, 0.0, 0.0, 0.0, 1.0],
                [0.907572, -0.418562, 0.033444, 0.0, -0.05138, -0.031652, 0.998177, 0.349907, -0.416741, -0.907636, -0.050232, -0.0, 0.0, 0.0, 0.0, 1.0],
                [0.906105, -0.421473, 0.036521, -0.0, -0.048962, -0.01873, 0.998625, 0.349907, -0.42021, -0.906647, -0.037608, -0.0, 0.0, 0.0, 0.0, 1.0],
                [0.913517, -0.404949, 0.038759, 0.0, -0.04409, -0.003842, 0.99902, 0.349907, -0.404403, -0.914331, -0.021364, -0.0, 0.0, 0.0, 0.0, 1.0],
                [0.931649, -0.361272, 0.038892, -0.0, -0.036749, 0.012803, 0.999243, 0.349907, -0.361496, -0.932373, -0.001349, 0.0, 0.0, 0.0, 0.0, 1.0],
                [0.95373, -0.298475, 0.036214, -0.0, -0.028724, 0.029445, 0.999154, 0.349907, -0.299288, -0.953963, 0.019509, -0.0, 0.0, 0.0, 0.0, 1.0],
                [0.97381, -0.225283, 0.03068, 0.0, -0.021269, 0.044083, 0.998801, 0.349907, -0.226365, -0.973296, 0.038136, 0.0, 0.0, 0.0, 0.0, 1.0],
                [0.988222, -0.151274, 0.023078, -0.0, -0.014979, 0.054461, 0.998404, 0.349907, -0.152289, -0.98699, 0.051554, -0.0, 0.0, 0.0, 0.0, 1.0],
                [0.996153, -0.086363, 0.014871, -0.0, -0.00986, 0.058162, 0.998258, 0.349907, -0.087077, -0.994565, 0.057087, -0.0, 0.0, 0.0, 0.0, 1.0],
                [0.99935, -0.035248, 0.007547, -0.0, -0.005499, 0.057843, 0.998311, 0.349907, -0.035625, -0.997703, 0.057611, -0.0, 0.0, 0.0, 0.0, 1.0],
                [0.999988, 0.004651, 0.00141, 0.0, -0.001676, 0.05775, 0.99833, 0.349907, 0.004562, -0.99832, 0.057757, -0.0, 0.0, 0.0, 0.0, 1.0],
                [0.999394, 0.034615, -0.003611, 0.0, 0.001605, 0.057787, 0.998328, 0.349907, 0.034766, -0.997729, 0.057697, -0.0, 0.0, 0.0, 0.0, 1.0],
                [0.9984, 0.05604, -0.007601, 0.0, 0.004351, 0.057886, 0.998314, 0.349907, 0.056386, -0.996749, 0.057549, -0.0, 0.0, 0.0, 0.0, 1.0],
                [0.997464, 0.070364, -0.010655, 0.0, 0.006573, 0.057998, 0.998295, 0.349907, 0.070862, -0.995834, 0.057388, 0.0, 0.0, 0.0, 0.0, 1.0],
                [0.996789, 0.079026, -0.012869, -0.0, 0.008282, 0.058096, 0.998277, 0.349907, 0.079637, -0.995178, 0.057255, -0.0, 0.0, 0.0, 0.0, 1.0],
                [0.996408, 0.083456, -0.014335, 0.0, 0.00949, 0.058165, 0.998262, 0.349907, 0.084145, -0.994812, 0.057164, 0.0, 0.0, 0.0, 0.0, 1.0],
                [0.996259, 0.085075, -0.015148, -0.0, 0.010208, 0.058203, 0.998253, 0.349907, 0.085808, -0.994673, 0.057117, -0.0, 0.0, 0.0, 0.0, 1.0],
                [0.996236, 0.0853, -0.015398, 0.0, 0.010445, 0.058213, 0.99825, 0.349907, 0.086048, -0.994653, 0.057103, -0.0, 0.0, 0.0, 0.0, 1.0],
                [0.996606, 0.080983, -0.014775, -0.0, 0.010311, 0.055269, 0.998418, 0.349907, 0.081672, -0.995182, 0.054246, 0.0, 0.0, 0.0, 0.0, 1.0],
                [0.997535, 0.068939, -0.013104, 0.0, 0.009869, 0.047069, 0.998843, 0.349907, 0.069476, -0.99651, 0.046273, -0.0, 0.0, 0.0, 0.0, 1.0],
                [0.998666, 0.05051, -0.010741, -0.0, 0.009001, 0.034559, 0.999362, 0.349907, 0.050849, -0.998125, 0.034058, 0.0, 0.0, 0.0, 0.0, 1.0],
                [0.999602, 0.027049, -0.008066, -0.0, 0.007562, 0.018694, 0.999797, 0.349907, 0.027195, -0.999459, 0.018482, -0.0, 0.0, 0.0, 0.0, 1.0],
                [0.999985, -5.5e-05, -0.005439, 0.0, 0.005439, 0.00045, 0.999985, 0.349907, -5.2e-05, -1.0, 0.000451, 0.0, 0.0, 0.0, 0.0, 1.0],
                [0.999564, -0.029369, -0.003153, 0.0, 0.00259, -0.019181, 0.999813, 0.349907, -0.029424, -0.999385, -0.019096, -0.0, 0.0, 0.0, 0.0, 1.0],
                [0.998232, -0.059426, -0.001406, 0.0, -0.000926, -0.039201, 0.999231, 0.349907, -0.059435, -0.997463, -0.039187, -0.0, 0.0, 0.0, 0.0, 1.0],
                [0.996054, -0.088743, -0.000285, -0.0, -0.004938, -0.058627, 0.998268, 0.349907, -0.088606, -0.994328, -0.058834, -0.0, 0.0, 0.0, 0.0, 1.0],
                [0.993266, -0.115852, 0.000236, 0.0, -0.00916, -0.076502, 0.997027, 0.349907, -0.11549, -0.990316, -0.077048, 0.0, 0.0, 0.0, 0.0, 1.0],
                [0.990248, -0.139319, 0.000284, 0.0, -0.013217, -0.091913, 0.995679, 0.349907, -0.138691, -0.985973, -0.092858, -0.0, 0.0, 0.0, 0.0, 1.0],
                [0.987479, -0.157753, 5.6e-05, -0.0, -0.016669, -0.103988, 0.994439, 0.349907, -0.15687, -0.981988, -0.105315, -0.0, 0.0, 0.0, 0.0, 1.0],
                [0.985478, -0.169802, -0.000223, 0.0, -0.019054, -0.111886, 0.993538, 0.349907, -0.168729, -0.979106, -0.113497, 0.0, 0.0, 0.0, 0.0, 1.0],
                [0.984724, -0.17412, -0.000352, -0.0, -0.019938, -0.114766, 0.993192, 0.349907, -0.172975, -0.978014, -0.116484, 0.0, 0.0, 0.0, 0.0, 1.0],
                [0.985109, -0.17193, -0.000358, -0.0, -0.019689, -0.114882, 0.993184, 0.349907, -0.170799, -0.978388, -0.116556, 0.0, 0.0, 0.0, 0.0, 1.0],
                [0.986165, -0.165763, -0.000363, -0.0, -0.018974, -0.115055, 0.993178, 0.349907, -0.164674, -0.979431, -0.116609, 0.0, 0.0, 0.0, 0.0, 1.0],
                [0.987722, -0.156218, -0.000365, -0.0, -0.017864, -0.115268, 0.993174, 0.349907, -0.155194, -0.980974, -0.116644, 0.0, 0.0, 0.0, 0.0, 1.0],
                [0.989593, -0.143893, -0.000365, -0.0, -0.016428, -0.115501, 0.993172, 0.349907, -0.142952, -0.98283, -0.116663, 0.0, 0.0, 0.0, 0.0, 1.0],
                [0.991594, -0.129387, -0.000364, -0.0, -0.014737, -0.115735, 0.993171, 0.349907, -0.128546, -0.984817, -0.116669, 0.0, 0.0, 0.0, 0.0, 1.0],
                [0.99356, -0.113309, -0.000362, -0.0, -0.012861, -0.115953, 0.993171, 0.349907, -0.112577, -0.98677, -0.116664, -0.0, 0.0, 0.0, 0.0, 1.0],
                [0.995355, -0.096274, -0.00036, 0.0, -0.010874, -0.116142, 0.993173, 0.349907, -0.095658, -0.988556, -0.11665, -0.0, 0.0, 0.0, 0.0, 1.0],
                [0.996882, -0.078903, -0.000358, -0.0, -0.008848, -0.116294, 0.993175, 0.349907, -0.078406, -0.990076, -0.116629, -0.0, 0.0, 0.0, 0.0, 1.0],
                [0.998087, -0.061822, -0.000356, 0.0, -0.006856, -0.116403, 0.993178, 0.349907, -0.061442, -0.991276, -0.116604, 0.0, 0.0, 0.0, 0.0, 1.0],
                [0.998957, -0.04566, -0.000354, 0.0, -0.004971, -0.116471, 0.993182, 0.349907, -0.04539, -0.992144, -0.116577, 0.0, 0.0, 0.0, 0.0, 1.0],
                [0.999518, -0.031044, -0.000353, -0.0, -0.003268, -0.116504, 0.993185, 0.349907, -0.030873, -0.992705, -0.116549, 0.0, 0.0, 0.0, 0.0, 1.0],
                [0.999827, -0.018598, -0.000352, -0.0, -0.001817, -0.116511, 0.993188, 0.349907, -0.018512, -0.993015, -0.116524, 0.0, 0.0, 0.0, 0.0, 1.0],
                [0.99996, -0.008943, -0.000352, 0.0, -0.000692, -0.116502, 0.99319, 0.349907, -0.008923, -0.99315, -0.116504, -0.0, 0.0, 0.0, 0.0, 1.0],
                [0.999996, -0.002698, -0.000352, 0.0, 3.5e-05, -0.11649, 0.993192, 0.349907, -0.002721, -0.993188, -0.11649, -0.0, 0.0, 0.0, 0.0, 1.0],
                [1.0, -0.000479, -0.000352, 0.0, 0.000294, -0.116485, 0.993192, 0.349907, -0.000517, -0.993192, -0.116484, -0.0, 0.0, 0.0, 0.0, 1.0],
                [1.0, -0.000479, -0.000352, 0.0, 0.000294, -0.116485, 0.993192, 0.349907, -0.000517, -0.993192, -0.116484, -0.0, 0.0, 0.0, 0.0, 1.0]
            ]
        },
        {
            "name": "Snout",
            "time": [0.0, 2.4],
            "transform": [
                [1.0, 0.000516, -4.3e-05, 0.0, -0.000517, 0.995168, -0.098181, 0.234634, -8e-06, 0.098181, 0.995169, 0.0, 0.0, 0.0, 0.0, 1.0],
                [1.0, 0.000516, -4.3e-05, 0.0, -0.000517, 0.995168, -0.098181, 0.234634, -8e-06, 0.098181, 0.995169, 0.0, 0.0, 0.0, 0.0, 1.0]
            ]
        },
        {
            "name": "Jaw",
            "time": [0.0, 0.0333, 0.0667, 0.1, 0.1333, 0.1667, 0.2, 0.2333, 0.2667, 0.3, 0.3333, 0.3667, 0.4, 0.4333, 0.4667, 0.5, 0.5333, 0.5667, 0.6, 0.6333, 0.6667, 0.7, 0.7333, 0.7667, 0.8, 0.8333, 0.8667, 0.9, 0.9333, 0.9667, 1.0, 1.0333, 1.0667, 1.1, 1.1333, 1.1667, 1.2, 1.2333, 1.2667, 1.3, 1.3333, 1.3667, 1.4, 1.4333, 1.4667, 1.5, 1.5333, 1.5667, 1.6, 1.6333, 1.6667, 1.7, 1.7333, 1.7667, 1.8, 1.8333, 1.8667, 1.9, 1.9333, 1.9667, 2.0, 2.0333, 2.0667, 2.1, 2.1333, 2.1667, 2.2, 2.2333, 2.2667, 2.3, 2.3333, 2.3667, 2.4],
            "transform": [
                [1.0, 0.000445, 0.000266, 0.0, -0.000518, 0.866521, 0.49914, 0.234634, -8e-06, -0.49914, 0.866521, 0.0, 0.0, 0.0, 0.0, 1.0],
                [1.0, 0.000445, 0.000265, -0.0, -0.000518, 0.866808, 0.498642, 0.234633, -8e-06, -0.498642, 0.866808, 0.0, 0.0, 0.0, 0.0, 1.0],
                [1.0, 0.000446, 0.000265, 0.0, -0.000518, 0.867629, 0.497212, 0.234634, -8e-06, -0.497212, 0.867629, 0.0, 0.0, 0.0, 0.0, 1.0],
                [1.0, 0.000446, 0.000264, 0.0, -0.000518, 0.868923, 0.494946, 0.234634, -8e-06, -0.494947, 0.868923, -0.0, 0.0, 0.0, 0.0, 1.0],
                [1.0, 0.000447, 0.000262, -0.0, -0.000518, 0.870629, 0.491939, 0.234634, -8e-06, -0.491939, 0.87063, -0.0, 0.0, 0.0, 0.0, 1.0],
                [1.0, 0.000448, 0.00026, 0.0, -0.000518, 0.872684, 0.488285, 0.234634, -8e-06, -0.488285, 0.872685, 0.0, 0.0, 0.0, 0.0, 1.0],
                [1.0, 0.000449, 0.000258, 0.0, -0.000518, 0.875025, 0.484077, 0.234634, -8e-06, -0.484077, 0.875026, -0.0, 0.0, 0.0, 0.0, 1.0],
                [1.0, 0.000451, 0.000256, 0.0, -0.000518, 0.87759, 0.479412, 0.234634, -8e-06, -0.479412, 0.87759, 0.0, 0.0, 0.0, 0.0, 1.0],
                [1.0, 0.000452, 0.000253, -0.0, -0.000518, 0.880318, 0.474384, 0.234633, -8e-06, -0.474384, 0.880318, -0.0, 0.0, 0.0, 0.0, 1.0],
                [1.0, 0.000454, 0.00025, 0.0, -0.000518, 0.88315, 0.46909, 0.234634, -8e-06, -0.46909, 0.88315, -0.0, 0.0, 0.0, 0.0, 1.0],
                [1.0, 0.000455, 0.000247, 0.0, -0.000518, 0.886029, 0.46363, 0.234634, -8e-06, -0.46363, 0.886029, -0.0, 0.0, 0.0, 0.0, 1.0],
                [1.0, 0.000457, 0.000245, -0.0, -0.000518, 0.8889, 0.458101, 0.234633, -8e-06, -0.458101, 0.8889, -0.0, 0.0, 0.0, 0.0, 1.0],
                [1.0, 0.000458, 0.000242, -0.0, -0.000518, 0.891711, 0.452605, 0.234633, -8e-06, -0.452605, 0.891711, -0.0, 0.0, 0.0, 0.0, 1.0],
                [1.0, 0.00046, 0.000239, 0.0, -0.000518, 0.894412, 0.447244, 0.234634, -8e-06, -0.447244, 0.894412, 0.0, 0.0, 0.0, 0.0, 1.0],
                [1.0, 0.000461, 0.000236, -0.0, -0.000518, 0.896955, 0.442121, 0.234634, -8e-06, -0.442121, 0.896955, 0.0, 0.0, 0.0, 0.0, 1.0],
                [1.0, 0.000462, 0.000234, -0.0, -0.000518, 0.899297, 0.437339, 0.234633, -8e-06, -0.437339, 0.899297, 0.0, 0.0, 0.0, 0.0, 1.0],
                [1.0, 0.000464, 0.000232, -0.0, -0.000518, 0.901392, 0.433004, 0.234633, -8e-06, -0.433004, 0.901392, -0.0, 0.0, 0.0, 0.0, 1.0],
                [1.0, 0.000464, 0.00023, -0.0, -0.000518, 0.9032, 0.429221, 0.234634, -8e-06, -0.429221, 0.9032, -0.0, 0.0, 0.0, 0.0, 1.0],
                [1.0, 0.000465, 0.000228, -0.0, -0.000518, 0.904678, 0.426095, 0.234634, -8e-06, -0.426095, 0.904678, 0.0, 0.0, 0.0, 0.0, 1.0],
                [1.0, 0.000466, 0.000227, 0.0, -0.000518, 0.905787, 0.423733, 0.234634, -8e-06, -0.423733, 0.905787, 0.0, 0.0, 0.0, 0.0, 1.0],
                [1.0, 0.000466, 0.000226, 0.0, -0.000518, 0.906484, 0.422239, 0.234633, -8e-06, -0.422239, 0.906484, 0.0, 0.0, 0.0, 0.0, 1.0],
                [1.0, 0.000466, 0.000226, -0.0, -0.000518, 0.906727, 0.421718, 0.234634, -8e-06, -0.421718, 0.906727, -0.0, 0.0, 0.0, 0.0, 1.0],
                [1.0, 0.000466, 0.000226, -0.0, -0.000518, 0.906727, 0.421718, 0.234633, -8e-06, -0.421718, 0.906727, -0.0, 0.0, 0.0, 0.0, 1.0],
                [1.0, 0.000466, 0.000226, 0.0, -0.000518, 0.906727, 0.421718, 0.234634, -8e-06, -0.421718, 0.906727, -0.0, 0.0, 0.0, 0.0, 1.0],
                [1.0, 0.000466, 0.000226, 0.0, -0.000518, 0.906727, 0.421718, 0.234634, -8e-06, -0.421718, 0.906727, 0.0, 0.0, 0.0, 0.0, 1.0],
                [1.0, 0.000466, 0.000226, -0.0, -0.000518, 0.906727, 0.421718, 0.234634, -8e-06, -0.421718, 0.906727, 0.0, 0.0, 0.0, 0.0, 1.0],
                [1.0, 0.000466, 0.000226, -0.0, -0.000518, 0.906727, 0.421718, 0.234633, -8e-06, -0.421718, 0.906727, -0.0, 0.0, 0.0, 0.0, 1.0],
                [1.0, 0.000466, 0.000226, 0.0, -0.000518, 0.906727, 0.421718, 0.234634, -8e-06, -0.421718, 0.906727, -0.0, 0.0, 0.0, 0.0, 1.0],
                [1.0, 0.000466, 0.000226, 0.0, -0.000518, 0.906727, 0.421718, 0.234634, -8e-06, -0.421718, 0.906727, 0.0, 0.0, 0.0, 0.0, 1.0],
                [1.0, 0.000466, 0.000226, 0.0, -0.000518, 0.906727, 0.421718, 0.234634, -8e-06, -0.421718, 0.906727, -0.0, 0.0, 0.0, 0.0, 1.0],
                [1.0, 0.000466, 0.000226, -0.0, -0.000518, 0.906727, 0.421718, 0.234634, -8e-06, -0.421718, 0.906727, 0.0, 0.0, 0.0, 0.0, 1.0],
                [1.0, 0.000466, 0.000226, -0.0, -0.000518, 0.906727, 0.421718, 0.234633, -8e-06, -0.421718, 0.906727, 0.0, 0.0, 0.0, 0.0, 1.0],
                [1.0, 0.000466, 0.000226, -0.0, -0.000518, 0.906727, 0.421718, 0.234634, -8e-06, -0.421718, 0.906727, 0.0, 0.0, 0.0, 0.0, 1.0],
                [1.0, 0.000466, 0.000226, 0.0, -0.000518, 0.906727, 0.421718, 0.234634, -8e-06, -0.421718, 0.906727, -0.0, 0.0, 0.0, 0.0, 1.0],
                [1.0, 0.000466, 0.000226, 0.0, -0.000518, 0.906727, 0.421718, 0.234634, -8e-06, -0.421718, 0.906727, -0.0, 0.0, 0.0, 0.0, 1.0],
                [1.0, 0.000466, 0.000226, -0.0, -0.000518, 0.906727, 0.421718, 0.234634, -8e-06, -0.421718, 0.906727, 0.0, 0.0, 0.0, 0.0, 1.0],
                [1.0, 0.000466, 0.000226, -0.0, -0.000518, 0.906727, 0.421718, 0.234634, -8e-06, -0.421718, 0.906727, 0.0, 0.0, 0.0, 0.0, 1.0],
                [1.0, 0.000466, 0.000226, 0.0, -0.000518, 0.906727, 0.421718, 0.234634, -8e-06, -0.421718, 0.906727, 0.0, 0.0, 0.0, 0.0, 1.0],
                [1.0, 0.000466, 0.000226, 0.0, -0.000518, 0.906727, 0.421718, 0.234634, -8e-06, -0.421718, 0.906727, 0.0, 0.0, 0.0, 0.0, 1.0],
                [1.0, 0.000466, 0.000226, -0.0, -0.000518, 0.906727, 0.421718, 0.234634, -8e-06, -0.421718, 0.906727, 0.0, 0.0, 0.0, 0.0, 1.0],
                [1.0, 0.000466, 0.000226, -0.0, -0.000518, 0.906727, 0.421718, 0.234633, -8e-06, -0.421718, 0.906727, 0.0, 0.0, 0.0, 0.0, 1.0],
                [1.0, 0.000466, 0.000226, 0.0, -0.000518, 0.906727, 0.421718, 0.234634, -8e-06, -0.421718, 0.906727, -0.0, 0.0, 0.0, 0.0, 1.0],
                [1.0, 0.000466, 0.000226, 0.0, -0.000518, 0.906727, 0.421718, 0.234634, -8e-06, -0.421718, 0.906727, -0.0, 0.0, 0.0, 0.0, 1.0],
                [1.0, 0.000466, 0.000226, -0.0, -0.000518, 0.906727, 0.421718, 0.234634, -8e-06, -0.421718, 0.906727, -0.0, 0.0, 0.0, 0.0, 1.0],
                [1.0, 0.000466, 0.000226, -0.0, -0.000518, 0.906727, 0.421718, 0.234634, -8e-06, -0.421718, 0.906727, 0.0, 0.0, 0.0, 0.0, 1.0],
                [1.0, 0.000466, 0.000226, 0.0, -0.000518, 0.906727, 0.421718, 0.234634, -8e-06, -0.421718, 0.906727, -0.0, 0.0, 0.0, 0.0, 1.0],
                [1.0, 0.000466, 0.000226, -0.0, -0.000518, 0.906727, 0.421718, 0.234634, -8e-06, -0.421718, 0.906727, -0.0, 0.0, 0.0, 0.0, 1.0],
                [1.0, 0.000466, 0.000226, -0.0, -0.000518, 0.906727, 0.421718, 0.234634, -8e-06, -0.421718, 0.906727, 0.0, 0.0, 0.0, 0.0, 1.0],
                [1.0, 0.000466, 0.000226, 0.0, -0.000518, 0.906727, 0.421718, 0.234633, -8e-06, -0.421718, 0.906727, 0.0, 0.0, 0.0, 0.0, 1.0],
                [1.0, 0.000466, 0.000226, 0.0, -0.000518, 0.90654, 0.422119, 0.234634, -8e-06, -0.422119, 0.90654, -0.0, 0.0, 0.0, 0.0, 1.0],
                [1.0, 0.000466, 0.000227, 0.0, -0.000518, 0.906002, 0.423274, 0.234634, -8e-06, -0.423274, 0.906002, -0.0, 0.0, 0.0, 0.0, 1.0],
                [1.0, 0.000466, 0.000228, -0.0, -0.000518, 0.90514, 0.425114, 0.234634, -8e-06, -0.425114, 0.90514, -0.0, 0.0, 0.0, 0.0, 1.0],
                [1.0, 0.000465, 0.000229, 0.0, -0.000518, 0.903982, 0.427569, 0.234633, -8e-06, -0.427569, 0.903983, 0.0, 0.0, 0.0, 0.0, 1.0],
                [1.0, 0.000464, 0.00023, 0.0, -0.000518, 0.902558, 0.430568, 0.234633, -8e-06, -0.430568, 0.902558, -0.0, 0.0, 0.0, 0.0, 1.0],
                [1.0, 0.000463, 0.000232, -0.0, -0.000518, 0.900894, 0.43404, 0.234634, -8e-06, -0.43404, 0.900894, -0.0, 0.0, 0.0, 0.0, 1.0],
                [1.0, 0.000462, 0.000234, 0.0, -0.000518, 0.899017, 0.437914, 0.234634, -8e-06, -0.437914, 0.899017, -0.0, 0.0, 0.0, 0.0, 1.0],
                [1.0, 0.000461, 0.000236, 0.0, -0.000518, 0.896956, 0.442121, 0.234634, -8e-06, -0.442121, 0.896956, -0.0, 0.0, 0.0, 0.0, 1.0],
                [1.0, 0.00046, 0.000239, 0.0, -0.000518, 0.894739, 0.446589, 0.234634, -8e-06, -0.446589, 0.894739, 0.0, 0.0, 0.0, 0.0, 1.0],
                [1.0, 0.000459, 0.000241, 0.0, -0.000518, 0.892398, 0.451248, 0.234634, -8e-06, -0.451248, 0.892398, 0.0, 0.0, 0.0, 0.0, 1.0],
                [1.0, 0.000457, 0.000244, -0.0, -0.000518, 0.889964, 0.456031, 0.234633, -8e-06, -0.456031, 0.889964, 0.0, 0.0, 0.0, 0.0, 1.0],
                [1.0, 0.000456, 0.000246, -0.0, -0.000518, 0.887469, 0.460868, 0.234634, -8e-06, -0.460868, 0.887469, -0.0, 0.0, 0.0, 0.0, 1.0],
                [1.0, 0.000455, 0.000249, 0.0, -0.000518, 0.884947, 0.465691, 0.234634, -8e-06, -0.465691, 0.884948, 0.0, 0.0, 0.0, 0.0, 1.0],
                [1.0, 0.000453, 0.000251, 0.0, -0.000518, 0.882436, 0.470433, 0.234634, -8e-06, -0.470433, 0.882436, 0.0, 0.0, 0.0, 0.0, 1.0],
                [1.0, 0.000452, 0.000253, 0.0, -0.000518, 0.87997, 0.475029, 0.234634, -8e-06, -0.475029, 0.87997, 0.0, 0.0, 0.0, 0.0, 1.0],
                [1.0, 0.000451, 0.000256, 0.0, -0.000518, 0.87759, 0.479411, 0.234634, -8e-06, -0.479411, 0.87759, 0.0, 0.0, 0.0, 0.0, 1.0],
                [1.0, 0.00045, 0.000258, 0.0, -0.000518, 0.875335, 0.483517, 0.234634, -8e-06, -0.483517, 0.875335, 0.0, 0.0, 0.0, 0.0, 1.0],
                [1.0, 0.000449, 0.00026, 0.0, -0.000518, 0.873245, 0.487281, 0.234634, -8e-06, -0.487281, 0.873245, 0.0, 0.0, 0.0, 0.0, 1.0],
                [1.0, 0.000448, 0.000261, 0.0, -0.000518, 0.871363, 0.49064, 0.234634, -8e-06, -0.49064, 0.871363, 0.0, 0.0, 0.0, 0.0, 1.0],
                [1.0, 0.000447, 0.000263, 0.0, -0.000518, 0.869729, 0.49353, 0.234634, -8e-06, -0.49353, 0.869729, 0.0, 0.0, 0.0, 0.0, 1.0],
                [1.0, 0.000446, 0.000264, 0.0, -0.000518, 0.868386, 0.495888, 0.234634, -8e-06, -0.495888, 0.868386, 0.0, 0.0, 0.0, 0.0, 1.0],
                [1.0, 0.000445, 0.000265, 0.0, -0.000518, 0.867377, 0.497652, 0.234634, -8e-06, -0.497652, 0.867377, 0.0, 0.0, 0.0, 0.0, 1.0],
                [1.0, 0.000445, 0.000266, 0.0, -0.000518, 0.866742, 0.498757, 0.234634, -8e-06, -0.498757, 0.866742, 0.0, 0.0, 0.0, 0.0, 1.0],
                [1.0, 0.000445, 0.000266, 0.0, -0.000518, 0.866521, 0.49914, 0.234634, -8e-06, -0.49914, 0.866521, 0.0, 0.0, 0.0, 0.0, 1.0]
            ]
        },
        {
            "name": "Ear_R",
            "time": [0.0, 0.0333, 0.0667, 0.1, 0.1333, 0.1667, 0.2, 0.2333, 0.2667, 0.3, 0.3333, 0.3667, 0.4, 0.4333, 0.4667, 0.5, 0.5333, 0.5667, 0.6, 0.6333, 0.6667, 0.7, 0.7333, 0.7667, 0.8, 0.8333, 0.8667, 0.9, 0.9333, 0.9667, 1.0, 1.0333, 1.0667, 1.1, 1.1333, 1.1667, 1.2, 1.2333, 1.2667, 1.3, 1.3333, 1.3667, 1.4, 1.4333, 1.4667, 1.5, 1.5333, 1.5667, 1.6, 1.6333, 1.6667, 1.7, 1.7333, 1.7667, 1.8, 1.8333, 1.8667, 1.9, 2.4],
            "transform": [
                [0.994795, -0.011067, -0.101295, 0.103474, -0.101738, -0.052133, -0.993444, -0.139452, 0.005713, 0.998579, -0.052988, 0.207531, 0.0, 0.0, 0.0, 1.0],
                [0.994855, -0.001459, -0.101295, 0.103474, -0.10123, -0.053114, -0.993444, -0.139452, -0.003931, 0.998587, -0.052988, 0.207531, 0.0, 0.0, 0.0, 1.0],
                [0.994583, 0.023333, -0.101295, 0.103474, -0.099875, -0.055619, -0.993444, -0.139452, -0.028814, 0.998179, -0.052988, 0.207531, 0.0, 0.0, 0.0, 1.0],
                [0.993209, 0.057231, -0.101295, 0.103474, -0.09792, -0.058993, -0.993444, -0.139452, -0.062831, 0.996616, -0.052988, 0.207531, 0.0, 0.0, 0.0, 1.0],
                [0.990396, 0.094098, -0.101295, 0.103474, -0.09566, -0.06259, -0.993444, -0.139451, -0.099822, 0.993593, -0.052988, 0.207531, 0.0, 0.0, 0.0, 1.0],
                [0.986612, 0.127812, -0.101295, 0.103474, -0.093471, -0.065816, -0.993444, -0.139452, -0.133641, 0.989612, -0.052988, 0.207531, 0.0, 0.0, 0.0, 1.0],
                [0.983121, 0.152358, -0.101295, 0.103474, -0.091802, -0.068124, -0.993444, -0.139451, -0.15826, 0.985975, -0.052988, 0.207531, 0.0, 0.0, 0.0, 1.0],
                [0.981603, 0.161846, -0.101295, 0.103474, -0.091139, -0.069008, -0.993444, -0.139451, -0.167775, 0.9844, -0.052988, 0.207531, 0.0, 0.0, 0.0, 1.0],
                [0.981603, 0.161846, -0.101295, 0.103474, -0.091139, -0.069008, -0.993444, -0.139452, -0.167775, 0.9844, -0.052988, 0.207531, 0.0, 0.0, 0.0, 1.0],
                [0.981603, 0.161846, -0.101295, 0.103474, -0.091139, -0.069008, -0.993444, -0.139451, -0.167775, 0.9844, -0.052988, 0.207531, 0.0, 0.0, 0.0, 1.0],
                [0.981603, 0.161846, -0.101295, 0.103474, -0.091139, -0.069008, -0.993445, -0.139452, -0.167775, 0.9844, -0.052988, 0.207531, 0.0, 0.0, 0.0, 1.0],
                [0.981603, 0.161846, -0.101295, 0.103474, -0.091139, -0.069008, -0.993444, -0.139452, -0.167775, 0.9844, -0.052988, 0.207531, 0.0, 0.0, 0.0, 1.0],
                [0.981603, 0.161846, -0.101295, 0.103474, -0.091139, -0.069008, -0.993444, -0.139452, -0.167775, 0.9844, -0.052988, 0.207531, 0.0, 0.0, 0.0, 1.0],
                [0.981603, 0.161846, -0.101295, 0.103474, -0.091139, -0.069008, -0.993444, -0.139452, -0.167775, 0.9844, -0.052988, 0.207531, 0.0, 0.0, 0.0, 1.0],
                [0.98081, 0.166588, -0.101295, 0.103474, -0.090805, -0.069447, -0.993444, -0.139451, -0.17253, 0.983578, -0.052988, 0.207531, 0.0, 0.0, 0.0, 1.0],
                [0.978657, 0.178801, -0.101295, 0.103474, -0.089932, -0.070574, -0.993444, -0.139452, -0.184777, 0.981351, -0.052988, 0.207531, 0.0, 0.0, 0.0, 1.0],
                [0.975467, 0.195457, -0.101295, 0.103474, -0.088716, -0.072097, -0.993444, -0.139452, -0.201479, 0.978058, -0.052988, 0.207531, 0.0, 0.0, 0.0, 1.0],
                [0.971668, 0.213542, -0.101295, 0.103474, -0.087362, -0.073732, -0.993444, -0.139451, -0.219611, 0.974147, -0.052988, 0.207531, 0.0, 0.0, 0.0, 1.0],
                [0.967887, 0.230075, -0.101295, 0.103474, -0.086092, -0.075211, -0.993444, -0.139452, -0.236185, 0.970262, -0.052988, 0.207531, 0.0, 0.0, 0.0, 1.0],
                [0.964944, 0.242122, -0.101295, 0.103474, -0.085148, -0.076278, -0.993444, -0.139452, -0.248261, 0.967243, -0.052988, 0.207531, 0.0, 0.0, 0.0, 1.0],
                [0.963762, 0.246782, -0.101295, 0.103474, -0.084778, -0.076689, -0.993444, -0.139452, -0.252933, 0.966032, -0.052988, 0.207531, 0.0, 0.0, 0.0, 1.0],
                [0.963762, 0.246782, -0.101295, 0.103474, -0.084778, -0.076689, -0.993444, -0.139451, -0.252933, 0.966032, -0.052988, 0.207531, 0.0, 0.0, 0.0, 1.0],
                [0.963762, 0.246782, -0.101295, 0.103474, -0.084778, -0.076689, -0.993444, -0.139452, -0.252933, 0.966032, -0.052988, 0.207531, 0.0, 0.0, 0.0, 1.0],
                [0.963762, 0.246782, -0.101295, 0.103474, -0.084778, -0.076689, -0.993444, -0.139451, -0.252933, 0.966032, -0.052988, 0.207531, 0.0, 0.0, 0.0, 1.0],
                [0.963762, 0.246782, -0.101295, 0.103474, -0.084778, -0.076689, -0.993444, -0.139451, -0.252933, 0.966032, -0.052988, 0.207531, 0.0, 0.0, 0.0, 1.0],
                [0.963762, 0.246782, -0.101295, 0.103474, -0.084778, -0.076689, -0.993444, -0.139452, -0.252933, 0.966032, -0.052988, 0.207531, 0.0, 0.0, 0.0, 1.0],
                [0.963762, 0.246782, -0.101295, 0.103474, -0.084778, -0.076689, -0.993444, -0.139452, -0.252933, 0.966032, -0.052988, 0.207531, 0.0, 0.0, 0.0, 1.0],
                [0.963762, 0.246782, -0.101295, 0.103474, -0.084778, -0.076689, -0.993444, -0.139452, -0.252933, 0.966031, -0.052988, 0.207531, 0.0, 0.0, 0.0, 1.0],
                [0.963762, 0.246782, -0.101295, 0.103474, -0.084778, -0.076689, -0.993444, -0.139452, -0.252933, 0.966032, -0.052988, 0.207531, 0.0, 0.0, 0.0, 1.0],
                [0.963762, 0.246782, -0.101295, 0.103474, -0.084778, -0.076689, -0.993444, -0.139452, -0.252933, 0.966032, -0.052988, 0.207531, 0.0, 0.0, 0.0, 1.0],
                [0.963762, 0.246782, -0.101295, 0.103474, -0.084778, -0.076689, -0.993444, -0.139452, -0.252933, 0.966032, -0.052988, 0.207531, 0.0, 0.0, 0.0, 1.0],
                [0.963762, 0.246782, -0.101295, 0.103474, -0.084778, -0.076689, -0.993444, -0.139452, -0.252933, 0.966032, -0.052988, 0.207531, 0.0, 0.0, 0.0, 1.0],
                [0.963762, 0.246782, -0.101295, 0.103474, -0.084778, -0.076689, -0.993444, -0.139452, -0.252933, 0.966032, -0.052988, 0.207531, 0.0, 0.0, 0.0, 1.0],
                [0.963762, 0.246782, -0.101295, 0.103474, -0.084778, -0.076689, -0.993444, -0.139452, -0.252933, 0.966032, -0.052988, 0.207531, 0.0, 0.0, 0.0, 1.0],
                [0.963762, 0.246782, -0.101295, 0.103474, -0.084778, -0.076689, -0.993444, -0.139451, -0.252933, 0.966032, -0.052988, 0.207531, 0.0, 0.0, 0.0, 1.0],
                [0.963762, 0.246782, -0.101295, 0.103474, -0.084778, -0.076689, -0.993444, -0.139452, -0.252933, 0.966032, -0.052988, 0.207531, 0.0, 0.0, 0.0, 1.0],
                [0.963762, 0.246782, -0.101295, 0.103474, -0.084778, -0.076689, -0.993444, -0.139452, -0.252933, 0.966032, -0.052988, 0.207531, 0.0, 0.0, 0.0, 1.0],
                [0.963762, 0.246782, -0.101295, 0.103474, -0.084778, -0.076689, -0.993444, -0.139452, -0.252933, 0.966032, -0.052988, 0.207531, 0.0, 0.0, 0.0, 1.0],
