{
    "animation": [
        {
            "name": "Root",
            "time": [0.0, 0.0333, 0.0667, 0.1, 0.1333, 0.1667, 0.2, 0.2333, 0.2667, 0.3, 0.3333, 0.3667, 0.4, 0.4333, 0.4667, 0.5, 0.5333, 0.5667, 0.6, 0.6333, 0.6667, 0.7, 0.7333, 0.7667, 0.8, 0.8333, 0.8667, 0.9, 0.9333, 0.9667, 1.0, 1.0333, 1.0667, 1.1, 1.1333, 1.1667, 1.2, 1.2333, 1.2667, 1.3, 1.3333, 1.3667, 1.4, 1.4333, 1.4667, 1.5, 1.5333, 1.5667, 1.6, 1.6333, 1.6667, 1.7, 1.7333, 1.7667, 1.8, 1.8333, 1.8667, 1.9, 1.9333, 1.9667, 2.0, 2.0333, 2.0667, 2.1, 2.1333, 2.1667, 2.2, 2.2333, 2.2667, 2.3, 2.3333, 2.3667, 2.4, 2.4333, 2.4667],
            "transform": [
                [1.0, 0.0, 0.0, 0.0, 0.0, 1.0, -1e-06, -0.604103, 0.0, 1e-06, 1.0, 1.264611, 0.0, 0.0, 0.0, 1.0],
                [1.0, 0.0, 0.0, 0.0, 0.0, 1.0, -1e-06, -0.604103, 0.0, 1e-06, 1.0, 1.266195, 0.0, 0.0, 0.0, 1.0],
                [1.0, 0.0, 0.0, 0.0, 0.0, 1.0, -1e-06, -0.604103, 0.0, 1e-06, 1.0, 1.270439, 0.0, 0.0, 0.0, 1.0],
                [1.0, 0.0, 0.0, 0.0, 0.0, 1.0, -1e-06, -0.604103, 0.0, 1e-06, 1.0, 1.276584, 0.0, 0.0, 0.0, 1.0],
                [1.0, 0.0, 0.0, 0.0, 0.0, 1.0, -1e-06, -0.604103, 0.0, 1e-06, 1.0, 1.283869, 0.0, 0.0, 0.0, 1.0],
                [1.0, 0.0, 0.0, 0.0, 0.0, 1.0, -1e-06, -0.604103, 0.0, 1e-06, 1.0, 1.291534, 0.0, 0.0, 0.0, 1.0],
                [1.0, 0.0, 0.0, 0.0, 0.0, 1.0, -1e-06, -0.604103, 0.0, 1e-06, 1.0, 1.298819, 0.0, 0.0, 0.0, 1.0],
                [1.0, 0.0, 0.0, 0.0, 0.0, 1.0, -1e-06, -0.604103, 0.0, 1e-06, 1.0, 1.304963, 0.0, 0.0, 0.0, 1.0],
                [1.0, 0.0, 0.0, 0.0, 0.0, 1.0, -1e-06, -0.604103, 0.0, 1e-06, 1.0, 1.309208, 0.0, 0.0, 0.0, 1.0],
                [1.0, 0.0, 0.0, 0.0, 0.0, 1.0, -1e-06, -0.604103, 0.0, 1e-06, 1.0, 1.310791, 0.0, 0.0, 0.0, 1.0],
                [1.0, 0.0, 0.0, 0.0, 0.0, 1.0, -1e-06, -0.604103, 0.0, 1e-06, 1.0, 1.308807, 0.0, 0.0, 0.0, 1.0],
                [1.0, 0.0, 0.0, 0.0, 0.0, 1.0, -1e-06, -0.604103, 0.0, 1e-06, 1.0, 1.303576, 0.0, 0.0, 0.0, 1.0],
                [1.0, 0.0, 0.0, 0.0, 0.0, 1.0, -1e-06, -0.604103, 0.0, 1e-06, 1.0, 1.29618, 0.0, 0.0, 0.0, 1.0],
                [1.0, 0.0, 0.0, 0.0, 0.0, 1.0, -1e-06, -0.604103, 0.0, 1e-06, 1.0, 1.287701, 0.0, 0.0, 0.0, 1.0],
                [1.0, 0.0, 0.0, 0.0, 0.0, 1.0, -1e-06, -0.604103, 0.0, 1e-06, 1.0, 1.279223, 0.0, 0.0, 0.0, 1.0],
                [1.0, 0.0, 0.0, 0.0, 0.0, 1.0, -1e-06, -0.604103, 0.0, 1e-06, 1.0, 1.271827, 0.0, 0.0, 0.0, 1.0],
                [1.0, 0.0, 0.0, 0.0, 0.0, 1.0, -1e-06, -0.604103, 0.0, 1e-06, 1.0, 1.266595, 0.0, 0.0, 0.0, 1.0],
                [1.0, 0.0, 0.0, 0.0, 0.0, 1.0, -1e-06, -0.604103, 0.0, 1e-06, 1.0, 1.264611, 0.0, 0.0, 0.0, 1.0],
                [1.0, 0.0, 0.0, 0.0, 0.0, 1.0, -1e-06, -0.604103, 0.0, 1e-06, 1.0, 1.265687, 0.0, 0.0, 0.0, 1.0],
                [1.0, 0.0, 0.0, 0.0, 0.0, 1.0, -1e-06, -0.604103, 0.0, 1e-06, 1.0, 1.268636, 0.0, 0.0, 0.0, 1.0],
                [1.0, 0.0, 0.0, 0.0, 0.0, 1.0, -1e-06, -0.604103, 0.0, 1e-06, 1.0, 1.273042, 0.0, 0.0, 0.0, 1.0],
                [1.0, 0.0, 0.0, 0.0, 0.0, 1.0, -1e-06, -0.604103, 0.0, 1e-06, 1.0, 1.278489, 0.0, 0.0, 0.0, 1.0],
                [1.0, 0.0, 0.0, 0.0, 0.0, 1.0, -1e-06, -0.604103, 0.0, 1e-06, 1.0, 1.284561, 0.0, 0.0, 0.0, 1.0],
                [1.0, 0.0, 0.0, 0.0, 0.0, 1.0, -1e-06, -0.604103, 0.0, 1e-06, 1.0, 1.290841, 0.0, 0.0, 0.0, 1.0],
                [1.0, 0.0, 0.0, 0.0, 0.0, 1.0, -1e-06, -0.604103, 0.0, 1e-06, 1.0, 1.296913, 0.0, 0.0, 0.0, 1.0],
                [1.0, 0.0, 0.0, 0.0, 0.0, 1.0, -1e-06, -0.604103, 0.0, 1e-06, 1.0, 1.30236, 0.0, 0.0, 0.0, 1.0],
                [1.0, 0.0, 0.0, 0.0, 0.0, 1.0, -1e-06, -0.604103, 0.0, 1e-06, 1.0, 1.306767, 0.0, 0.0, 0.0, 1.0],
                [1.0, 0.0, 0.0, 0.0, 0.0, 1.0, -1e-06, -0.604103, 0.0, 1e-06, 1.0, 1.309716, 0.0, 0.0, 0.0, 1.0],
                [1.0, 0.0, 0.0, 0.0, 0.0, 1.0, -1e-06, -0.604103, 0.0, 1e-06, 1.0, 1.310791, 0.0, 0.0, 0.0, 1.0],
                [1.0, 0.0, 0.0, 0.0, 0.0, 1.0, -1e-06, -0.604103, 0.0, 1e-06, 1.0, 1.309716, 0.0, 0.0, 0.0, 1.0],
                [1.0, 0.0, 0.0, 0.0, 0.0, 1.0, -1e-06, -0.604103, 0.0, 1e-06, 1.0, 1.306767, 0.0, 0.0, 0.0, 1.0],
                [1.0, 0.0, 0.0, 0.0, 0.0, 1.0, -1e-06, -0.604103, 0.0, 1e-06, 1.0, 1.30236, 0.0, 0.0, 0.0, 1.0],
                [1.0, 0.0, 0.0, 0.0, 0.0, 1.0, -1e-06, -0.604103, 0.0, 1e-06, 1.0, 1.296913, 0.0, 0.0, 0.0, 1.0],
                [1.0, 0.0, 0.0, 0.0, 0.0, 1.0, -1e-06, -0.604103, 0.0, 1e-06, 1.0, 1.290841, 0.0, 0.0, 0.0, 1.0],
                [1.0, 0.0, 0.0, 0.0, 0.0, 1.0, -1e-06, -0.604103, 0.0, 1e-06, 1.0, 1.284561, 0.0, 0.0, 0.0, 1.0],
                [1.0, 0.0, 0.0, 0.0, 0.0, 1.0, -1e-06, -0.604103, 0.0, 1e-06, 1.0, 1.278489, 0.0, 0.0, 0.0, 1.0],
                [1.0, 0.0, 0.0, 0.0, 0.0, 1.0, -1e-06, -0.604103, 0.0, 1e-06, 1.0, 1.273042, 0.0, 0.0, 0.0, 1.0],
                [1.0, 0.0, 0.0, 0.0, 0.0, 1.0, -1e-06, -0.604103, 0.0, 1e-06, 1.0, 1.268636, 0.0, 0.0, 0.0, 1.0],
                [1.0, 0.0, 0.0, 0.0, 0.0, 1.0, -1e-06, -0.604103, 0.0, 1e-06, 1.0, 1.265687, 0.0, 0.0, 0.0, 1.0],
                [1.0, 0.0, 0.0, 0.0, 0.0, 1.0, -1e-06, -0.604103, 0.0, 1e-06, 1.0, 1.264611, 0.0, 0.0, 0.0, 1.0],
                [1.0, 0.0, 0.0, 0.0, 0.0, 1.0, -1e-06, -0.604103, 0.0, 1e-06, 1.0, 1.266195, 0.0, 0.0, 0.0, 1.0],
                [1.0, 0.0, 0.0, 0.0, 0.0, 1.0, -1e-06, -0.604103, 0.0, 1e-06, 1.0, 1.270439, 0.0, 0.0, 0.0, 1.0],
                [1.0, 0.0, 0.0, 0.0, 0.0, 1.0, -1e-06, -0.604103, 0.0, 1e-06, 1.0, 1.276584, 0.0, 0.0, 0.0, 1.0],
                [1.0, 0.0, 0.0, 0.0, 0.0, 1.0, -1e-06, -0.604103, 0.0, 1e-06, 1.0, 1.283869, 0.0, 0.0, 0.0, 1.0],
                [1.0, 0.0, 0.0, 0.0, 0.0, 1.0, -1e-06, -0.604103, 0.0, 1e-06, 1.0, 1.291534, 0.0, 0.0, 0.0, 1.0],
                [1.0, 0.0, 0.0, 0.0, 0.0, 1.0, -1e-06, -0.604103, 0.0, 1e-06, 1.0, 1.298819, 0.0, 0.0, 0.0, 1.0],
                [1.0, 0.0, 0.0, 0.0, 0.0, 1.0, -1e-06, -0.604103, 0.0, 1e-06, 1.0, 1.304963, 0.0, 0.0, 0.0, 1.0],
                [1.0, 0.0, 0.0, 0.0, 0.0, 1.0, -1e-06, -0.604103, 0.0, 1e-06, 1.0, 1.309208, 0.0, 0.0, 0.0, 1.0],
                [1.0, 0.0, 0.0, 0.0, 0.0, 1.0, -1e-06, -0.604103, 0.0, 1e-06, 1.0, 1.310791, 0.0, 0.0, 0.0, 1.0],
                [1.0, 0.0, 0.0, 0.0, 0.0, 1.0, -1e-06, -0.604103, 0.0, 1e-06, 1.0, 1.309498, 0.0, 0.0, 0.0, 1.0],
                [1.0, 0.0, 0.0, 0.0, 0.0, 1.0, -1e-06, -0.604103, 0.0, 1e-06, 1.0, 1.305989, 0.0, 0.0, 0.0, 1.0],
                [1.0, 0.0, 0.0, 0.0, 0.0, 1.0, -1e-06, -0.604103, 0.0, 1e-06, 1.0, 1.300816, 0.0, 0.0, 0.0, 1.0],
                [1.0, 0.0, 0.0, 0.0, 0.0, 1.0, -1e-06, -0.604103, 0.0, 1e-06, 1.0, 1.294536, 0.0, 0.0, 0.0, 1.0],
                [1.0, 0.0, 0.0, 0.0, 0.0, 1.0, -1e-06, -0.604103, 0.0, 1e-06, 1.0, 1.287701, 0.0, 0.0, 0.0, 1.0],
                [1.0, 0.0, 0.0, 0.0, 0.0, 1.0, -1e-06, -0.604103, 0.0, 1e-06, 1.0, 1.280867, 0.0, 0.0, 0.0, 1.0],
                [1.0, 0.0, 0.0, 0.0, 0.0, 1.0, -1e-06, -0.604103, 0.0, 1e-06, 1.0, 1.274586, 0.0, 0.0, 0.0, 1.0],
                [1.0, 0.0, 0.0, 0.0, 0.0, 1.0, -1e-06, -0.604103, 0.0, 1e-06, 1.0, 1.269414, 0.0, 0.0, 0.0, 1.0],
                [1.0, 0.0, 0.0, 0.0, 0.0, 1.0, -1e-06, -0.604103, 0.0, 1e-06, 1.0, 1.265904, 0.0, 0.0, 0.0, 1.0],
                [1.0, 0.0, 0.0, 0.0, 0.0, 1.0, -1e-06, -0.604103, 0.0, 1e-06, 1.0, 1.264611, 0.0, 0.0, 0.0, 1.0],
                [1.0, 0.0, 0.0, 0.0, 0.0, 1.0, -1e-06, -0.604103, 0.0, 1e-06, 1.0, 1.266595, 0.0, 0.0, 0.0, 1.0],
                [1.0, 0.0, 0.0, 0.0, 0.0, 1.0, -1e-06, -0.604103, 0.0, 1e-06, 1.0, 1.271827, 0.0, 0.0, 0.0, 1.0],
                [1.0, 0.0, 0.0, 0.0, 0.0, 1.0, -1e-06, -0.604103, 0.0, 1e-06, 1.0, 1.279223, 0.0, 0.0, 0.0, 1.0],
                [1.0, 0.0, 0.0, 0.0, 0.0, 1.0, -1e-06, -0.604103, 0.0, 1e-06, 1.0, 1.287701, 0.0, 0.0, 0.0, 1.0],
                [1.0, 0.0, 0.0, 0.0, 0.0, 1.0, -1e-06, -0.604103, 0.0, 1e-06, 1.0, 1.29618, 0.0, 0.0, 0.0, 1.0],
                [1.0, 0.0, 0.0, 0.0, 0.0, 1.0, -1e-06, -0.604103, 0.0, 1e-06, 1.0, 1.303576, 0.0, 0.0, 0.0, 1.0],
                [1.0, 0.0, 0.0, 0.0, 0.0, 1.0, -1e-06, -0.604103, 0.0, 1e-06, 1.0, 1.308807, 0.0, 0.0, 0.0, 1.0],
                [1.0, 0.0, 0.0, 0.0, 0.0, 1.0, -1e-06, -0.604103, 0.0, 1e-06, 1.0, 1.310791, 0.0, 0.0, 0.0, 1.0],
                [1.0, 0.0, 0.0, 0.0, 0.0, 1.0, -1e-06, -0.604103, 0.0, 1e-06, 1.0, 1.308807, 0.0, 0.0, 0.0, 1.0],
                [1.0, 0.0, 0.0, 0.0, 0.0, 1.0, -1e-06, -0.604103, 0.0, 1e-06, 1.0, 1.303576, 0.0, 0.0, 0.0, 1.0],
                [1.0, 0.0, 0.0, 0.0, 0.0, 1.0, -1e-06, -0.604103, 0.0, 1e-06, 1.0, 1.29618, 0.0, 0.0, 0.0, 1.0],
                [1.0, 0.0, 0.0, 0.0, 0.0, 1.0, -1e-06, -0.604103, 0.0, 1e-06, 1.0, 1.287701, 0.0, 0.0, 0.0, 1.0],
                [1.0, 0.0, 0.0, 0.0, 0.0, 1.0, -1e-06, -0.604103, 0.0, 1e-06, 1.0, 1.279223, 0.0, 0.0, 0.0, 1.0],
                [1.0, 0.0, 0.0, 0.0, 0.0, 1.0, -1e-06, -0.604103, 0.0, 1e-06, 1.0, 1.271827, 0.0, 0.0, 0.0, 1.0],
                [1.0, 0.0, 0.0, 0.0, 0.0, 1.0, -1e-06, -0.604103, 0.0, 1e-06, 1.0, 1.266595, 0.0, 0.0, 0.0, 1.0],
                [1.0, 0.0, 0.0, 0.0, 0.0, 1.0, -1e-06, -0.604103, 0.0, 1e-06, 1.0, 1.264611, 0.0, 0.0, 0.0, 1.0]
            ]
        },
        {
            "name": "Torso",
            "time": [0.0, 0.0333, 0.0667, 0.1, 0.1333, 0.1667, 0.2, 0.2333, 0.2667, 0.3, 0.3333, 0.3667, 0.4, 0.4333, 0.4667, 0.5, 0.5333, 0.5667, 0.6, 0.6333, 0.6667, 0.7, 0.7333, 0.7667, 0.8, 0.8333, 0.8667, 0.9, 0.9333, 0.9667, 1.0, 1.0333, 1.0667, 1.1, 1.1333, 1.1667, 1.2, 1.2333, 1.2667, 1.3, 1.3333, 1.3667, 1.4, 1.4333, 1.4667, 1.5, 1.5333, 1.5667, 1.6, 1.6333, 1.6667, 1.7, 1.7333, 1.7667, 1.8, 1.8333, 1.8667, 1.9, 1.9333, 1.9667, 2.0, 2.0333, 2.0667, 2.1, 2.1333, 2.1667, 2.2, 2.2333, 2.2667, 2.3, 2.3333, 2.3667, 2.4, 2.4333, 2.4667],
            "transform": [
                [1.0, -0.0, 0.0, 0.0, 0.0, 0.999202, -0.03993, 0.12, -0.0, 0.03993, 0.999202, 0.0, 0.0, 0.0, 0.0, 1.0],
                [1.0, -0.0, 0.0, 0.0, 0.0, 0.999384, -0.0351, 0.12, -0.0, 0.0351, 0.999384, 0.0, 0.0, 0.0, 0.0, 1.0],
                [1.0, -0.0, 0.0, 0.0, 0.0, 0.999744, -0.02264, 0.12, -0.0, 0.02264, 0.999744, 0.0, 0.0, 0.0, 0.0, 1.0],
                [1.0, -0.0, 0.0, 0.0, 0.0, 0.999984, -0.005595, 0.12, -0.0, 0.005595, 0.999984, 0.0, 0.0, 0.0, 0.0, 1.0],
                [1.0, -0.0, 0.0, 0.0, 0.0, 0.999916, 0.01298, 0.12, -0.0, -0.01298, 0.999916, 0.0, 0.0, 0.0, 0.0, 1.0],
                [1.0, -0.0, 0.0, 0.0, 0.0, 0.999549, 0.030024, 0.12, -0.0, -0.030024, 0.999549, 0.0, 0.0, 0.0, 0.0, 1.0],
                [1.0, -0.0, 0.0, 0.0, 0.0, 0.999097, 0.042481, 0.12, -0.0, -0.042481, 0.999097, 0.0, 0.0, 0.0, 0.0, 1.0],
                [1.0, -0.0, 0.0, 0.0, 0.0, 0.99888, 0.047308, 0.12, -0.0, -0.047308, 0.99888, 0.0, 0.0, 0.0, 0.0, 1.0],
                [1.0, -0.0, 0.0, 0.0, 0.0, 0.99888, 0.047308, 0.12, -0.0, -0.047308, 0.99888, 0.0, 0.0, 0.0, 0.0, 1.0],
                [1.0, -0.0, 0.0, 0.0, 0.0, 0.99888, 0.047308, 0.12, -0.0, -0.047308, 0.99888, 0.0, 0.0, 0.0, 0.0, 1.0],
                [1.0, -0.0, 0.0, 0.0, 0.0, 0.99888, 0.047308, 0.12, -0.0, -0.047308, 0.99888, 0.0, 0.0, 0.0, 0.0, 1.0],
                [1.0, -0.0, 0.0, 0.0, 0.0, 0.99888, 0.047308, 0.12, -0.0, -0.047308, 0.99888, 0.0, 0.0, 0.0, 0.0, 1.0],
                [1.0, -0.0, 0.0, 0.0, 0.0, 0.99888, 0.047308, 0.12, -0.0, -0.047308, 0.99888, 0.0, 0.0, 0.0, 0.0, 1.0],
                [1.0, -0.0, 0.0, 0.0, 0.0, 0.99888, 0.047308, 0.12, -0.0, -0.047308, 0.99888, 0.0, 0.0, 0.0, 0.0, 1.0],
                [1.0, -0.0, 0.0, 0.0, 0.0, 0.99888, 0.047308, 0.12, -0.0, -0.047308, 0.99888, 0.0, 0.0, 0.0, 0.0, 1.0],
                [1.0, -0.0, 0.0, 0.0, 0.0, 0.99888, 0.047308, 0.12, -0.0, -0.047308, 0.99888, 0.0, 0.0, 0.0, 0.0, 1.0],
                [1.0, -0.0, 0.0, 0.0, 0.0, 0.99888, 0.047308, 0.12, -0.0, -0.047308, 0.99888, 0.0, 0.0, 0.0, 0.0, 1.0],
                [1.0, -0.0, 0.0, 0.0, 0.0, 0.99888, 0.047308, 0.12, -0.0, -0.047308, 0.99888, 0.0, 0.0, 0.0, 0.0, 1.0],
                [1.0, -0.0, 0.0, 0.0, 0.0, 0.99888, 0.047308, 0.12, -0.0, -0.047308, 0.99888, 0.0, 0.0, 0.0, 0.0, 1.0],
                [1.0, -0.0, 0.0, 0.0, 0.0, 0.99888, 0.047308, 0.12, -0.0, -0.047308, 0.99888, 0.0, 0.0, 0.0, 0.0, 1.0],
                [1.0, -0.0, 0.0, 0.0, 0.0, 0.99888, 0.047308, 0.12, -0.0, -0.047308, 0.99888, 0.0, 0.0, 0.0, 0.0, 1.0],
                [1.0, -0.0, 0.0, 0.0, 0.0, 0.99888, 0.047308, 0.12, -0.0, -0.047308, 0.99888, 0.0, 0.0, 0.0, 0.0, 1.0],
                [1.0, -0.0, 0.0, 0.0, 0.0, 0.99888, 0.047308, 0.12, -0.0, -0.047308, 0.99888, 0.0, 0.0, 0.0, 0.0, 1.0],
                [1.0, -0.0, 0.0, 0.0, 0.0, 0.99888, 0.047308, 0.12, -0.0, -0.047308, 0.99888, 0.0, 0.0, 0.0, 0.0, 1.0],
                [1.0, -0.0, 0.0, 0.0, 0.0, 0.99888, 0.047308, 0.12, -0.0, -0.047308, 0.99888, 0.0, 0.0, 0.0, 0.0, 1.0],
                [1.0, -0.0, 0.0, 0.0, 0.0, 0.99888, 0.047308, 0.12, -0.0, -0.047308, 0.99888, 0.0, 0.0, 0.0, 0.0, 1.0],
                [1.0, -0.0, 0.0, 0.0, 0.0, 0.99888, 0.047308, 0.12, -0.0, -0.047308, 0.99888, 0.0, 0.0, 0.0, 0.0, 1.0],
                [1.0, -0.0, 0.0, 0.0, 0.0, 0.99888, 0.047308, 0.12, -0.0, -0.047308, 0.99888, 0.0, 0.0, 0.0, 0.0, 1.0],
                [1.0, -0.0, 0.0, 0.0, 0.0, 0.998993, 0.044868, 0.12, -0.0, -0.044868, 0.998993, 0.0, 0.0, 0.0, 0.0, 1.0],
                [1.0, -0.0, 0.0, 0.0, 0.0, 0.999268, 0.038243, 0.12, -0.0, -0.038243, 0.999268, 0.0, 0.0, 0.0, 0.0, 1.0],
                [1.0, -0.0, 0.0, 0.0, 0.0, 0.999595, 0.028475, 0.12, -0.0, -0.028475, 0.999595, 0.0, 0.0, 0.0, 0.0, 1.0],
                [1.0, -0.0, 0.0, 0.0, 0.0, 0.999862, 0.016609, 0.12, -0.0, -0.016609, 0.999862, 0.0, 0.0, 0.0, 0.0, 1.0],
                [1.0, -0.0, 0.0, 0.0, 0.0, 0.999993, 0.003693, 0.12, -0.0, -0.003693, 0.999993, 0.0, 0.0, 0.0, 0.0, 1.0],
                [1.0, -0.0, 0.0, 0.0, 0.0, 0.999957, -0.009224, 0.12, -0.0, 0.009224, 0.999957, 0.0, 0.0, 0.0, 0.0, 1.0],
                [1.0, -0.0, 0.0, 0.0, 0.0, 0.999777, -0.021092, 0.12, -0.0, 0.021092, 0.999777, 0.0, 0.0, 0.0, 0.0, 1.0],
                [1.0, -0.0, 0.0, 0.0, 0.0, 0.999524, -0.030862, 0.12, -0.0, 0.030862, 0.999524, 0.0, 0.0, 0.0, 0.0, 1.0],
                [1.0, -0.0, 0.0, 0.0, 0.0, 0.999297, -0.037489, 0.12, -0.0, 0.037489, 0.999297, 0.0, 0.0, 0.0, 0.0, 1.0],
                [1.0, -0.0, 0.0, 0.0, 0.0, 0.999202, -0.03993, 0.12, -0.0, 0.03993, 0.999202, 0.0, 0.0, 0.0, 0.0, 1.0],
                [1.0, -0.0, 0.0, 0.0, 0.0, 0.999384, -0.0351, 0.12, -0.0, 0.0351, 0.999384, 0.0, 0.0, 0.0, 0.0, 1.0],
                [1.0, -0.0, 0.0, 0.0, 0.0, 0.999744, -0.02264, 0.12, -0.0, 0.02264, 0.999744, 0.0, 0.0, 0.0, 0.0, 1.0],
                [1.0, -0.0, 0.0, 0.0, 0.0, 0.999984, -0.005595, 0.12, -0.0, 0.005595, 0.999984, 0.0, 0.0, 0.0, 0.0, 1.0],
                [1.0, -0.0, 0.0, 0.0, 0.0, 0.999916, 0.01298, 0.12, -0.0, -0.01298, 0.999916, 0.0, 0.0, 0.0, 0.0, 1.0],
                [1.0, -0.0, 0.0, 0.0, 0.0, 0.999549, 0.030024, 0.12, -0.0, -0.030024, 0.999549, 0.0, 0.0, 0.0, 0.0, 1.0],
                [1.0, -0.0, 0.0, 0.0, 0.0, 0.999097, 0.042481, 0.12, -0.0, -0.042481, 0.999097, 0.0, 0.0, 0.0, 0.0, 1.0],
                [1.0, -0.0, 0.0, 0.0, 0.0, 0.99888, 0.047308, 0.12, -0.0, -0.047308, 0.99888, 0.0, 0.0, 0.0, 0.0, 1.0],
                [1.0, -0.0, 0.0, 0.0, 0.0, 0.99888, 0.047308, 0.12, -0.0, -0.047308, 0.99888, 0.0, 0.0, 0.0, 0.0, 1.0],
                [1.0, -0.0, 0.0, 0.0, 0.0, 0.99888, 0.047308, 0.12, -0.0, -0.047308, 0.99888, 0.0, 0.0, 0.0, 0.0, 1.0],
                [1.0, -0.0, 0.0, 0.0, 0.0, 0.99888, 0.047308, 0.12, -0.0, -0.047308, 0.99888, 0.0, 0.0, 0.0, 0.0, 1.0],
                [1.0, -0.0, 0.0, 0.0, 0.0, 0.99888, 0.047308, 0.12, -0.0, -0.047308, 0.99888, 0.0, 0.0, 0.0, 0.0, 1.0],
                [1.0, -0.0, 0.0, 0.0, 0.0, 0.99888, 0.047308, 0.12, -0.0, -0.047308, 0.99888, 0.0, 0.0, 0.0, 0.0, 1.0],
                [1.0, -0.0, 0.0, 0.0, 0.0, 0.99888, 0.047308, 0.12, -0.0, -0.047308, 0.99888, 0.0, 0.0, 0.0, 0.0, 1.0],
                [1.0, -0.0, 0.0, 0.0, 0.0, 0.99888, 0.047308, 0.12, -0.0, -0.047308, 0.99888, 0.0, 0.0, 0.0, 0.0, 1.0],
                [1.0, -0.0, 0.0, 0.0, 0.0, 0.99888, 0.047308, 0.12, -0.0, -0.047308, 0.99888, 0.0, 0.0, 0.0, 0.0, 1.0],
                [1.0, -0.0, 0.0, 0.0, 0.0, 0.99888, 0.047308, 0.12, -0.0, -0.047308, 0.99888, 0.0, 0.0, 0.0, 0.0, 1.0],
                [1.0, -0.0, 0.0, 0.0, 0.0, 0.99888, 0.047308, 0.12, -0.0, -0.047308, 0.99888, 0.0, 0.0, 0.0, 0.0, 1.0],
                [1.0, -0.0, 0.0, 0.0, 0.0, 0.99888, 0.047308, 0.12, -0.0, -0.047308, 0.99888, 0.0, 0.0, 0.0, 0.0, 1.0],
                [1.0, -0.0, 0.0, 0.0, 0.0, 0.99888, 0.047308, 0.12, -0.0, -0.047308, 0.99888, 0.0, 0.0, 0.0, 0.0, 1.0],
                [1.0, -0.0, 0.0, 0.0, 0.0, 0.99888, 0.047308, 0.12, -0.0, -0.047308, 0.99888, 0.0, 0.0, 0.0, 0.0, 1.0],
                [1.0, -0.0, 0.0, 0.0, 0.0, 0.99888, 0.047308, 0.12, -0.0, -0.047308, 0.99888, 0.0, 0.0, 0.0, 0.0, 1.0],
                [1.0, -0.0, 0.0, 0.0, 0.0, 0.99888, 0.047308, 0.12, -0.0, -0.047308, 0.99888, 0.0, 0.0, 0.0, 0.0, 1.0],
                [1.0, -0.0, 0.0, 0.0, 0.0, 0.99888, 0.047308, 0.12, -0.0, -0.047308, 0.99888, 0.0, 0.0, 0.0, 0.0, 1.0],
                [1.0, -0.0, 0.0, 0.0, 0.0, 0.99888, 0.047308, 0.12, -0.0, -0.047308, 0.99888, 0.0, 0.0, 0.0, 0.0, 1.0],
                [1.0, -0.0, 0.0, 0.0, 0.0, 0.99888, 0.047308, 0.12, -0.0, -0.047308, 0.99888, 0.0, 0.0, 0.0, 0.0, 1.0],
                [1.0, -0.0, 0.0, 0.0, 0.0, 0.99888, 0.047308, 0.12, -0.0, -0.047308, 0.99888, 0.0, 0.0, 0.0, 0.0, 1.0],
                [1.0, -0.0, 0.0, 0.0, 0.0, 0.99888, 0.047308, 0.12, -0.0, -0.047308, 0.99888, 0.0, 0.0, 0.0, 0.0, 1.0],
                [1.0, -0.0, 0.0, 0.0, 0.0, 0.998993, 0.044868, 0.12, -0.0, -0.044868, 0.998993, 0.0, 0.0, 0.0, 0.0, 1.0],
                [1.0, -0.0, 0.0, 0.0, 0.0, 0.999268, 0.038243, 0.12, -0.0, -0.038243, 0.999268, 0.0, 0.0, 0.0, 0.0, 1.0],
                [1.0, -0.0, 0.0, 0.0, 0.0, 0.999595, 0.028475, 0.12, -0.0, -0.028475, 0.999595, 0.0, 0.0, 0.0, 0.0, 1.0],
                [1.0, -0.0, 0.0, 0.0, 0.0, 0.999862, 0.016609, 0.12, -0.0, -0.016609, 0.999862, 0.0, 0.0, 0.0, 0.0, 1.0],
                [1.0, -0.0, 0.0, 0.0, 0.0, 0.999993, 0.003693, 0.12, -0.0, -0.003693, 0.999993, 0.0, 0.0, 0.0, 0.0, 1.0],
                [1.0, -0.0, 0.0, 0.0, 0.0, 0.999957, -0.009224, 0.12, -0.0, 0.009224, 0.999957, 0.0, 0.0, 0.0, 0.0, 1.0],
                [1.0, -0.0, 0.0, 0.0, 0.0, 0.999777, -0.021092, 0.12, -0.0, 0.021092, 0.999777, 0.0, 0.0, 0.0, 0.0, 1.0],
                [1.0, -0.0, 0.0, 0.0, 0.0, 0.999524, -0.030862, 0.12, -0.0, 0.030862, 0.999524, 0.0, 0.0, 0.0, 0.0, 1.0],
                [1.0, -0.0, 0.0, 0.0, 0.0, 0.999297, -0.037489, 0.12, -0.0, 0.037489, 0.999297, 0.0, 0.0, 0.0, 0.0, 1.0],
                [1.0, -0.0, 0.0, 0.0, 0.0, 0.999202, -0.03993, 0.12, -0.0, 0.03993, 0.999202, 0.0, 0.0, 0.0, 0.0, 1.0]
            ]
        },
        {
            "name": "Chest",
            "time": [0.0, 0.0333, 0.0667, 0.1, 0.1333, 0.1667, 0.2, 0.2333, 0.2667, 0.3, 0.3333, 0.3667, 0.4, 0.4333, 0.4667, 0.5, 0.5333, 0.5667, 0.6, 0.6333, 0.6667, 0.7, 0.7333, 0.7667, 0.8, 0.8333, 0.8667, 0.9, 0.9333, 0.9667, 1.0, 1.0333, 1.0667, 1.1, 1.1333, 1.1667, 1.2, 1.2333, 1.2667, 1.3, 1.3333, 1.3667, 1.4, 1.4333, 1.4667, 1.5, 1.5333, 1.5667, 1.6, 1.6333, 1.6667, 1.7, 1.7333, 1.7667, 1.8, 1.8333, 1.8667, 1.9, 1.9333, 1.9667, 2.0, 2.0333, 2.0667, 2.1, 2.1333, 2.1667, 2.2, 2.2333, 2.2667, 2.3, 2.3333, 2.3667, 2.4, 2.4333, 2.4667],
            "transform": [
                [1.0, 0.0, -0.0, 0.0, 0.0, 0.996195, 0.087156, 0.48, 0.0, -0.087156, 0.996195, -0.0, 0.0, 0.0, 0.0, 1.0],
                [1.0, 0.0, -0.0, -0.0, -0.0, 0.99699, 0.077531, 0.48, 0.0, -0.077531, 0.99699, 0.0, 0.0, 0.0, 0.0, 1.0],
                [1.0, 0.0, -0.0, 0.0, 0.0, 0.998612, 0.052662, 0.48, 0.0, -0.052662, 0.998612, -0.0, 0.0, 0.0, 0.0, 1.0],
                [1.0, 0.0, -0.0, 0.0, -0.0, 0.999827, 0.018583, 0.48, 0.0, -0.018583, 0.999827, -0.0, 0.0, 0.0, 0.0, 1.0],
                [1.0, -0.0, -0.0, 0.0, -0.0, 0.999827, -0.018583, 0.48, 0.0, 0.018583, 0.999827, -0.0, 0.0, 0.0, 0.0, 1.0],
                [1.0, -0.0, -0.0, -0.0, -0.0, 0.998612, -0.052662, 0.48, 0.0, 0.052662, 0.998612, -0.0, 0.0, 0.0, 0.0, 1.0],
                [1.0, -0.0, -0.0, -0.0, 0.0, 0.99699, -0.077531, 0.48, 0.0, 0.077531, 0.99699, 0.0, 0.0, 0.0, 0.0, 1.0],
                [1.0, -0.0, -0.0, -0.0, -0.0, 0.996195, -0.087156, 0.48, 0.0, 0.087156, 0.996195, -0.0, 0.0, 0.0, 0.0, 1.0],
                [1.0, -0.0, -0.0, -0.0, -0.0, 0.996317, -0.085744, 0.48, 0.0, 0.085744, 0.996317, -0.0, 0.0, 0.0, 0.0, 1.0],
                [1.0, -0.0, -0.0, -0.0, -0.0, 0.996636, -0.081961, 0.48, 0.0, 0.081961, 0.996636, -0.0, 0.0, 0.0, 0.0, 1.0],
                [1.0, -0.0, -0.0, -0.0, -0.0, 0.997071, -0.076481, 0.48, 0.0, 0.076481, 0.997071, -0.0, 0.0, 0.0, 0.0, 1.0],
                [1.0, -0.0, -0.0, -0.0, -0.0, 0.997548, -0.069981, 0.48, 0.0, 0.069981, 0.997548, -0.0, 0.0, 0.0, 0.0, 1.0],
                [1.0, -0.0, -0.0, -0.0, -0.0, 0.998005, -0.063138, 0.48, 0.0, 0.063138, 0.998005, 0.0, 0.0, 0.0, 0.0, 1.0],
                [1.0, -0.0, -0.0, -0.0, -0.0, 0.998395, -0.056632, 0.48, 0.0, 0.056632, 0.998395, -0.0, 0.0, 0.0, 0.0, 1.0],
                [1.0, -0.0, -0.0, -0.0, -0.0, 0.998691, -0.051143, 0.48, 0.0, 0.051143, 0.998691, -0.0, 0.0, 0.0, 0.0, 1.0],
                [1.0, -0.0, -0.0, -0.0, -0.0, 0.998878, -0.047351, 0.48, 0.0, 0.047351, 0.998878, -0.0, 0.0, 0.0, 0.0, 1.0],
                [1.0, -0.0, -0.0, -0.0, -0.0, 0.998944, -0.045936, 0.48, 0.0, 0.045936, 0.998944, -0.0, 0.0, 0.0, 0.0, 1.0],
                [1.0, -0.0, -0.0, -0.0, -0.0, 0.9989, -0.046897, 0.48, 0.0, 0.046897, 0.9989, -0.0, 0.0, 0.0, 0.0, 1.0],
                [1.0, -0.0, -0.0, -0.0, -0.0, 0.998773, -0.049532, 0.48, 0.0, 0.049532, 0.998773, -0.0, 0.0, 0.0, 0.0, 1.0],
                [1.0, -0.0, -0.0, -0.0, -0.0, 0.99857, -0.053469, 0.48, 0.0, 0.053469, 0.99857, -0.0, 0.0, 0.0, 0.0, 1.0],
                [1.0, -0.0, -0.0, -0.0, -0.0, 0.998297, -0.058335, 0.48, 0.0, 0.058335, 0.998297, -0.0, 0.0, 0.0, 0.0, 1.0],
                [1.0, -0.0, -0.0, -0.0, -0.0, 0.997966, -0.063757, 0.48, 0.0, 0.063757, 0.997966, 0.0, 0.0, 0.0, 0.0, 1.0],
                [1.0, -0.0, -0.0, -0.0, -0.0, 0.997591, -0.069363, 0.48, 0.0, 0.069363, 0.997591, 0.0, 0.0, 0.0, 0.0, 1.0],
                [1.0, -0.0, -0.0, -0.0, -0.0, 0.9972, -0.074781, 0.48, 0.0, 0.074781, 0.9972, 0.0, 0.0, 0.0, 0.0, 1.0],
                [1.0, -0.0, -0.0, -0.0, -0.0, 0.996824, -0.07964, 0.48, 0.0, 0.07964, 0.996824, 0.0, 0.0, 0.0, 0.0, 1.0],
                [1.0, -0.0, -0.0, -0.0, -0.0, 0.996502, -0.083568, 0.48, 0.0, 0.083568, 0.996502, 0.0, 0.0, 0.0, 0.0, 1.0],
                [1.0, -0.0, -0.0, -0.0, -0.0, 0.996278, -0.086197, 0.48, 0.0, 0.086197, 0.996278, -0.0, 0.0, 0.0, 0.0, 1.0],
                [1.0, -0.0, -0.0, -0.0, -0.0, 0.996195, -0.087156, 0.48, 0.0, 0.087156, 0.996195, -0.0, 0.0, 0.0, 0.0, 1.0],
                [1.0, -0.0, -0.0, 0.0, 0.0, 0.996608, -0.082292, 0.48, 0.0, 0.082292, 0.996608, -0.0, 0.0, 0.0, 0.0, 1.0],
                [1.0, -0.0, -0.0, -0.0, -0.0, 0.997611, -0.069076, 0.48, 0.0, 0.069076, 0.997611, -0.0, 0.0, 0.0, 0.0, 1.0],
                [1.0, -0.0, -0.0, 0.0, 0.0, 0.998771, -0.049568, 0.48, 0.0, 0.049568, 0.998771, 0.0, 0.0, 0.0, 0.0, 1.0],
                [1.0, -0.0, -0.0, 0.0, 0.0, 0.999666, -0.025843, 0.48, 0.0, 0.025843, 0.999666, 0.0, 0.0, 0.0, 0.0, 1.0],
                [1.0, -0.0, -0.0, 0.0, -0.0, 1.0, -0.0, 0.48, 0.0, 0.0, 1.0, -0.0, 0.0, 0.0, 0.0, 1.0],
                [1.0, 0.0, -0.0, 0.0, -0.0, 0.999666, 0.025843, 0.48, 0.0, -0.025843, 0.999666, 0.0, 0.0, 0.0, 0.0, 1.0],
                [1.0, 0.0, -0.0, 0.0, 0.0, 0.998771, 0.049568, 0.48, 0.0, -0.049568, 0.998771, -0.0, 0.0, 0.0, 0.0, 1.0],
                [1.0, 0.0, -0.0, 0.0, -0.0, 0.997611, 0.069076, 0.48, 0.0, -0.069076, 0.997611, 0.0, 0.0, 0.0, 0.0, 1.0],
                [1.0, 0.0, -0.0, 0.0, -0.0, 0.996608, 0.082292, 0.48, 0.0, -0.082292, 0.996608, 0.0, 0.0, 0.0, 0.0, 1.0],
                [1.0, 0.0, -0.0, 0.0, 0.0, 0.996195, 0.087156, 0.48, 0.0, -0.087156, 0.996195, -0.0, 0.0, 0.0, 0.0, 1.0],
                [1.0, 0.0, -0.0, -0.0, -0.0, 0.99699, 0.077531, 0.48, 0.0, -0.077531, 0.99699, 0.0, 0.0, 0.0, 0.0, 1.0],
                [1.0, 0.0, -0.0, 0.0, 0.0, 0.998612, 0.052662, 0.48, 0.0, -0.052662, 0.998612, -0.0, 0.0, 0.0, 0.0, 1.0],
                [1.0, 0.0, -0.0, 0.0, -0.0, 0.999827, 0.018583, 0.48, 0.0, -0.018583, 0.999827, 0.0, 0.0, 0.0, 0.0, 1.0],
                [1.0, -0.0, -0.0, 0.0, -0.0, 0.999827, -0.018583, 0.48, 0.0, 0.018583, 0.999827, -0.0, 0.0, 0.0, 0.0, 1.0],
                [1.0, -0.0, -0.0, 0.0, -0.0, 0.998612, -0.052662, 0.48, 0.0, 0.052662, 0.998612, -0.0, 0.0, 0.0, 0.0, 1.0],
                [1.0, -0.0, -0.0, -0.0, 0.0, 0.99699, -0.077531, 0.48, 0.0, 0.077531, 0.99699, -0.0, 0.0, 0.0, 0.0, 1.0],
                [1.0, -0.0, -0.0, -0.0, -0.0, 0.996195, -0.087156, 0.48, 0.0, 0.087156, 0.996195, -0.0, 0.0, 0.0, 0.0, 1.0],
                [1.0, -0.0, -0.0, -0.0, -0.0, 0.996195, -0.087156, 0.48, 0.0, 0.087156, 0.996195, 0.0, 0.0, 0.0, 0.0, 1.0],
                [1.0, -0.0, -0.0, -0.0, -0.0, 0.996195, -0.087156, 0.48, 0.0, 0.087156, 0.996195, -0.0, 0.0, 0.0, 0.0, 1.0],
                [1.0, -0.0, -0.0, -0.0, -0.0, 0.996195, -0.087156, 0.48, 0.0, 0.087156, 0.996195, -0.0, 0.0, 0.0, 0.0, 1.0],
                [1.0, -0.0, -0.0, -0.0, -0.0, 0.996195, -0.087156, 0.48, 0.0, 0.087156, 0.996195, -0.0, 0.0, 0.0, 0.0, 1.0],
                [1.0, -0.0, -0.0, -0.0, -0.0, 0.996195, -0.087156, 0.48, 0.0, 0.087156, 0.996195, -0.0, 0.0, 0.0, 0.0, 1.0],
                [1.0, -0.0, -0.0, -0.0, -0.0, 0.996195, -0.087156, 0.48, 0.0, 0.087156, 0.996195, -0.0, 0.0, 0.0, 0.0, 1.0],
                [1.0, -0.0, -0.0, -0.0, -0.0, 0.996195, -0.087156, 0.48, 0.0, 0.087156, 0.996195, -0.0, 0.0, 0.0, 0.0, 1.0],
                [1.0, -0.0, -0.0, -0.0, -0.0, 0.996195, -0.087156, 0.48, 0.0, 0.087156, 0.996195, -0.0, 0.0, 0.0, 0.0, 1.0],
                [1.0, -0.0, -0.0, -0.0, -0.0, 0.996195, -0.087156, 0.48, 0.0, 0.087156, 0.996195, -0.0, 0.0, 0.0, 0.0, 1.0],
                [1.0, -0.0, -0.0, -0.0, -0.0, 0.996195, -0.087156, 0.48, 0.0, 0.087156, 0.996195, -0.0, 0.0, 0.0, 0.0, 1.0],
                [1.0, -0.0, -0.0, -0.0, -0.0, 0.996195, -0.087156, 0.48, 0.0, 0.087156, 0.996195, -0.0, 0.0, 0.0, 0.0, 1.0],
                [1.0, -0.0, -0.0, -0.0, -0.0, 0.996195, -0.087156, 0.48, 0.0, 0.087156, 0.996195, -0.0, 0.0, 0.0, 0.0, 1.0],
                [1.0, -0.0, -0.0, -0.0, -0.0, 0.996195, -0.087156, 0.48, 0.0, 0.087156, 0.996195, -0.0, 0.0, 0.0, 0.0, 1.0],
                [1.0, -0.0, -0.0, -0.0, -0.0, 0.996195, -0.087156, 0.48, 0.0, 0.087156, 0.996195, -0.0, 0.0, 0.0, 0.0, 1.0],
                [1.0, -0.0, -0.0, -0.0, -0.0, 0.996195, -0.087156, 0.48, 0.0, 0.087156, 0.996195, -0.0, 0.0, 0.0, 0.0, 1.0],
                [1.0, -0.0, -0.0, -0.0, -0.0, 0.996195, -0.087156, 0.48, 0.0, 0.087156, 0.996195, -0.0, 0.0, 0.0, 0.0, 1.0],
                [1.0, -0.0, -0.0, -0.0, -0.0, 0.996195, -0.087156, 0.48, 0.0, 0.087156, 0.996195, -0.0, 0.0, 0.0, 0.0, 1.0],
                [1.0, -0.0, -0.0, -0.0, -0.0, 0.996195, -0.087156, 0.48, 0.0, 0.087156, 0.996195, -0.0, 0.0, 0.0, 0.0, 1.0],
                [1.0, -0.0, -0.0, -0.0, -0.0, 0.996195, -0.087156, 0.48, 0.0, 0.087156, 0.996195, 0.0, 0.0, 0.0, 0.0, 1.0],
                [1.0, -0.0, -0.0, -0.0, -0.0, 0.996195, -0.087156, 0.48, 0.0, 0.087156, 0.996195, -0.0, 0.0, 0.0, 0.0, 1.0],
                [1.0, -0.0, -0.0, 0.0, 0.0, 0.996608, -0.082292, 0.48, 0.0, 0.082292, 0.996608, -0.0, 0.0, 0.0, 0.0, 1.0],
                [1.0, -0.0, -0.0, -0.0, -0.0, 0.997611, -0.069076, 0.48, 0.0, 0.069076, 0.997611, 0.0, 0.0, 0.0, 0.0, 1.0],
                [1.0, -0.0, -0.0, -0.0, 0.0, 0.998771, -0.049568, 0.48, 0.0, 0.049568, 0.998771, 0.0, 0.0, 0.0, 0.0, 1.0],
                [1.0, -0.0, -0.0, -0.0, -0.0, 0.999666, -0.025843, 0.48, 0.0, 0.025843, 0.999666, 0.0, 0.0, 0.0, 0.0, 1.0],
                [1.0, -0.0, -0.0, 0.0, -0.0, 1.0, -0.0, 0.48, 0.0, 0.0, 1.0, -0.0, 0.0, 0.0, 0.0, 1.0],
                [1.0, 0.0, -0.0, -0.0, -0.0, 0.999666, 0.025843, 0.48, 0.0, -0.025843, 0.999666, 0.0, 0.0, 0.0, 0.0, 1.0],
                [1.0, 0.0, -0.0, 0.0, 0.0, 0.998771, 0.049568, 0.48, 0.0, -0.049568, 0.998771, -0.0, 0.0, 0.0, 0.0, 1.0],
                [1.0, 0.0, -0.0, 0.0, -0.0, 0.997611, 0.069076, 0.48, 0.0, -0.069076, 0.997611, 0.0, 0.0, 0.0, 0.0, 1.0],
                [1.0, 0.0, -0.0, 0.0, -0.0, 0.996608, 0.082292, 0.48, 0.0, -0.082292, 0.996608, 0.0, 0.0, 0.0, 0.0, 1.0],
                [1.0, 0.0, -0.0, 0.0, 0.0, 0.996195, 0.087156, 0.48, 0.0, -0.087156, 0.996195, -0.0, 0.0, 0.0, 0.0, 1.0]
            ]
        },
        {
            "name": "Neck",
            "time": [0.0, 0.0333, 0.0667, 0.1, 0.1333, 0.1667, 0.2, 0.2333, 0.2667, 0.3, 0.3333, 0.3667, 0.4, 0.4333, 0.4667, 0.5, 0.5333, 0.5667, 0.6, 0.6333, 0.6667, 0.7, 0.7333, 0.7667, 0.8, 0.8333, 0.8667, 0.9, 0.9333, 0.9667, 1.0, 1.0333, 1.0667, 1.1, 1.1333, 1.1667, 1.2, 1.2333, 1.2667, 1.3, 1.3333, 1.3667, 1.4, 1.4333, 1.4667, 1.5, 1.5333, 1.5667, 1.6, 1.6333, 1.6667, 1.7, 1.7333, 1.7667, 1.8, 1.8333, 1.8667, 1.9, 1.9333, 1.9667, 2.0, 2.0333, 2.0667, 2.1, 2.1333, 2.1667, 2.2, 2.2333, 2.2667, 2.3, 2.3333, 2.3667, 2.4, 2.4333, 2.4667],
            "transform": [
                [1.0, -0.0, 1e-06, 0.0, 1e-06, 0.386377, -0.922341, 0.6, -1e-06, 0.922341, 0.386377, -0.0, 0.0, 0.0, 0.0, 1.0],
                [1.0, -0.0, 1e-06, -0.0, 1e-06, 0.386377, -0.922341, 0.6, -1e-06, 0.922341, 0.386377, -0.0, 0.0, 0.0, 0.0, 1.0],
                [1.0, -0.0, 1e-06, 0.0, 1e-06, 0.386377, -0.922341, 0.6, -1e-06, 0.922341, 0.386377, -0.0, 0.0, 0.0, 0.0, 1.0],
                [1.0, -0.0, 1e-06, 0.0, 1e-06, 0.386377, -0.922341, 0.6, -1e-06, 0.922341, 0.386377, -0.0, 0.0, 0.0, 0.0, 1.0],
                [1.0, -0.0, 1e-06, -0.0, 1e-06, 0.386377, -0.922341, 0.6, -1e-06, 0.922341, 0.386377, -0.0, 0.0, 0.0, 0.0, 1.0],
                [1.0, -0.0, 1e-06, 0.0, 1e-06, 0.386377, -0.922341, 0.6, -1e-06, 0.922341, 0.386377, -0.0, 0.0, 0.0, 0.0, 1.0],
                [1.0, -0.0, 1e-06, 0.0, 1e-06, 0.386377, -0.922341, 0.6, -1e-06, 0.922341, 0.386377, -0.0, 0.0, 0.0, 0.0, 1.0],
                [1.0, -0.0, 1e-06, -0.0, 1e-06, 0.386377, -0.922341, 0.6, -1e-06, 0.922341, 0.386377, 0.0, 0.0, 0.0, 0.0, 1.0],
                [1.0, -0.0, 1e-06, 0.0, 1e-06, 0.386377, -0.922341, 0.6, -1e-06, 0.922341, 0.386377, 0.0, 0.0, 0.0, 0.0, 1.0],
                [1.0, -0.0, 1e-06, 0.0, 1e-06, 0.386377, -0.922341, 0.6, -1e-06, 0.922341, 0.386377, -0.0, 0.0, 0.0, 0.0, 1.0],
                [1.0, -0.0, 1e-06, -0.0, 1e-06, 0.386377, -0.922341, 0.6, -1e-06, 0.922341, 0.386377, -0.0, 0.0, 0.0, 0.0, 1.0],
                [1.0, -0.0, 1e-06, 0.0, 1e-06, 0.386377, -0.922341, 0.6, -1e-06, 0.922341, 0.386377, -0.0, 0.0, 0.0, 0.0, 1.0],
                [1.0, -0.0, 1e-06, 0.0, 1e-06, 0.386377, -0.922341, 0.6, -1e-06, 0.922341, 0.386377, -0.0, 0.0, 0.0, 0.0, 1.0],
                [1.0, -0.0, 1e-06, 0.0, 1e-06, 0.386377, -0.922341, 0.6, -1e-06, 0.922341, 0.386377, 0.0, 0.0, 0.0, 0.0, 1.0],
                [1.0, -0.0, 1e-06, 0.0, 1e-06, 0.386377, -0.922341, 0.6, -1e-06, 0.922341, 0.386377, -0.0, 0.0, 0.0, 0.0, 1.0],
                [1.0, -0.0, 1e-06, 0.0, 1e-06, 0.386377, -0.922341, 0.6, -1e-06, 0.922341, 0.386377, -0.0, 0.0, 0.0, 0.0, 1.0],
                [1.0, -0.0, 1e-06, 0.0, 1e-06, 0.386377, -0.922341, 0.6, -1e-06, 0.922341, 0.386377, -0.0, 0.0, 0.0, 0.0, 1.0],
                [1.0, -0.0, 1e-06, 0.0, 1e-06, 0.386377, -0.922341, 0.6, -1e-06, 0.922341, 0.386377, 0.0, 0.0, 0.0, 0.0, 1.0],
                [1.0, -0.0, 1e-06, -0.0, 1e-06, 0.386377, -0.922341, 0.6, -1e-06, 0.922341, 0.386377, -0.0, 0.0, 0.0, 0.0, 1.0],
                [1.0, -0.0, 1e-06, 0.0, 1e-06, 0.386377, -0.922341, 0.6, -1e-06, 0.922341, 0.386377, 0.0, 0.0, 0.0, 0.0, 1.0],
                [1.0, -0.0, 1e-06, -0.0, 1e-06, 0.386377, -0.922341, 0.6, -1e-06, 0.922341, 0.386377, 0.0, 0.0, 0.0, 0.0, 1.0],
                [1.0, -0.0, 1e-06, 0.0, 1e-06, 0.386377, -0.922341, 0.6, -1e-06, 0.922341, 0.386377, 0.0, 0.0, 0.0, 0.0, 1.0],
                [1.0, -0.0, 1e-06, 0.0, 1e-06, 0.386377, -0.922341, 0.6, -1e-06, 0.922341, 0.386377, 0.0, 0.0, 0.0, 0.0, 1.0],
                [1.0, -0.0, 1e-06, 0.0, 1e-06, 0.386377, -0.922341, 0.6, -1e-06, 0.922341, 0.386377, 0.0, 0.0, 0.0, 0.0, 1.0],
                [1.0, -0.0, 1e-06, 0.0, 1e-06, 0.386377, -0.922341, 0.6, -1e-06, 0.922341, 0.386377, -0.0, 0.0, 0.0, 0.0, 1.0],
                [1.0, -0.0, 1e-06, 0.0, 1e-06, 0.386377, -0.922341, 0.6, -1e-06, 0.922341, 0.386377, -0.0, 0.0, 0.0, 0.0, 1.0],
                [1.0, -0.0, 1e-06, 0.0, 1e-06, 0.386377, -0.922341, 0.6, -1e-06, 0.922341, 0.386377, -0.0, 0.0, 0.0, 0.0, 1.0],
                [1.0, -0.0, 1e-06, -0.0, 1e-06, 0.386377, -0.922341, 0.6, -1e-06, 0.922341, 0.386377, 0.0, 0.0, 0.0, 0.0, 1.0],
                [1.0, -0.0, 1e-06, 0.0, 1e-06, 0.386377, -0.922341, 0.6, -1e-06, 0.922341, 0.386377, 0.0, 0.0, 0.0, 0.0, 1.0],
                [1.0, -0.0, 1e-06, 0.0, 1e-06, 0.386377, -0.922341, 0.6, -1e-06, 0.922341, 0.386377, -0.0, 0.0, 0.0, 0.0, 1.0],
                [1.0, -0.0, 1e-06, 0.0, 1e-06, 0.386377, -0.922341, 0.6, -1e-06, 0.922341, 0.386377, -0.0, 0.0, 0.0, 0.0, 1.0],
                [1.0, -0.0, 1e-06, -0.0, 1e-06, 0.39083, -0.920463, 0.6, -1e-06, 0.920463, 0.39083, 0.0, 0.0, 0.0, 0.0, 1.0],
                [1.0, -0.0, 1e-06, 0.0, 1e-06, 0.402273, -0.91552, 0.6, -1e-06, 0.91552, 0.402273, -0.0, 0.0, 0.0, 0.0, 1.0],
                [1.0, -0.0, 1e-06, 0.0, 1e-06, 0.417821, -0.908529, 0.6, -1e-06, 0.90853, 0.417821, 0.0, 0.0, 0.0, 0.0, 1.0],
                [1.0, -0.0, 1e-06, 0.0, 1e-06, 0.434624, -0.900612, 0.6, -1e-06, 0.900612, 0.434624, -0.0, 0.0, 0.0, 0.0, 1.0],
                [1.0, -0.0, 1e-06, 0.0, 1e-06, 0.449914, -0.893072, 0.6, -1e-06, 0.893072, 0.449914, -0.0, 0.0, 0.0, 0.0, 1.0],
                [1.0, -0.0, 1e-06, -0.0, 1e-06, 0.461011, -0.887395, 0.6, -1e-06, 0.887395, 0.461011, -0.0, 0.0, 0.0, 0.0, 1.0],
                [1.0, -0.0, 1e-06, 0.0, 1e-06, 0.465294, -0.885156, 0.6, -1e-06, 0.885156, 0.465294, 0.0, 0.0, 0.0, 0.0, 1.0],
                [1.0, 0.0, 1e-06, 0.0, 1e-06, 0.465128, -0.885244, 0.6, -1e-06, 0.885244, 0.465128, -0.0, 0.0, 0.0, 0.0, 1.0],
                [1.0, 0.0, 1e-06, 0.0, 1e-06, 0.464641, -0.885499, 0.6, -1e-06, 0.885499, 0.464641, -0.0, 0.0, 0.0, 0.0, 1.0],
                [1.0, 0.0, 1e-06, -0.0, 1e-06, 0.463853, -0.885912, 0.6, -1e-06, 0.885912, 0.463852, 0.0, 0.0, 0.0, 0.0, 1.0],
                [1.0, 0.0, 1e-06, -0.0, 1e-06, 0.46278, -0.886473, 0.6, -1e-06, 0.886473, 0.46278, -0.0, 0.0, 0.0, 0.0, 1.0],
                [1.0, 0.0, 1e-06, 0.0, 1e-06, 0.46144, -0.887171, 0.6, -1e-06, 0.887171, 0.46144, -0.0, 0.0, 0.0, 0.0, 1.0],
                [1.0, 0.0, 1e-06, 0.0, 1e-06, 0.459852, -0.887996, 0.6, -1e-06, 0.887996, 0.459851, -0.0, 0.0, 0.0, 0.0, 1.0],
                [1.0, 0.0, 1e-06, -0.0, 1e-06, 0.458032, -0.888936, 0.6, -1e-06, 0.888936, 0.458032, 0.0, 0.0, 0.0, 0.0, 1.0],
                [1.0, 0.0, 1e-06, -0.0, 1e-06, 0.455999, -0.88998, 0.6, -1e-06, 0.88998, 0.455999, 0.0, 0.0, 0.0, 0.0, 1.0],
                [1.0, 0.0, 1e-06, -0.0, 1e-06, 0.45377, -0.891119, 0.6, -1e-06, 0.891119, 0.453769, 0.0, 0.0, 0.0, 0.0, 1.0],
                [1.0, 0.0, 1e-06, -0.0, 1e-06, 0.451362, -0.892341, 0.6, -1e-06, 0.892341, 0.451362, -0.0, 0.0, 0.0, 0.0, 1.0],
                [1.0, 0.0, 1e-06, -0.0, 1e-06, 0.448795, -0.893635, 0.6, -1e-06, 0.893635, 0.448795, 0.0, 0.0, 0.0, 0.0, 1.0],
                [1.0, 0.0, 1e-06, -0.0, 1e-06, 0.446084, -0.894991, 0.6, -1e-06, 0.894991, 0.446084, -0.0, 0.0, 0.0, 0.0, 1.0],
                [1.0, 0.0, 1e-06, -0.0, 1e-06, 0.44325, -0.896398, 0.6, -1e-06, 0.896398, 0.443249, 0.0, 0.0, 0.0, 0.0, 1.0],
                [1.0, 0.0, 1e-06, -0.0, 1e-06, 0.440308, -0.897847, 0.6, -1e-06, 0.897847, 0.440308, 0.0, 0.0, 0.0, 0.0, 1.0],
                [1.0, 0.0, 1e-06, -0.0, 1e-06, 0.437278, -0.899326, 0.6, -1e-06, 0.899326, 0.437278, 0.0, 0.0, 0.0, 0.0, 1.0],
                [1.0, 0.0, 1e-06, -0.0, 1e-06, 0.434178, -0.900827, 0.6, -1e-06, 0.900827, 0.434178, -0.0, 0.0, 0.0, 0.0, 1.0],
                [1.0, 0.0, 1e-06, -0.0, 1e-06, 0.431026, -0.90234, 0.6, -1e-06, 0.90234, 0.431026, 0.0, 0.0, 0.0, 0.0, 1.0],
                [1.0, 0.0, 1e-06, -0.0, 1e-06, 0.42784, -0.903854, 0.6, -1e-06, 0.903854, 0.42784, 0.0, 0.0, 0.0, 0.0, 1.0],
                [1.0, 0.0, 1e-06, -0.0, 1e-06, 0.42464, -0.905362, 0.6, -1e-06, 0.905362, 0.42464, 0.0, 0.0, 0.0, 0.0, 1.0],
                [1.0, 0.0, 1e-06, -0.0, 1e-06, 0.421444, -0.906854, 0.6, -1e-06, 0.906854, 0.421444, 0.0, 0.0, 0.0, 0.0, 1.0],
                [1.0, 0.0, 1e-06, -0.0, 1e-06, 0.418271, -0.908322, 0.6, -1e-06, 0.908322, 0.418271, 0.0, 0.0, 0.0, 0.0, 1.0],
                [1.0, 0.0, 1e-06, -0.0, 1e-06, 0.41514, -0.909757, 0.6, -1e-06, 0.909757, 0.41514, -0.0, 0.0, 0.0, 0.0, 1.0],
                [1.0, 0.0, 1e-06, -0.0, 1e-06, 0.41207, -0.911152, 0.6, -1e-06, 0.911152, 0.41207, -0.0, 0.0, 0.0, 0.0, 1.0],
                [1.0, 0.0, 1e-06, -0.0, 1e-06, 0.40908, -0.912498, 0.6, -1e-06, 0.912498, 0.40908, 0.0, 0.0, 0.0, 0.0, 1.0],
                [1.0, 0.0, 1e-06, -0.0, 1e-06, 0.40619, -0.913788, 0.6, -1e-06, 0.913788, 0.40619, -0.0, 0.0, 0.0, 0.0, 1.0],
                [1.0, 0.0, 1e-06, -0.0, 1e-06, 0.403419, -0.915015, 0.6, -1e-06, 0.915015, 0.403419, 0.0, 0.0, 0.0, 0.0, 1.0],
                [1.0, 0.0, 1e-06, -0.0, 1e-06, 0.400787, -0.916171, 0.6, -1e-06, 0.916171, 0.400786, 0.0, 0.0, 0.0, 0.0, 1.0],
                [1.0, 0.0, 1e-06, 0.0, 1e-06, 0.398312, -0.91725, 0.6, -1e-06, 0.91725, 0.398312, -0.0, 0.0, 0.0, 0.0, 1.0],
                [1.0, 0.0, 1e-06, 0.0, 1e-06, 0.396015, -0.918244, 0.6, -1e-06, 0.918244, 0.396015, -0.0, 0.0, 0.0, 0.0, 1.0],
                [1.0, 0.0, 1e-06, 0.0, 1e-06, 0.393915, -0.919147, 0.6, -1e-06, 0.919147, 0.393915, -0.0, 0.0, 0.0, 0.0, 1.0],
                [1.0, 0.0, 1e-06, -0.0, 1e-06, 0.392031, -0.919952, 0.6, -1e-06, 0.919952, 0.392031, 0.0, 0.0, 0.0, 0.0, 1.0],
                [1.0, 0.0, 1e-06, 0.0, 1e-06, 0.390384, -0.920652, 0.6, -1e-06, 0.920652, 0.390384, -0.0, 0.0, 0.0, 0.0, 1.0],
                [1.0, 0.0, 1e-06, 0.0, 1e-06, 0.388993, -0.921241, 0.6, -1e-06, 0.921241, 0.388993, 0.0, 0.0, 0.0, 0.0, 1.0],
                [1.0, 0.0, 1e-06, -0.0, 1e-06, 0.387877, -0.921711, 0.6, -1e-06, 0.921711, 0.387877, -0.0, 0.0, 0.0, 0.0, 1.0],
                [1.0, 0.0, 1e-06, 0.0, 1e-06, 0.387057, -0.922056, 0.6, -1e-06, 0.922056, 0.387057, -0.0, 0.0, 0.0, 0.0, 1.0],
                [1.0, 0.0, 1e-06, -0.0, 1e-06, 0.38655, -0.922268, 0.6, -1e-06, 0.922268, 0.38655, 0.0, 0.0, 0.0, 0.0, 1.0],
                [1.0, -0.0, 1e-06, 0.0, 1e-06, 0.386377, -0.922341, 0.6, -1e-06, 0.922341, 0.386377, -0.0, 0.0, 0.0, 0.0, 1.0]
            ]
        },
        {
            "name": "Neck_Upper",
            "time": [0.0, 0.0333, 0.0667, 0.1, 0.1333, 0.1667, 0.2, 0.2333, 0.2667, 0.3, 0.3333, 0.3667, 0.4, 0.4333, 0.4667, 0.5, 0.5333, 0.5667, 0.6, 0.6333, 0.6667, 0.7, 0.7333, 0.7667, 0.8, 0.8333, 0.8667, 0.9, 0.9333, 0.9667, 1.0, 1.0333, 1.0667, 1.1, 1.1333, 1.1667, 1.2, 1.2333, 1.2667, 1.3, 1.3333, 1.3667, 1.4, 1.4333, 1.4667, 1.5, 1.5333, 1.5667, 1.6, 1.6333, 1.6667, 1.7, 1.7333, 1.7667, 1.8, 1.8333, 1.8667, 1.9, 1.9333, 1.9667, 2.0, 2.0333, 2.0667, 2.1, 2.1333, 2.1667, 2.2, 2.2333, 2.2667, 2.3, 2.3333, 2.3667, 2.4, 2.4333, 2.4667],
            "transform": [
                [1.0, 0.000347, -3e-06, -0.0, -0.000337, 0.972082, 0.234639, 0.202995, 8.5e-05, -0.234639, 0.972082, 0.0, 0.0, 0.0, 0.0, 1.0],
                [1.0, 0.000347, -3e-06, -0.0, -0.000337, 0.973177, 0.230057, 0.202995, 8.3e-05, -0.230057, 0.973177, -0.0, 0.0, 0.0, 0.0, 1.0],
                [1.0, 0.000347, -3e-06, 0.0, -0.000338, 0.97425, 0.225468, 0.202995, 8.2e-05, -0.225468, 0.974251, -0.0, 0.0, 0.0, 0.0, 1.0],
