{
    "animation": [
        {
            "name": "Root",
            "time": [0.0, 0.0333, 0.0667, 0.1, 0.1333, 0.1667, 0.2, 0.2333, 0.2667, 0.3, 0.3333, 0.3667, 0.4, 0.4333, 0.4667, 0.5, 0.5333, 0.5667],
            "transform": [
                [1.0, 0.0, 0.0, 0.0, 0.0, 0.999201, 0.039966, -0.604103, 0.0, -0.039966, 0.999201, 1.264611, 0.0, 0.0, 0.0, 1.0],
                [1.0, 0.0, 0.0, 0.0, 0.0, 0.999201, 0.039966, -0.604103, 0.0, -0.039966, 0.999201, 1.277158, 0.0, 0.0, 0.0, 1.0],
                [1.0, 0.0, 0.0, 0.0, 0.0, 0.999201, 0.039966, -0.604103, 0.0, -0.039966, 0.999201, 1.289705, 0.0, 0.0, 0.0, 1.0],
                [1.0, 0.0, 0.0, 0.0, 0.0, 0.999201, 0.039966, -0.604103, 0.0, -0.039966, 0.999201, 1.302252, 0.0, 0.0, 0.0, 1.0],
                [1.0, 0.0, 0.0, 0.0, 0.0, 0.999201, 0.039966, -0.604103, 0.0, -0.039966, 0.999201, 1.314799, 0.0, 0.0, 0.0, 1.0],
                [1.0, 0.0, 0.0, 0.0, 0.0, 0.999201, 0.039966, -0.604103, 0.0, -0.039966, 0.999201, 1.327346, 0.0, 0.0, 0.0, 1.0],
                [1.0, 0.0, 0.0, 0.0, 0.0, 0.999201, 0.039966, -0.604103, 0.0, -0.039966, 0.999201, 1.339893, 0.0, 0.0, 0.0, 1.0],
                [1.0, 0.0, 0.0, 0.0, 0.0, 0.999201, 0.039966, -0.604103, 0.0, -0.039966, 0.999201, 1.334316, 0.0, 0.0, 0.0, 1.0],
                [1.0, 0.0, 0.0, 0.0, 0.0, 0.999201, 0.039966, -0.604103, 0.0, -0.039966, 0.999201, 1.320375, 0.0, 0.0, 0.0, 1.0],
                [1.0, 0.0, 0.0, 0.0, 0.0, 0.999201, 0.039966, -0.604103, 0.0, -0.039966, 0.999201, 1.302252, 0.0, 0.0, 0.0, 1.0],
                [1.0, 0.0, 0.0, 0.0, 0.0, 0.999201, 0.039966, -0.604103, 0.0, -0.039966, 0.999201, 1.284128, 0.0, 0.0, 0.0, 1.0],
                [1.0, 0.0, 0.0, 0.0, 0.0, 0.999201, 0.039966, -0.604103, 0.0, -0.039966, 0.999201, 1.270187, 0.0, 0.0, 0.0, 1.0],
                [1.0, 0.0, 0.0, 0.0, 0.0, 0.999201, 0.039966, -0.604103, 0.0, -0.039966, 0.999201, 1.264611, 0.0, 0.0, 0.0, 1.0],
                [1.0, 0.0, 0.0, 0.0, 0.0, 0.999201, 0.039966, -0.604103, 0.0, -0.039966, 0.999201, 1.264611, 0.0, 0.0, 0.0, 1.0],
                [1.0, 0.0, 0.0, 0.0, 0.0, 0.999201, 0.039966, -0.604103, 0.0, -0.039966, 0.999201, 1.264611, 0.0, 0.0, 0.0, 1.0],
                [1.0, 0.0, 0.0, 0.0, 0.0, 0.999201, 0.039966, -0.604103, 0.0, -0.039966, 0.999201, 1.264611, 0.0, 0.0, 0.0, 1.0],
                [1.0, 0.0, 0.0, 0.0, 0.0, 0.999201, 0.039966, -0.604103, 0.0, -0.039966, 0.999201, 1.264611, 0.0, 0.0, 0.0, 1.0],
                [1.0, 0.0, 0.0, 0.0, 0.0, 0.999201, 0.039966, -0.604103, 0.0, -0.039966, 0.999201, 1.264611, 0.0, 0.0, 0.0, 1.0]
            ]
        },
        {
            "name": "Torso",
            "time": [0.0, 0.0333, 0.0667, 0.1, 0.1333, 0.1667, 0.2, 0.2333, 0.2667, 0.3, 0.3333, 0.3667, 0.4, 0.4333, 0.4667, 0.5, 0.5333, 0.5667],
            "transform": [
                [1.0, -0.0, 0.0, 0.0, 0.0, 0.999202, -0.03993, 0.12, -0.0, 0.03993, 0.999202, -0.0, 0.0, 0.0, 0.0, 1.0],
                [1.0, 0.0, 0.0, 0.0, 0.0, 0.99575, -0.092098, 0.12, -0.0, 0.092098, 0.99575, 0.0, 0.0, 0.0, 0.0, 1.0],
                [1.0, 0.0, 0.0, 0.0, 0.0, 0.98956, -0.144121, 0.12, -0.0, 0.144121, 0.98956, 0.0, 0.0, 0.0, 0.0, 1.0],
                [1.0, 0.0, 0.0, 0.0, 0.0, 0.980647, -0.195783, 0.12, -0.0, 0.195783, 0.980647, -0.0, 0.0, 0.0, 0.0, 1.0],
                [1.0, 0.0, 0.0, 0.0, 0.0, 0.969048, -0.246873, 0.12, -0.0, 0.246873, 0.969048, -0.0, 0.0, 0.0, 0.0, 1.0],
                [1.0, 0.0, 0.0, 0.0, 0.0, 0.954821, -0.297182, 0.12, -0.0, 0.297182, 0.954821, -0.0, 0.0, 0.0, 0.0, 1.0],
                [1.0, 0.0, 0.0, 0.0, 0.0, 0.962501, -0.271277, 0.12, -0.0, 0.271277, 0.962501, -0.0, 0.0, 0.0, 0.0, 1.0],
                [1.0, 0.0, 0.0, 0.0, 0.0, 0.978242, -0.207466, 0.12, -0.0, 0.207466, 0.978242, 0.0, 0.0, 0.0, 0.0, 1.0],
                [1.0, 0.0, 0.0, 0.0, 0.0, 0.99192, -0.126864, 0.12, -0.0, 0.126864, 0.99192, -0.0, 0.0, 0.0, 0.0, 1.0],
                [1.0, 0.0, 0.0, 0.0, 0.0, 0.998812, -0.048734, 0.12, -0.0, 0.048734, 0.998812, -0.0, 0.0, 0.0, 0.0, 1.0],
                [1.0, -0.0, 0.0, 0.0, 0.0, 0.999861, 0.016645, 0.12, -0.0, -0.016645, 0.999861, -0.0, 0.0, 0.0, 0.0, 1.0],
                [1.0, -0.0, 0.0, 0.0, 0.0, 0.998118, 0.061328, 0.12, -0.0, -0.061328, 0.998118, -0.0, 0.0, 0.0, 0.0, 1.0],
                [1.0, -0.0, 0.0, 0.0, 0.0, 0.996966, 0.077841, 0.12, -0.0, -0.077841, 0.996966, -0.0, 0.0, 0.0, 0.0, 1.0],
                [1.0, -0.0, 0.0, 0.0, 0.0, 0.997846, 0.065608, 0.12, -0.0, -0.065608, 0.997846, -0.0, 0.0, 0.0, 0.0, 1.0],
                [1.0, -0.0, 0.0, 0.0, 0.0, 0.999337, 0.036411, 0.12, -0.0, -0.036411, 0.999337, -0.0, 0.0, 0.0, 0.0, 1.0],
                [1.0, -0.0, 0.0, 0.0, 0.0, 0.999999, 0.001527, 0.12, -0.0, -0.001527, 0.999999, -0.0, 0.0, 0.0, 0.0, 1.0],
                [1.0, -0.0, 0.0, 0.0, 0.0, 0.999617, -0.02769, 0.12, -0.0, 0.02769, 0.999617, -0.0, 0.0, 0.0, 0.0, 1.0],
                [1.0, -0.0, 0.0, 0.0, 0.0, 0.999202, -0.03993, 0.12, -0.0, 0.03993, 0.999202, -0.0, 0.0, 0.0, 0.0, 1.0]
            ]
        },
        {
            "name": "Chest",
            "time": [0.0, 0.0333, 0.0667, 0.1, 0.1333, 0.1667, 0.2, 0.2333, 0.2667, 0.3, 0.3333, 0.3667, 0.4, 0.4333, 0.4667, 0.5, 0.5333, 0.5667],
            "transform": [
                [1.0, 0.0, -0.0, 0.0, -0.0, 0.996195, 0.087156, 0.48, 0.0, -0.087156, 0.996195, -0.0, 0.0, 0.0, 0.0, 1.0],
                [1.0, 0.0, -0.0, 0.0, -0.0, 0.994522, 0.104526, 0.48, 0.0, -0.104526, 0.994522, 0.0, 0.0, 0.0, 0.0, 1.0],
                [1.0, 0.0, -0.0, -0.0, 0.0, 0.992546, 0.121868, 0.48, 0.0, -0.121868, 0.992546, 0.0, 0.0, 0.0, 0.0, 1.0],
                [1.0, 0.0, -0.0, -0.0, -0.0, 0.990268, 0.139174, 0.48, 0.0, -0.139174, 0.990268, 0.0, 0.0, 0.0, 0.0, 1.0],
                [1.0, 0.0, -0.0, -0.0, 0.0, 0.987688, 0.156437, 0.48, 0.0, -0.156437, 0.987688, -0.0, 0.0, 0.0, 0.0, 1.0],
                [1.0, 0.0, -0.0, 0.0, 0.0, 0.984808, 0.173648, 0.48, 0.0, -0.173648, 0.984808, 0.0, 0.0, 0.0, 0.0, 1.0],
                [1.0, 0.0, -0.0, -0.0, 0.0, 0.989945, 0.14145, 0.48, 0.0, -0.14145, 0.989945, -0.0, 0.0, 0.0, 0.0, 1.0],
                [1.0, 0.0, -0.0, 0.0, -0.0, 0.998222, 0.059598, 0.48, 0.0, -0.059598, 0.998222, -0.0, 0.0, 0.0, 0.0, 1.0],
                [1.0, -0.0, -0.0, -0.0, -0.0, 0.998852, -0.047912, 0.48, 0.0, 0.047912, 0.998852, 0.0, 0.0, 0.0, 0.0, 1.0],
                [1.0, -0.0, -0.0, 0.0, -0.0, 0.987938, -0.154851, 0.48, 0.0, 0.154851, 0.987938, 0.0, 0.0, 0.0, 0.0, 1.0],
                [1.0, -0.0, -0.0, -0.0, 0.0, 0.971864, -0.235542, 0.48, 0.0, 0.235542, 0.971864, -0.0, 0.0, 0.0, 0.0, 1.0],
                [1.0, -0.0, -0.0, -0.0, 0.0, 0.963633, -0.267231, 0.48, 0.0, 0.267231, 0.963633, 0.0, 0.0, 0.0, 0.0, 1.0],
                [1.0, -0.0, -0.0, -0.0, 0.0, 0.970354, -0.241687, 0.48, 0.0, 0.241687, 0.970354, -0.0, 0.0, 0.0, 0.0, 1.0],
                [1.0, -0.0, -0.0, 0.0, -0.0, 0.984222, -0.176935, 0.48, 0.0, 0.176935, 0.984222, -0.0, 0.0, 0.0, 0.0, 1.0],
                [1.0, -0.0, -0.0, 0.0, 0.0, 0.995813, -0.091414, 0.48, 0.0, 0.091414, 0.995813, -0.0, 0.0, 0.0, 0.0, 1.0],
                [1.0, -0.0, -0.0, -0.0, 0.0, 0.999986, -0.005251, 0.48, 0.0, 0.005251, 0.999986, 0.0, 0.0, 0.0, 0.0, 1.0],
                [1.0, 0.0, -0.0, 0.0, 0.0, 0.998146, 0.060861, 0.48, 0.0, -0.060861, 0.998146, 0.0, 0.0, 0.0, 0.0, 1.0],
                [1.0, 0.0, -0.0, 0.0, -0.0, 0.996195, 0.087156, 0.48, 0.0, -0.087156, 0.996195, -0.0, 0.0, 0.0, 0.0, 1.0]
            ]
        },
        {
            "name": "Neck",
            "time": [0.0, 0.0333, 0.0667, 0.1, 0.1333, 0.1667, 0.2, 0.2333, 0.2667, 0.3, 0.3333, 0.3667, 0.4, 0.4333, 0.4667, 0.5, 0.5333, 0.5667],
            "transform": [
                [1.0, -0.0, 1e-06, 0.0, 1e-06, 0.739974, -0.672635, 0.6, -1e-06, 0.672635, 0.739974, -0.0, 0.0, 0.0, 0.0, 1.0],
                [1.0, -0.0, 1e-06, 0.0, 1e-06, 0.786693, -0.617345, 0.6, -1e-06, 0.617345, 0.786693, -0.0, 0.0, 0.0, 0.0, 1.0],
                [1.0, -0.0, 1e-06, -0.0, 1e-06, 0.829504, -0.558501, 0.6, -1e-06, 0.558501, 0.829504, -0.0, 0.0, 0.0, 0.0, 1.0],
                [1.0, -0.0, 1e-06, 0.0, 1e-06, 0.868019, -0.496531, 0.6, -1e-06, 0.496531, 0.868019, 0.0, 0.0, 0.0, 0.0, 1.0],
                [1.0, -0.0, 1e-06, 0.0, 1e-06, 0.901913, -0.431918, 0.6, -1e-06, 0.431918, 0.901913, -0.0, 0.0, 0.0, 0.0, 1.0],
                [1.0, -0.0, 1e-06, -0.0, 1e-06, 0.930935, -0.365186, 0.6, -1e-06, 0.365186, 0.930934, 0.0, 0.0, 0.0, 0.0, 1.0],
                [1.0, -0.0, 1e-06, -0.0, 0.0, 0.954913, -0.296888, 0.6, -1e-06, 0.296888, 0.954912, 0.0, 0.0, 0.0, 0.0, 1.0],
                [1.0, -0.0, 1e-06, -0.0, 0.0, 0.942466, -0.334302, 0.6, -1e-06, 0.334302, 0.942466, 0.0, 0.0, 0.0, 0.0, 1.0],
                [1.0, -0.0, 1e-06, -0.0, 1e-06, 0.928503, -0.371326, 0.6, -1e-06, 0.371326, 0.928503, 0.0, 0.0, 0.0, 0.0, 1.0],
                [1.0, -0.0, 1e-06, -0.0, 1e-06, 0.913041, -0.407869, 0.6, -1e-06, 0.407869, 0.913041, -0.0, 0.0, 0.0, 0.0, 1.0],
                [1.0, -0.0, 1e-06, 0.0, 1e-06, 0.896106, -0.443839, 0.6, -1e-06, 0.443839, 0.896106, 0.0, 0.0, 0.0, 0.0, 1.0],
                [1.0, -0.0, 1e-06, 0.0, 1e-06, 0.877733, -0.47915, 0.6, -1e-06, 0.47915, 0.877733, -0.0, 0.0, 0.0, 0.0, 1.0],
                [1.0, -0.0, 1e-06, 0.0, 1e-06, 0.857961, -0.513715, 0.6, -1e-06, 0.513715, 0.857961, -0.0, 0.0, 0.0, 0.0, 1.0],
                [1.0, -0.0, 1e-06, 0.0, 1e-06, 0.836837, -0.547453, 0.6, -1e-06, 0.547453, 0.836837, 0.0, 0.0, 0.0, 0.0, 1.0],
                [1.0, -0.0, 1e-06, 0.0, 1e-06, 0.814414, -0.580284, 0.6, -1e-06, 0.580284, 0.814414, 0.0, 0.0, 0.0, 0.0, 1.0],
                [1.0, -0.0, 1e-06, 0.0, 1e-06, 0.790753, -0.612136, 0.6, -1e-06, 0.612136, 0.790752, -0.0, 0.0, 0.0, 0.0, 1.0],
                [1.0, -0.0, 1e-06, -0.0, 1e-06, 0.765916, -0.642941, 0.6, -1e-06, 0.642941, 0.765916, -0.0, 0.0, 0.0, 0.0, 1.0],
                [1.0, -0.0, 1e-06, 0.0, 1e-06, 0.739974, -0.672635, 0.6, -1e-06, 0.672635, 0.739974, -0.0, 0.0, 0.0, 0.0, 1.0]
            ]
        },
        {
            "name": "Neck_Upper",
            "time": [0.0, 0.0333, 0.0667, 0.1, 0.1333, 0.1667, 0.2, 0.2333, 0.2667, 0.3, 0.3333, 0.3667, 0.4, 0.4333, 0.4667, 0.5, 0.5333, 0.5667],
            "transform": [
                [1.0, 0.000347, -3e-06, -0.0, -0.000345, 0.99371, -0.111983, 0.202995, -3.6e-05, 0.111983, 0.99371, -0.0, 0.0, 0.0, 0.0, 1.0],
                [1.0, 0.000347, -3e-06, 0.0, -0.000345, 0.99371, -0.111983, 0.202995, -3.6e-05, 0.111983, 0.99371, -0.0, 0.0, 0.0, 0.0, 1.0],
                [1.0, 0.000347, -3e-06, 0.0, -0.000345, 0.99371, -0.111983, 0.202995, -3.6e-05, 0.111983, 0.99371, 0.0, 0.0, 0.0, 0.0, 1.0],
                [1.0, 0.000347, -3e-06, -0.0, -0.000345, 0.99371, -0.111983, 0.202995, -3.6e-05, 0.111983, 0.99371, 0.0, 0.0, 0.0, 0.0, 1.0],
                [1.0, 0.000347, -3e-06, 0.0, -0.000345, 0.99371, -0.111983, 0.202995, -3.6e-05, 0.111983, 0.99371, -0.0, 0.0, 0.0, 0.0, 1.0],
                [1.0, 0.000347, -3e-06, 0.0, -0.000345, 0.99371, -0.111983, 0.202995, -3.6e-05, 0.111983, 0.99371, -0.0, 0.0, 0.0, 0.0, 1.0],
                [1.0, 0.000347, -3e-06, 0.0, -0.000345, 0.99371, -0.111983, 0.202995, -3.6e-05, 0.111983, 0.99371, 0.0, 0.0, 0.0, 0.0, 1.0],
                [1.0, 0.000347, -3e-06, 0.0, -0.000345, 0.99371, -0.111983, 0.202995, -3.6e-05, 0.111983, 0.99371, 0.0, 0.0, 0.0, 0.0, 1.0],
                [1.0, 0.000347, -3e-06, 0.0, -0.000345, 0.99371, -0.111983, 0.202995, -3.6e-05, 0.111983, 0.99371, 0.0, 0.0, 0.0, 0.0, 1.0],
                [1.0, 0.000347, -3e-06, -0.0, -0.000345, 0.99371, -0.111983, 0.202995, -3.6e-05, 0.111983, 0.99371, 0.0, 0.0, 0.0, 0.0, 1.0],
                [1.0, 0.000347, -3e-06, 0.0, -0.000345, 0.99371, -0.111983, 0.202995, -3.6e-05, 0.111983, 0.99371, -0.0, 0.0, 0.0, 0.0, 1.0],
                [1.0, 0.000347, -3e-06, 0.0, -0.000345, 0.99371, -0.111983, 0.202995, -3.6e-05, 0.111983, 0.99371, -0.0, 0.0, 0.0, 0.0, 1.0],
                [1.0, 0.000347, -3e-06, -0.0, -0.000345, 0.99371, -0.111983, 0.202995, -3.6e-05, 0.111983, 0.99371, 0.0, 0.0, 0.0, 0.0, 1.0],
                [1.0, 0.000347, -3e-06, -0.0, -0.000345, 0.99371, -0.111983, 0.202995, -3.6e-05, 0.111983, 0.99371, -0.0, 0.0, 0.0, 0.0, 1.0],
                [1.0, 0.000347, -3e-06, 0.0, -0.000345, 0.99371, -0.111983, 0.202995, -3.6e-05, 0.111983, 0.99371, 0.0, 0.0, 0.0, 0.0, 1.0],
                [1.0, 0.000347, -3e-06, 0.0, -0.000345, 0.99371, -0.111983, 0.202995, -3.6e-05, 0.111983, 0.99371, -0.0, 0.0, 0.0, 0.0, 1.0],
                [1.0, 0.000347, -3e-06, -0.0, -0.000345, 0.99371, -0.111983, 0.202995, -3.6e-05, 0.111983, 0.99371, -0.0, 0.0, 0.0, 0.0, 1.0],
                [1.0, 0.000347, -3e-06, -0.0, -0.000345, 0.99371, -0.111983, 0.202995, -3.6e-05, 0.111983, 0.99371, -0.0, 0.0, 0.0, 0.0, 1.0]
            ]
        },
        {
            "name": "Head",
            "time": [0.0, 0.0333, 0.0667, 0.1, 0.1333, 0.1667, 0.2, 0.2333, 0.2667, 0.3, 0.3333, 0.3667, 0.4, 0.4333, 0.4667, 0.5, 0.5333, 0.5667],
            "transform": [
                [1.0, -0.000623, -0.000338, -0.0, 0.000508, 0.29793, 0.954588, 0.349907, -0.000494, -0.954588, 0.29793, 0.0, 0.0, 0.0, 0.0, 1.0],
                [1.0, -0.000637, -0.000333, -0.0, 0.000529, 0.33922, 0.940707, 0.349907, -0.000486, -0.940707, 0.33922, 0.0, 0.0, 0.0, 0.0, 1.0],
                [1.0, -0.000651, -0.000327, -0.0, 0.00055, 0.379943, 0.92501, 0.349907, -0.000478, -0.92501, 0.379943, 0.0, 0.0, 0.0, 0.0, 1.0],
                [1.0, -0.000665, -0.000321, 0.0, 0.000571, 0.41998, 0.907533, 0.349907, -0.000469, -0.907533, 0.41998, 0.0, 0.0, 0.0, 0.0, 1.0],
                [1.0, -0.000679, -0.000315, -0.0, 0.000591, 0.459215, 0.888325, 0.349907, -0.000458, -0.888325, 0.459216, 0.0, 0.0, 0.0, 0.0, 1.0],
                [1.0, -0.000692, -0.000307, 0.0, 0.000611, 0.497538, 0.867442, 0.349907, -0.000447, -0.867442, 0.497539, 0.0, 0.0, 0.0, 0.0, 1.0],
                [1.0, -0.000705, -0.000299, 0.0, 0.00063, 0.534844, 0.844951, 0.349907, -0.000435, -0.844951, 0.534844, 0.0, 0.0, 0.0, 0.0, 1.0],
                [1.0, -0.000698, -0.000304, -0.0, 0.00062, 0.514628, 0.857414, 0.349907, -0.000442, -0.857414, 0.514628, 0.0, 0.0, 0.0, 0.0, 1.0],
                [1.0, -0.000691, -0.000308, -0.0, 0.000609, 0.494095, 0.869408, 0.349907, -0.000448, -0.869408, 0.494095, -0.0, 0.0, 0.0, 0.0, 1.0],
                [1.0, -0.000684, -0.000312, 0.0, 0.000598, 0.473262, 0.880921, 0.349907, -0.000455, -0.880922, 0.473262, -0.0, 0.0, 0.0, 0.0, 1.0],
                [1.0, -0.000676, -0.000316, 0.0, 0.000587, 0.452146, 0.891944, 0.349907, -0.00046, -0.891944, 0.452146, -0.0, 0.0, 0.0, 0.0, 1.0],
                [1.0, -0.000669, -0.000319, 0.0, 0.000576, 0.430765, 0.902464, 0.349907, -0.000466, -0.902464, 0.430765, -0.0, 0.0, 0.0, 0.0, 1.0],
                [1.0, -0.000661, -0.000323, 0.0, 0.000565, 0.409135, 0.912474, 0.349907, -0.000471, -0.912474, 0.409136, -0.0, 0.0, 0.0, 0.0, 1.0],
                [1.0, -0.000654, -0.000326, 0.0, 0.000554, 0.387277, 0.921963, 0.349907, -0.000476, -0.921963, 0.387277, -0.0, 0.0, 0.0, 0.0, 1.0],
                [1.0, -0.000646, -0.000329, -0.0, 0.000543, 0.365208, 0.930926, 0.349907, -0.000481, -0.930926, 0.365208, -0.0, 0.0, 0.0, 0.0, 1.0],
                [1.0, -0.000638, -0.000332, -0.0, 0.000531, 0.342947, 0.939355, 0.349907, -0.000486, -0.939355, 0.342947, -0.0, 0.0, 0.0, 0.0, 1.0],
                [1.0, -0.000631, -0.000335, 0.0, 0.00052, 0.320515, 0.947244, 0.349907, -0.00049, -0.947244, 0.320515, 0.0, 0.0, 0.0, 0.0, 1.0],
                [1.0, -0.000623, -0.000338, -0.0, 0.000508, 0.29793, 0.954588, 0.349907, -0.000494, -0.954588, 0.29793, 0.0, 0.0, 0.0, 0.0, 1.0]
            ]
        },
        {
            "name": "Snout",
            "time": [0.0, 0.0333, 0.0667, 0.1, 0.1333, 0.1667, 0.2, 0.2333, 0.2667, 0.3, 0.3333, 0.3667, 0.4, 0.4333, 0.4667, 0.5, 0.5333, 0.5667],
            "transform": [
                [1.0, 0.000516, -4.3e-05, 0.0, -0.000517, 0.995168, -0.098181, 0.234634, -8e-06, 0.098181, 0.995168, 0.0, 0.0, 0.0, 0.0, 1.0],
                [1.0, 0.000516, -4.3e-05, 0.0, -0.000517, 0.995168, -0.098181, 0.234634, -8e-06, 0.098181, 0.995169, -0.0, 0.0, 0.0, 0.0, 1.0],
                [1.0, 0.000516, -4.3e-05, -0.0, -0.000517, 0.995169, -0.098181, 0.234633, -8e-06, 0.098181, 0.995169, 0.0, 0.0, 0.0, 0.0, 1.0],
                [1.0, 0.000516, -4.3e-05, -0.0, -0.000517, 0.995168, -0.098181, 0.234634, -8e-06, 0.098181, 0.995169, -0.0, 0.0, 0.0, 0.0, 1.0],
                [1.0, 0.000516, -4.3e-05, -0.0, -0.000517, 0.995169, -0.098181, 0.234634, -8e-06, 0.098181, 0.995169, -0.0, 0.0, 0.0, 0.0, 1.0],
                [1.0, 0.000516, -4.3e-05, -0.0, -0.000517, 0.995168, -0.098181, 0.234633, -8e-06, 0.098181, 0.995168, -0.0, 0.0, 0.0, 0.0, 1.0],
                [1.0, 0.000516, -4.3e-05, 0.0, -0.000517, 0.995168, -0.098181, 0.234634, -8e-06, 0.098181, 0.995169, -0.0, 0.0, 0.0, 0.0, 1.0],
                [1.0, 0.000516, -4.3e-05, -0.0, -0.000517, 0.995168, -0.098181, 0.234634, -8e-06, 0.098181, 0.995168, -0.0, 0.0, 0.0, 0.0, 1.0],
                [1.0, 0.000516, -4.3e-05, 0.0, -0.000517, 0.995169, -0.098181, 0.234634, -8e-06, 0.098181, 0.995169, -0.0, 0.0, 0.0, 0.0, 1.0],
                [1.0, 0.000516, -4.3e-05, -0.0, -0.000517, 0.995168, -0.098181, 0.234633, -8e-06, 0.098181, 0.995169, 0.0, 0.0, 0.0, 0.0, 1.0],
                [1.0, 0.000516, -4.3e-05, 0.0, -0.000517, 0.995169, -0.098181, 0.234634, -8e-06, 0.098181, 0.995169, 0.0, 0.0, 0.0, 0.0, 1.0],
                [1.0, 0.000516, -4.3e-05, 0.0, -0.000517, 0.995168, -0.098181, 0.234634, -8e-06, 0.098181, 0.995168, 0.0, 0.0, 0.0, 0.0, 1.0],
                [1.0, 0.000516, -4.3e-05, 0.0, -0.000517, 0.995169, -0.098181, 0.234634, -8e-06, 0.098181, 0.995169, 0.0, 0.0, 0.0, 0.0, 1.0],
                [1.0, 0.000516, -4.3e-05, -0.0, -0.000517, 0.995168, -0.098181, 0.234633, -8e-06, 0.098181, 0.995168, 0.0, 0.0, 0.0, 0.0, 1.0],
                [1.0, 0.000516, -4.3e-05, -0.0, -0.000517, 0.995168, -0.098181, 0.234633, -8e-06, 0.098181, 0.995169, 0.0, 0.0, 0.0, 0.0, 1.0],
                [1.0, 0.000516, -4.3e-05, 0.0, -0.000517, 0.995169, -0.098181, 0.234634, -8e-06, 0.098181, 0.995169, 0.0, 0.0, 0.0, 0.0, 1.0],
                [1.0, 0.000516, -4.3e-05, 0.0, -0.000517, 0.995168, -0.098181, 0.234634, -8e-06, 0.098181, 0.995168, 0.0, 0.0, 0.0, 0.0, 1.0],
                [1.0, 0.000516, -4.3e-05, 0.0, -0.000517, 0.995168, -0.098181, 0.234634, -8e-06, 0.098181, 0.995168, 0.0, 0.0, 0.0, 0.0, 1.0]
            ]
        },
        {
            "name": "Jaw",
            "time": [0.0, 0.0333, 0.0667, 0.1, 0.1333, 0.1667, 0.2, 0.2333, 0.2667, 0.3, 0.3333, 0.3667, 0.4, 0.4333, 0.4667, 0.5, 0.5333, 0.5667],
            "transform": [
                [1.0, 0.000445, 0.000266, 0.0, -0.000518, 0.866521, 0.49914, 0.234634, -8e-06, -0.49914, 0.866521, 0.0, 0.0, 0.0, 0.0, 1.0],
                [1.0, 0.000445, 0.000266, 0.0, -0.000518, 0.866521, 0.49914, 0.234634, -8e-06, -0.49914, 0.866521, -0.0, 0.0, 0.0, 0.0, 1.0],
                [1.0, 0.000445, 0.000266, -0.0, -0.000518, 0.866521, 0.49914, 0.234633, -8e-06, -0.49914, 0.866521, 0.0, 0.0, 0.0, 0.0, 1.0],
                [1.0, 0.000445, 0.000266, -0.0, -0.000518, 0.866521, 0.49914, 0.234634, -8e-06, -0.49914, 0.866521, -0.0, 0.0, 0.0, 0.0, 1.0],
                [1.0, 0.000445, 0.000266, -0.0, -0.000518, 0.866521, 0.49914, 0.234634, -8e-06, -0.49914, 0.866521, -0.0, 0.0, 0.0, 0.0, 1.0],
                [1.0, 0.000445, 0.000266, -0.0, -0.000518, 0.866521, 0.49914, 0.234633, -8e-06, -0.49914, 0.866521, -0.0, 0.0, 0.0, 0.0, 1.0],
                [1.0, 0.000445, 0.000266, 0.0, -0.000518, 0.866521, 0.49914, 0.234634, -8e-06, -0.49914, 0.866521, -0.0, 0.0, 0.0, 0.0, 1.0],
                [1.0, 0.000445, 0.000266, -0.0, -0.000518, 0.866521, 0.49914, 0.234634, -8e-06, -0.49914, 0.866521, -0.0, 0.0, 0.0, 0.0, 1.0],
                [1.0, 0.000445, 0.000266, 0.0, -0.000518, 0.866521, 0.49914, 0.234634, -8e-06, -0.49914, 0.866521, -0.0, 0.0, 0.0, 0.0, 1.0],
                [1.0, 0.000445, 0.000266, -0.0, -0.000518, 0.866521, 0.49914, 0.234633, -8e-06, -0.49914, 0.866521, 0.0, 0.0, 0.0, 0.0, 1.0],
                [1.0, 0.000445, 0.000266, 0.0, -0.000518, 0.866521, 0.49914, 0.234634, -8e-06, -0.49914, 0.866521, 0.0, 0.0, 0.0, 0.0, 1.0],
                [1.0, 0.000445, 0.000266, 0.0, -0.000518, 0.866521, 0.49914, 0.234634, -8e-06, -0.49914, 0.866521, 0.0, 0.0, 0.0, 0.0, 1.0],
                [1.0, 0.000445, 0.000266, 0.0, -0.000518, 0.866521, 0.49914, 0.234634, -8e-06, -0.49914, 0.866521, 0.0, 0.0, 0.0, 0.0, 1.0],
                [1.0, 0.000445, 0.000266, -0.0, -0.000518, 0.866521, 0.49914, 0.234633, -8e-06, -0.49914, 0.866521, 0.0, 0.0, 0.0, 0.0, 1.0],
                [1.0, 0.000445, 0.000266, -0.0, -0.000518, 0.866521, 0.49914, 0.234633, -8e-06, -0.49914, 0.866521, 0.0, 0.0, 0.0, 0.0, 1.0],
                [1.0, 0.000445, 0.000266, 0.0, -0.000518, 0.866521, 0.49914, 0.234634, -8e-06, -0.49914, 0.866521, 0.0, 0.0, 0.0, 0.0, 1.0],
                [1.0, 0.000445, 0.000266, 0.0, -0.000518, 0.866521, 0.49914, 0.234634, -8e-06, -0.49914, 0.866521, 0.0, 0.0, 0.0, 0.0, 1.0],
                [1.0, 0.000445, 0.000266, 0.0, -0.000518, 0.866521, 0.49914, 0.234634, -8e-06, -0.49914, 0.866521, 0.0, 0.0, 0.0, 0.0, 1.0]
            ]
        },
        {
            "name": "Ear_R",
            "time": [0.0, 0.0333, 0.0667, 0.1, 0.1333, 0.1667, 0.2, 0.2333, 0.2667, 0.3, 0.3333, 0.3667, 0.4, 0.4333, 0.4667, 0.5, 0.5333, 0.5667],
            "transform": [
                [0.994795, -0.011067, -0.101295, 0.103474, -0.101738, -0.052133, -0.993444, -0.139451, 0.005713, 0.998579, -0.052988, 0.207531, 0.0, 0.0, 0.0, 1.0],
                [0.994795, -0.011067, -0.101295, 0.103474, -0.101738, -0.052133, -0.993444, -0.139452, 0.005713, 0.998579, -0.052988, 0.207531, 0.0, 0.0, 0.0, 1.0],
                [0.994795, -0.011067, -0.101295, 0.103474, -0.101738, -0.052133, -0.993444, -0.139452, 0.005713, 0.998579, -0.052988, 0.207531, 0.0, 0.0, 0.0, 1.0],
                [0.994795, -0.011067, -0.101295, 0.103474, -0.101738, -0.052133, -0.993444, -0.139452, 0.005713, 0.998579, -0.052988, 0.207531, 0.0, 0.0, 0.0, 1.0],
                [0.994795, -0.011067, -0.101295, 0.103474, -0.101738, -0.052133, -0.993444, -0.139452, 0.005713, 0.998579, -0.052988, 0.20753, 0.0, 0.0, 0.0, 1.0],
                [0.994795, -0.011067, -0.101295, 0.103474, -0.101738, -0.052133, -0.993444, -0.139452, 0.005713, 0.998579, -0.052988, 0.207531, 0.0, 0.0, 0.0, 1.0],
                [0.994795, -0.011067, -0.101295, 0.103474, -0.101738, -0.052133, -0.993444, -0.139452, 0.005713, 0.998579, -0.052988, 0.207531, 0.0, 0.0, 0.0, 1.0],
                [0.994795, -0.011067, -0.101295, 0.103474, -0.101738, -0.052133, -0.993444, -0.139452, 0.005713, 0.998579, -0.052988, 0.207531, 0.0, 0.0, 0.0, 1.0],
                [0.994795, -0.011067, -0.101295, 0.103474, -0.101738, -0.052133, -0.993444, -0.139452, 0.005713, 0.998579, -0.052988, 0.207531, 0.0, 0.0, 0.0, 1.0],
                [0.994795, -0.011067, -0.101295, 0.103474, -0.101738, -0.052133, -0.993444, -0.139452, 0.005713, 0.998579, -0.052988, 0.207531, 0.0, 0.0, 0.0, 1.0],
                [0.994795, -0.011067, -0.101295, 0.103474, -0.101738, -0.052133, -0.993444, -0.139452, 0.005713, 0.998579, -0.052988, 0.207531, 0.0, 0.0, 0.0, 1.0],
                [0.994795, -0.011067, -0.101295, 0.103474, -0.101738, -0.052133, -0.993444, -0.139452, 0.005713, 0.998579, -0.052988, 0.207531, 0.0, 0.0, 0.0, 1.0],
                [0.994795, -0.011067, -0.101295, 0.103474, -0.101738, -0.052133, -0.993444, -0.139452, 0.005713, 0.998579, -0.052988, 0.207531, 0.0, 0.0, 0.0, 1.0],
                [0.994795, -0.011067, -0.101295, 0.103474, -0.101738, -0.052133, -0.993444, -0.139452, 0.005713, 0.998579, -0.052988, 0.207531, 0.0, 0.0, 0.0, 1.0],
                [0.994795, -0.011067, -0.101295, 0.103474, -0.101738, -0.052133, -0.993444, -0.139452, 0.005713, 0.998579, -0.052988, 0.207531, 0.0, 0.0, 0.0, 1.0],
                [0.994795, -0.011067, -0.101295, 0.103474, -0.101738, -0.052133, -0.993444, -0.139452, 0.005713, 0.998579, -0.052988, 0.207531, 0.0, 0.0, 0.0, 1.0],
                [0.994795, -0.011067, -0.101295, 0.103474, -0.101738, -0.052133, -0.993444, -0.139451, 0.005713, 0.998579, -0.052988, 0.207531, 0.0, 0.0, 0.0, 1.0],
                [0.994795, -0.011067, -0.101295, 0.103474, -0.101738, -0.052133, -0.993444, -0.139451, 0.005713, 0.998579, -0.052988, 0.207531, 0.0, 0.0, 0.0, 1.0]
            ]
        },
        {
            "name": "Ear_L",
            "time": [0.0, 0.0333, 0.0667, 0.1, 0.1333, 0.1667, 0.2, 0.2333, 0.2667, 0.3, 0.3333, 0.3667, 0.4, 0.4333, 0.4667, 0.5, 0.5333, 0.5667],
            "transform": [
                [0.994795, -0.011067, -0.101295, -0.136526, -0.101738, -0.052133, -0.993444, -0.139327, 0.005713, 0.998579, -0.052988, 0.207533, 0.0, 0.0, 0.0, 1.0],
                [0.994795, -0.011067, -0.101295, -0.136526, -0.101738, -0.052133, -0.993444, -0.139327, 0.005713, 0.998579, -0.052988, 0.207532, 0.0, 0.0, 0.0, 1.0],
                [0.994795, -0.011067, -0.101295, -0.136526, -0.101738, -0.052133, -0.993444, -0.139327, 0.005713, 0.998579, -0.052988, 0.207533, 0.0, 0.0, 0.0, 1.0],
                [0.994795, -0.011067, -0.101295, -0.136526, -0.101738, -0.052133, -0.993444, -0.139327, 0.005713, 0.998579, -0.052988, 0.207533, 0.0, 0.0, 0.0, 1.0],
                [0.994795, -0.011067, -0.101295, -0.136526, -0.101738, -0.052133, -0.993444, -0.139327, 0.005713, 0.998579, -0.052988, 0.207532, 0.0, 0.0, 0.0, 1.0],
                [0.994795, -0.011067, -0.101295, -0.136526, -0.101738, -0.052133, -0.993444, -0.139327, 0.005713, 0.998579, -0.052988, 0.207533, 0.0, 0.0, 0.0, 1.0],
                [0.994795, -0.011067, -0.101295, -0.136526, -0.101738, -0.052133, -0.993444, -0.139327, 0.005713, 0.998579, -0.052988, 0.207532, 0.0, 0.0, 0.0, 1.0],
                [0.994795, -0.011067, -0.101295, -0.136526, -0.101738, -0.052133, -0.993444, -0.139327, 0.005713, 0.998579, -0.052988, 0.207532, 0.0, 0.0, 0.0, 1.0],
                [0.994795, -0.011067, -0.101295, -0.136526, -0.101738, -0.052133, -0.993444, -0.139327, 0.005713, 0.998579, -0.052988, 0.207532, 0.0, 0.0, 0.0, 1.0],
                [0.994795, -0.011067, -0.101295, -0.136526, -0.101738, -0.052133, -0.993444, -0.139328, 0.005713, 0.998579, -0.052988, 0.207533, 0.0, 0.0, 0.0, 1.0],
                [0.994795, -0.011067, -0.101295, -0.136526, -0.101738, -0.052133, -0.993444, -0.139327, 0.005713, 0.998579, -0.052988, 0.207533, 0.0, 0.0, 0.0, 1.0],
                [0.994795, -0.011067, -0.101295, -0.136526, -0.101738, -0.052133, -0.993444, -0.139327, 0.005713, 0.998579, -0.052988, 0.207533, 0.0, 0.0, 0.0, 1.0],
                [0.994795, -0.011067, -0.101295, -0.136526, -0.101738, -0.052133, -0.993444, -0.139327, 0.005713, 0.998579, -0.052988, 0.207533, 0.0, 0.0, 0.0, 1.0],
                [0.994795, -0.011067, -0.101295, -0.136526, -0.101738, -0.052133, -0.993444, -0.139327, 0.005713, 0.998579, -0.052988, 0.207533, 0.0, 0.0, 0.0, 1.0],
                [0.994795, -0.011067, -0.101295, -0.136526, -0.101738, -0.052133, -0.993444, -0.139327, 0.005713, 0.998579, -0.052988, 0.207533, 0.0, 0.0, 0.0, 1.0],
                [0.994795, -0.011067, -0.101295, -0.136526, -0.101738, -0.052133, -0.993444, -0.139327, 0.005713, 0.998579, -0.052988, 0.207533, 0.0, 0.0, 0.0, 1.0],
                [0.994795, -0.011067, -0.101295, -0.136526, -0.101738, -0.052133, -0.993444, -0.139327, 0.005713, 0.998579, -0.052988, 0.207533, 0.0, 0.0, 0.0, 1.0],
                [0.994795, -0.011067, -0.101295, -0.136526, -0.101738, -0.052133, -0.993444, -0.139327, 0.005713, 0.998579, -0.052988, 0.207533, 0.0, 0.0, 0.0, 1.0]
            ]
        },
        {
            "name": "Shoulder_FR",
            "time": [0.0, 0.0333, 0.0667, 0.1, 0.1333, 0.1667, 0.2, 0.2333, 0.2667, 0.3, 0.3333, 0.3667, 0.4, 0.4333, 0.4667, 0.5, 0.5333, 0.5667],
            "transform": [
                [0.619817, 0.447136, 0.644901, 0.0, -0.7273, 0.018673, 0.686065, 0.6, 0.294722, -0.894271, 0.336776, -0.0, 0.0, 0.0, 0.0, 1.0],
                [0.619817, 0.447136, 0.644901, 0.0, -0.7273, 0.018673, 0.686065, 0.6, 0.294722, -0.894271, 0.336776, -0.0, 0.0, 0.0, 0.0, 1.0],
                [0.619817, 0.447136, 0.644901, -0.0, -0.7273, 0.018673, 0.686065, 0.6, 0.294722, -0.894271, 0.336776, -0.0, 0.0, 0.0, 0.0, 1.0],
                [0.619817, 0.447136, 0.644901, 0.0, -0.7273, 0.018673, 0.686065, 0.6, 0.294722, -0.894271, 0.336776, 0.0, 0.0, 0.0, 0.0, 1.0],
                [0.619817, 0.447136, 0.644901, 0.0, -0.7273, 0.018673, 0.686065, 0.6, 0.294722, -0.894271, 0.336776, -0.0, 0.0, 0.0, 0.0, 1.0],
                [0.619817, 0.447136, 0.644901, -0.0, -0.7273, 0.018673, 0.686065, 0.6, 0.294722, -0.894271, 0.336776, 0.0, 0.0, 0.0, 0.0, 1.0],
                [0.619817, 0.447136, 0.644901, -0.0, -0.7273, 0.018673, 0.686065, 0.6, 0.294722, -0.894271, 0.336776, 0.0, 0.0, 0.0, 0.0, 1.0],
                [0.619817, 0.447136, 0.644901, -0.0, -0.7273, 0.018673, 0.686065, 0.6, 0.294722, -0.894271, 0.336776, 0.0, 0.0, 0.0, 0.0, 1.0],
                [0.619817, 0.447136, 0.644901, -0.0, -0.7273, 0.018673, 0.686065, 0.6, 0.294722, -0.894271, 0.336776, 0.0, 0.0, 0.0, 0.0, 1.0],
                [0.619817, 0.447136, 0.644901, -0.0, -0.7273, 0.018673, 0.686065, 0.6, 0.294722, -0.894271, 0.336776, -0.0, 0.0, 0.0, 0.0, 1.0],
                [0.619817, 0.447136, 0.644901, 0.0, -0.7273, 0.018673, 0.686065, 0.6, 0.294722, -0.894271, 0.336776, 0.0, 0.0, 0.0, 0.0, 1.0],
                [0.619817, 0.447136, 0.644901, 0.0, -0.7273, 0.018673, 0.686065, 0.6, 0.294722, -0.894271, 0.336776, -0.0, 0.0, 0.0, 0.0, 1.0],
                [0.619817, 0.447136, 0.644901, 0.0, -0.7273, 0.018673, 0.686065, 0.6, 0.294722, -0.894271, 0.336776, -0.0, 0.0, 0.0, 0.0, 1.0],
                [0.619817, 0.447136, 0.644901, 0.0, -0.7273, 0.018673, 0.686065, 0.6, 0.294722, -0.894271, 0.336776, 0.0, 0.0, 0.0, 0.0, 1.0],
                [0.619817, 0.447136, 0.644901, 0.0, -0.7273, 0.018673, 0.686065, 0.6, 0.294722, -0.894271, 0.336776, 0.0, 0.0, 0.0, 0.0, 1.0],
                [0.619817, 0.447136, 0.644901, 0.0, -0.7273, 0.018673, 0.686065, 0.6, 0.294722, -0.894271, 0.336776, -0.0, 0.0, 0.0, 0.0, 1.0],
                [0.619817, 0.447136, 0.644901, -0.0, -0.7273, 0.018673, 0.686065, 0.6, 0.294722, -0.894271, 0.336776, -0.0, 0.0, 0.0, 0.0, 1.0],
                [0.619817, 0.447136, 0.644901, 0.0, -0.7273, 0.018673, 0.686065, 0.6, 0.294722, -0.894271, 0.336776, -0.0, 0.0, 0.0, 0.0, 1.0]
            ]
        },
        {
            "name": "Thigh_FR",
            "time": [0.0, 0.0333, 0.0667, 0.1, 0.1333, 0.1667, 0.2, 0.2333, 0.2667, 0.3, 0.3333, 0.3667, 0.4, 0.4333, 0.4667, 0.5, 0.5333, 0.5667],
            "transform": [
                [0.334988, -0.767429, 0.546659, 0.0, 0.929385, 0.173678, -0.3257, 0.53675, 0.155009, 0.617162, 0.771417, 0.0, 0.0, 0.0, 0.0, 1.0],
                [0.584912, -0.759383, 0.284984, 0.0, 0.811091, 0.548991, -0.201844, 0.53675, -0.003177, 0.349209, 0.937039, -0.0, 0.0, 0.0, 0.0, 1.0],
                [0.832041, -0.554093, 0.026236, -0.0, 0.55139, 0.8313, 0.070066, 0.53675, -0.060633, -0.043832, 0.997197, 0.0, 0.0, 0.0, 0.0, 1.0],
                [0.973177, -0.195333, -0.121536, -0.0, 0.228386, 0.883836, 0.408257, 0.53675, 0.027672, -0.425063, 0.90474, -0.0, 0.0, 0.0, 0.0, 1.0],
                [0.977763, 0.167386, -0.126338, 0.0, -0.036029, 0.727553, 0.685104, 0.53675, 0.206594, -0.665318, 0.717406, 0.0, 0.0, 0.0, 0.0, 1.0],
                [0.983864, 0.119984, -0.132725, 0.0, -0.004489, 0.758136, 0.652082, 0.53675, 0.178863, -0.640964, 0.746441, -0.0, 0.0, 0.0, 0.0, 1.0],
                [0.990165, -0.012726, -0.139323, 0.0, 0.088663, 0.827414, 0.55455, 0.53675, 0.10822, -0.561449, 0.820405, 0.0, 0.0, 0.0, 0.0, 1.0],
                [0.970146, -0.211679, -0.118362, 0.0, 0.241574, 0.886596, 0.39445, 0.53675, 0.021442, -0.411267, 0.911263, -0.0, 0.0, 0.0, 0.0, 1.0],
                [0.899929, -0.433724, -0.044844, 0.0, 0.433776, 0.880061, 0.19321, 0.53675, -0.044334, -0.193328, 0.980132, 0.0, 0.0, 0.0, 0.0, 1.0],
                [0.781112, -0.619301, 0.079559, 0.0, 0.621474, 0.783428, -0.003312, 0.53675, -0.060277, 0.052031, 0.996825, 0.0, 0.0, 0.0, 0.0, 1.0],
                [0.631043, -0.73876, 0.236684, -0.0, 0.775414, 0.609653, -0.16449, 0.53675, -0.022777, 0.287328, 0.957561, 0.0, 0.0, 0.0, 0.0, 1.0],
                [0.469457, -0.784144, 0.405867, 0.0, 0.880958, 0.385083, -0.274997, 0.53675, 0.059345, 0.486651, 0.871578, -0.0, 0.0, 0.0, 0.0, 1.0],
                [0.34066, -0.769138, 0.54072, 0.0, 0.928068, 0.183048, -0.324321, 0.53675, 0.15047, 0.612308, 0.776169, -0.0, 0.0, 0.0, 0.0, 1.0],
                [0.289221, -0.750219, 0.594577, 0.0, 0.937533, 0.096543, -0.334232, 0.53675, 0.193345, 0.654103, 0.731278, 0.0, 0.0, 0.0, 0.0, 1.0],
                [0.2963, -0.753288, 0.587165, -0.0, 0.936567, 0.108656, -0.33322, 0.53675, 0.187211, 0.648653, 0.7377, 0.0, 0.0, 0.0, 0.0, 1.0],
                [0.311975, -0.759547, 0.570754, 0.0, 0.93404, 0.135239, -0.330574, 0.53675, 0.173899, 0.636238, 0.751639, -0.0, 0.0, 0.0, 0.0, 1.0],
                [0.327772, -0.765123, 0.554214, -0.0, 0.930964, 0.1617, -0.327353, 0.53675, 0.160849, 0.62325, 0.765302, 0.0, 0.0, 0.0, 0.0, 1.0],
                [0.334988, -0.767429, 0.546659, 0.0, 0.929385, 0.173678, -0.3257, 0.53675, 0.155009, 0.617162, 0.771417, 0.0, 0.0, 0.0, 0.0, 1.0]
            ]
        },
        {
            "name": "Leg_FR",
            "time": [0.0, 0.0333, 0.0667, 0.1, 0.1333, 0.1667, 0.2, 0.2333, 0.2667, 0.3, 0.3333, 0.3667, 0.4, 0.4333, 0.4667, 0.5, 0.5333, 0.5667],
            "transform": [
                [0.936088, 0.345342, 0.066917, -0.0, -0.345342, 0.866026, 0.361578, 0.396082, 0.066917, -0.361578, 0.929937, 0.0, 0.0, 0.0, 0.0, 1.0],
                [0.873284, 0.4688, 0.132674, 0.0, -0.4688, 0.734371, 0.490841, 0.396082, 0.132674, -0.490841, 0.861088, -0.0, 0.0, 0.0, 0.0, 1.0],
                [0.78927, 0.573038, 0.220638, -0.0, -0.573038, 0.558258, 0.59998, 0.396082, 0.220638, -0.59998, 0.768988, -0.0, 0.0, 0.0, 0.0, 1.0],
                [0.689078, 0.647453, 0.325541, 0.0, -0.647453, 0.348232, 0.677893, 0.396082, 0.325541, -0.677893, 0.659154, 0.0, 0.0, 0.0, 0.0, 1.0],
                [0.580747, 0.685597, 0.438965, 0.0, -0.685597, 0.121144, 0.717831, 0.396082, 0.438965, -0.717831, 0.540397, 0.0, 0.0, 0.0, 0.0, 1.0],
                [0.473286, 0.68693, 0.551478, -0.0, -0.68693, -0.104121, 0.719226, 0.396082, 0.551478, -0.719226, 0.422593, 0.0, 0.0, 0.0, 0.0, 1.0],
                [0.399488, 0.667149, 0.628746, 0.0, -0.667149, -0.258819, 0.698516, 0.396082, 0.628746, -0.698516, 0.341693, -0.0, 0.0, 0.0, 0.0, 1.0],
                [0.428053, 0.676878, 0.598838, -0.0, -0.676878, -0.198941, 0.708702, 0.396082, 0.598838, -0.708702, 0.373007, 0.0, 0.0, 0.0, 0.0, 1.0],
                [0.508048, 0.690346, 0.515082, 0.0, -0.690346, -0.031252, 0.722804, 0.396082, 0.515082, -0.722804, 0.460701, -0.0, 0.0, 0.0, 0.0, 1.0],
                [0.627864, 0.673775, 0.389632, -0.0, -0.673775, 0.219913, 0.705454, 0.396082, 0.389632, -0.705454, 0.592048, -0.0, 0.0, 0.0, 0.0, 1.0],
                [0.761478, 0.598149, 0.249736, -0.0, -0.59815, 0.5, 0.626272, 0.396082, 0.249736, -0.626272, 0.738522, 0.0, 0.0, 0.0, 0.0, 1.0],
                [0.873521, 0.468428, 0.132426, 0.0, -0.468428, 0.734869, 0.490452, 0.396082, 0.132426, -0.490452, 0.861348, -0.0, 0.0, 0.0, 0.0, 1.0],
                [0.943341, 0.326479, 0.059323, -0.0, -0.326479, 0.881229, 0.341829, 0.396082, 0.059323, -0.341829, 0.937888, -0.0, 0.0, 0.0, 0.0, 1.0],
                [0.975282, 0.219442, 0.02588, 0.0, -0.219442, 0.948186, 0.229759, 0.396082, 0.02588, -0.229759, 0.972903, 0.0, 0.0, 0.0, 0.0, 1.0],
                [0.983745, 0.178762, 0.017019, 0.0, -0.178762, 0.965926, 0.187167, 0.396082, 0.017019, -0.187167, 0.982181, -0.0, 0.0, 0.0, 0.0, 1.0],
                [0.974321, 0.223552, 0.026886, -0.0, -0.223552, 0.946171, 0.234063, 0.396082, 0.026886, -0.234063, 0.97185, 0.0, 0.0, 0.0, 0.0, 1.0],
                [0.9513, 0.304022, 0.05099, 0.0, -0.304022, 0.897912, 0.318316, 0.396082, 0.05099, -0.318316, 0.946612, -0.0, 0.0, 0.0, 0.0, 1.0],
                [0.936088, 0.345342, 0.066917, -0.0, -0.345342, 0.866026, 0.361578, 0.396082, 0.066917, -0.361578, 0.929937, 0.0, 0.0, 0.0, 0.0, 1.0]
            ]
        },
        {
            "name": "Shoulder_FL",
            "time": [0.0, 0.0333, 0.0667, 0.1, 0.1333, 0.1667, 0.2, 0.2333, 0.2667, 0.3, 0.3333, 0.3667, 0.4, 0.4333, 0.4667, 0.5, 0.5333, 0.5667],
            "transform": [
                [0.803734, -0.447136, -0.392531, 0.0, 0.447136, 0.018673, 0.894271, 0.6, -0.392531, -0.894271, 0.214938, -0.0, 0.0, 0.0, 0.0, 1.0],
                [0.803734, -0.447136, -0.392531, 0.0, 0.423563, -0.033341, 0.905253, 0.6, -0.417858, -0.893845, 0.162592, -0.0, 0.0, 0.0, 0.0, 1.0],
                [0.803734, -0.447136, -0.392531, -0.0, 0.398535, -0.085287, 0.913179, 0.6, -0.441793, -0.890391, 0.109651, -0.0, 0.0, 0.0, 0.0, 1.0],
                [0.803734, -0.447136, -0.392531, 0.0, 0.37218, -0.1369, 0.918009, 0.6, -0.464212, -0.883928, 0.056384, 0.0, 0.0, 0.0, 0.0, 1.0],
                [0.803734, -0.447136, -0.392531, 0.0, 0.373359, -0.134653, 0.917863, 0.6, -0.463264, -0.884273, 0.058717, -0.0, 0.0, 0.0, 0.0, 1.0],
                [0.803734, -0.447136, -0.392531, -0.0, 0.376646, -0.128357, 0.917421, 0.6, -0.460596, -0.885209, 0.065247, 0.0, 0.0, 0.0, 0.0, 1.0],
                [0.803734, -0.447136, -0.392531, -0.0, 0.381659, -0.118671, 0.916653, 0.6, -0.456451, -0.886559, 0.075273, 0.0, 0.0, 0.0, 0.0, 1.0],
                [0.803734, -0.447136, -0.392531, -0.0, 0.388007, -0.106258, 0.915511, 0.6, -0.451067, -0.888132, 0.088089, 0.0, 0.0, 0.0, 0.0, 1.0],
                [0.803734, -0.447136, -0.392531, -0.0, 0.395301, -0.091781, 0.913955, 0.6, -0.444689, -0.889745, 0.102986, 0.0, 0.0, 0.0, 0.0, 1.0],
                [0.803734, -0.447136, -0.392531, -0.0, 0.403161, -0.075914, 0.911975, 0.6, -0.437575, -0.891239, 0.119253, -0.0, 0.0, 0.0, 0.0, 1.0],
                [0.803734, -0.447136, -0.392531, 0.0, 0.411223, -0.059339, 0.909601, 0.6, -0.430008, -0.892496, 0.136179, 0.0, 0.0, 0.0, 0.0, 1.0],
                [0.803734, -0.447136, -0.392531, 0.0, 0.419143, -0.042744, 0.906914, 0.6, -0.422292, -0.893444, 0.153059, -0.0, 0.0, 0.0, 0.0, 1.0],
                [0.803734, -0.447136, -0.392531, 0.0, 0.4266, -0.026819, 0.904043, 0.6, -0.414757, -0.894064, 0.169192, -0.0, 0.0, 0.0, 0.0, 1.0],
                [0.803734, -0.447136, -0.392531, 0.0, 0.433297, -0.012256, 0.901168, 0.6, -0.407755, -0.894382, 0.183892, 0.0, 0.0, 0.0, 0.0, 1.0],
                [0.803734, -0.447136, -0.392531, 0.0, 0.438959, 0.000257, 0.898507, 0.6, -0.401654, -0.894466, 0.19648, 0.0, 0.0, 0.0, 0.0, 1.0],
                [0.803734, -0.447136, -0.392531, 0.0, 0.443324, 0.010035, 0.896305, 0.6, -0.396831, -0.89441, 0.206292, -0.0, 0.0, 0.0, 0.0, 1.0],
                [0.803734, -0.447136, -0.392531, -0.0, 0.446137, 0.0164, 0.894815, 0.6, -0.393666, -0.894316, 0.212665, -0.0, 0.0, 0.0, 0.0, 1.0],
                [0.803734, -0.447136, -0.392531, 0.0, 0.447136, 0.018673, 0.894271, 0.6, -0.392531, -0.894271, 0.214938, -0.0, 0.0, 0.0, 0.0, 1.0]
            ]
        },
        {
            "name": "Thigh_FL",
            "time": [0.0, 0.0333, 0.0667, 0.1, 0.1333, 0.1667, 0.2, 0.2333, 0.2667, 0.3, 0.3333, 0.3667, 0.4, 0.4333, 0.4667, 0.5, 0.5333, 0.5667],
            "transform": [
                [0.885326, 0.464212, -0.026553, -0.0, -0.461154, 0.883928, 0.077519, 0.53675, 0.059456, -0.056384, 0.996637, -0.0, 0.0, 0.0, 0.0, 1.0],
                [0.928715, 0.365872, 0.060224, 0.0, -0.368343, 0.891673, 0.26314, 0.53675, 0.042575, -0.266565, 0.962876, 0.0, 0.0, 0.0, 0.0, 1.0],
