{
    "animation": [
        {
            "name": "Root",
            "time": [0.0, 0.0333, 0.0667, 0.1, 0.1333, 0.1667, 0.2, 0.2333, 0.2667, 0.3, 0.3333, 0.3667, 0.4, 0.4333, 0.4667, 0.5, 0.5333, 0.5667, 0.6, 0.6333, 0.6667, 0.7, 0.7333, 0.7667, 0.8],
            "transform": [
                [1.0, 0.0, 0.0, 0.0, 0.0, 1.0, -1e-06, -0.604103, 0.0, 1e-06, 1.0, 1.264611, 0.0, 0.0, 0.0, 1.0],
                [1.0, 0.0, 0.0, 0.0, 0.0, 1.0, -1e-06, -0.604103, 0.0, 1e-06, 1.0, 1.266081, 0.0, 0.0, 0.0, 1.0],
                [1.0, 0.0, 0.0, 0.0, 0.0, 1.0, -1e-06, -0.604103, 0.0, 1e-06, 1.0, 1.269956, 0.0, 0.0, 0.0, 1.0],
                [1.0, 0.0, 0.0, 0.0, 0.0, 1.0, -1e-06, -0.604103, 0.0, 1e-06, 1.0, 1.275435, 0.0, 0.0, 0.0, 1.0],
                [1.0, 0.0, 0.0, 0.0, 0.0, 1.0, -1e-06, -0.604103, 0.0, 1e-06, 1.0, 1.281715, 0.0, 0.0, 0.0, 1.0],
                [1.0, 0.0, 0.0, 0.0, 0.0, 1.0, -1e-06, -0.604103, 0.0, 1e-06, 1.0, 1.287995, 0.0, 0.0, 0.0, 1.0],
                [1.0, 0.0, 0.0, 0.0, 0.0, 1.0, -1e-06, -0.604103, 0.0, 1e-06, 1.0, 1.293474, 0.0, 0.0, 0.0, 1.0],
                [1.0, 0.0, 0.0, 0.0, 0.0, 1.0, -1e-06, -0.604103, 0.0, 1e-06, 1.0, 1.297349, 0.0, 0.0, 0.0, 1.0],
                [1.0, 0.0, 0.0, 0.0, 0.0, 1.0, -1e-06, -0.604103, 0.0, 1e-06, 1.0, 1.298819, 0.0, 0.0, 0.0, 1.0],
                [1.0, 0.0, 0.0, 0.0, 0.0, 1.0, -1e-06, -0.604103, 0.0, 1e-06, 1.0, 1.298819, 0.0, 0.0, 0.0, 1.0],
                [1.0, 0.0, 0.0, 0.0, 0.0, 1.0, -1e-06, -0.604103, 0.0, 1e-06, 1.0, 1.298819, 0.0, 0.0, 0.0, 1.0],
                [1.0, 0.0, 0.0, 0.0, 0.0, 1.0, -1e-06, -0.604103, 0.0, 1e-06, 1.0, 1.298819, 0.0, 0.0, 0.0, 1.0],
                [1.0, 0.0, 0.0, 0.0, 0.0, 1.0, -1e-06, -0.604103, 0.0, 1e-06, 1.0, 1.298819, 0.0, 0.0, 0.0, 1.0],
                [1.0, 0.0, 0.0, 0.0, 0.0, 1.0, -1e-06, -0.604103, 0.0, 1e-06, 1.0, 1.298819, 0.0, 0.0, 0.0, 1.0],
                [1.0, 0.0, 0.0, 0.0, 0.0, 1.0, -1e-06, -0.604103, 0.0, 1e-06, 1.0, 1.298819, 0.0, 0.0, 0.0, 1.0],
                [1.0, 0.0, 0.0, 0.0, 0.0, 1.0, -1e-06, -0.604103, 0.0, 1e-06, 1.0, 1.298819, 0.0, 0.0, 0.0, 1.0],
                [1.0, 0.0, 0.0, 0.0, 0.0, 1.0, -1e-06, -0.604103, 0.0, 1e-06, 1.0, 1.298819, 0.0, 0.0, 0.0, 1.0],
                [1.0, 0.0, 0.0, 0.0, 0.0, 1.0, -1e-06, -0.604103, 0.0, 1e-06, 1.0, 1.295261, 0.0, 0.0, 0.0, 1.0],
                [1.0, 0.0, 0.0, 0.0, 0.0, 1.0, -1e-06, -0.604103, 0.0, 1e-06, 1.0, 1.286778, 0.0, 0.0, 0.0, 1.0],
                [1.0, 0.0, 0.0, 0.0, 0.0, 1.0, -1e-06, -0.604103, 0.0, 1e-06, 1.0, 1.276652, 0.0, 0.0, 0.0, 1.0],
                [1.0, 0.0, 0.0, 0.0, 0.0, 1.0, -1e-06, -0.604103, 0.0, 1e-06, 1.0, 1.268169, 0.0, 0.0, 0.0, 1.0],
                [1.0, 0.0, 0.0, 0.0, 0.0, 1.0, -1e-06, -0.604103, 0.0, 1e-06, 1.0, 1.264611, 0.0, 0.0, 0.0, 1.0],
                [1.0, 0.0, 0.0, 0.0, 0.0, 1.0, -1e-06, -0.604103, 0.0, 1e-06, 1.0, 1.265126, 0.0, 0.0, 0.0, 1.0],
                [1.0, 0.0, 0.0, 0.0, 0.0, 1.0, -1e-06, -0.604103, 0.0, 1e-06, 1.0, 1.266081, 0.0, 0.0, 0.0, 1.0],
                [1.0, 0.0, 0.0, 0.0, 0.0, 1.0, -1e-06, -0.604103, 0.0, 1e-06, 1.0, 1.266595, 0.0, 0.0, 0.0, 1.0]
            ]
        },
        {
            "name": "Torso",
            "time": [0.0, 0.0333, 0.0667, 0.1, 0.1333, 0.1667, 0.2, 0.2333, 0.2667, 0.3, 0.3333, 0.3667, 0.4, 0.4333, 0.4667, 0.5, 0.5333, 0.5667, 0.6, 0.6333, 0.6667, 0.7, 0.7333, 0.7667, 0.8],
            "transform": [
                [1.0, -0.0, 0.0, 0.0, 0.0, 0.999202, -0.03993, 0.12, -0.0, 0.03993, 0.999202, 0.0, 0.0, 0.0, 0.0, 1.0],
                [1.0, -0.0, 0.0, 0.0, 0.0, 0.999202, -0.03993, 0.12, -0.0, 0.03993, 0.999202, 0.0, 0.0, 0.0, 0.0, 1.0],
                [1.0, -0.0, 0.0, 0.0, 0.0, 0.999202, -0.03993, 0.12, -0.0, 0.03993, 0.999202, 0.0, 0.0, 0.0, 0.0, 1.0],
                [1.0, -0.0, 0.0, 0.0, 0.0, 0.999202, -0.03993, 0.12, -0.0, 0.03993, 0.999202, 0.0, 0.0, 0.0, 0.0, 1.0],
                [1.0, 0.0, 0.0, 0.0, 0.0, 0.998669, -0.051582, 0.12, -0.0, 0.051582, 0.998669, 0.0, 0.0, 0.0, 0.0, 1.0],
                [1.0, 0.0, 0.0, 0.0, 0.0, 0.99663, -0.082025, 0.12, -0.0, 0.082025, 0.99663, 0.0, 0.0, 0.0, 0.0, 1.0],
                [1.0, 0.0, 0.0, 0.0, 0.0, 0.992229, -0.124423, 0.12, -0.0, 0.124423, 0.992229, 0.0, 0.0, 0.0, 0.0, 1.0],
                [1.0, 0.0, 0.0, 0.0, 0.0, 0.985119, -0.171874, 0.12, -0.0, 0.171874, 0.985119, 0.0, 0.0, 0.0, 0.0, 1.0],
                [1.0, -0.0, 0.0, 0.0, 0.0, 0.976049, -0.217552, 0.12, -0.0, 0.217552, 0.976049, 0.0, 0.0, 0.0, 0.0, 1.0],
                [1.0, -0.0, 0.0, 0.0, 0.0, 0.966652, -0.256092, 0.12, -0.0, 0.256092, 0.966652, 0.0, 0.0, 0.0, 0.0, 1.0],
                [1.0, -0.0, 0.0, 0.0, 0.0, 0.957898, -0.28711, 0.12, -0.0, 0.28711, 0.957898, 0.0, 0.0, 0.0, 0.0, 1.0],
                [1.0, 0.0, 0.0, 0.0, 0.0, 0.950272, -0.311421, 0.12, -0.0, 0.311421, 0.950272, 0.0, 0.0, 0.0, 0.0, 1.0],
                [1.0, 0.0, 0.0, 0.0, 0.0, 0.944053, -0.329793, 0.12, -0.0, 0.329793, 0.944053, 0.0, 0.0, 0.0, 0.0, 1.0],
                [1.0, 0.0, 0.0, 0.0, 0.0, 0.939354, -0.34295, 0.12, -0.0, 0.34295, 0.939354, 0.0, 0.0, 0.0, 0.0, 1.0],
                [1.0, 0.0, 0.0, 0.0, 0.0, 0.936162, -0.351568, 0.12, -0.0, 0.351568, 0.936162, 0.0, 0.0, 0.0, 0.0, 1.0],
                [1.0, 0.0, 0.0, 0.0, 0.0, 0.934376, -0.356289, 0.12, -0.0, 0.356289, 0.934376, 0.0, 0.0, 0.0, 0.0, 1.0],
                [1.0, 0.0, 0.0, 0.0, 0.0, 0.933826, -0.357728, 0.12, -0.0, 0.357728, 0.933826, 0.0, 0.0, 0.0, 0.0, 1.0],
                [1.0, 0.0, 0.0, 0.0, 0.0, 0.939995, -0.341189, 0.12, -0.0, 0.341189, 0.939995, 0.0, 0.0, 0.0, 0.0, 1.0],
                [1.0, -0.0, 0.0, 0.0, 0.0, 0.954888, -0.296965, 0.12, -0.0, 0.296965, 0.954888, 0.0, 0.0, 0.0, 0.0, 1.0],
                [1.0, -0.0, 0.0, 0.0, 0.0, 0.972447, -0.233125, 0.12, -0.0, 0.233125, 0.972447, 0.0, 0.0, 0.0, 0.0, 1.0],
                [1.0, -0.0, 0.0, 0.0, 0.0, 0.987355, -0.158523, 0.12, -0.0, 0.158523, 0.987355, 0.0, 0.0, 0.0, 0.0, 1.0],
                [1.0, -0.0, 0.0, 0.0, 0.0, 0.996548, -0.083019, 0.12, -0.0, 0.083019, 0.996548, 0.0, 0.0, 0.0, 0.0, 1.0],
                [1.0, -0.0, 0.0, 0.0, 0.0, 0.999857, -0.016932, 0.12, -0.0, 0.016932, 0.999857, 0.0, 0.0, 0.0, 0.0, 1.0],
                [1.0, -0.0, 0.0, 0.0, 0.0, 0.999559, 0.029689, 0.12, -0.0, -0.029689, 0.999559, 0.0, 0.0, 0.0, 0.0, 1.0],
                [1.0, -0.0, 0.0, 0.0, 0.0, 0.99888, 0.047308, 0.12, -0.0, -0.047308, 0.99888, 0.0, 0.0, 0.0, 0.0, 1.0]
            ]
        },
        {
            "name": "Chest",
            "time": [0.0, 0.0333, 0.0667, 0.1, 0.1333, 0.1667, 0.2, 0.2333, 0.2667, 0.3, 0.3333, 0.3667, 0.4, 0.4333, 0.4667, 0.5, 0.5333, 0.5667, 0.6, 0.6333, 0.6667, 0.7, 0.7333, 0.7667, 0.8],
            "transform": [
                [1.0, 0.0, -0.0, 0.0, 0.0, 0.996195, 0.087156, 0.48, 0.0, -0.087156, 0.996195, -0.0, 0.0, 0.0, 0.0, 1.0],
                [1.0, 0.0, -0.0, 0.0, 0.0, 0.997606, 0.069161, 0.48, 0.0, -0.069161, 0.997606, -0.0, 0.0, 0.0, 0.0, 1.0],
                [1.0, 0.0, -0.0, 0.0, 0.0, 0.999745, 0.022558, 0.48, 0.0, -0.022558, 0.999745, -0.0, 0.0, 0.0, 0.0, 1.0],
                [1.0, -0.0, -0.0, 0.0, 0.0, 0.999143, -0.041398, 0.48, 0.0, 0.041398, 0.999143, -0.0, 0.0, 0.0, 0.0, 1.0],
                [1.0, -0.0, -0.0, -0.0, -0.0, 0.993824, -0.110967, 0.48, 0.0, 0.110967, 0.993824, 0.0, 0.0, 0.0, 0.0, 1.0],
                [1.0, -0.0, -0.0, 0.0, -0.0, 0.984694, -0.174293, 0.48, 0.0, 0.174293, 0.984694, 0.0, 0.0, 0.0, 0.0, 1.0],
                [1.0, -0.0, -0.0, 0.0, 0.0, 0.975487, -0.220057, 0.48, 0.0, 0.220057, 0.975487, 0.0, 0.0, 0.0, 0.0, 1.0],
                [1.0, -0.0, -0.0, 0.0, -0.0, 0.971353, -0.237642, 0.48, 0.0, 0.237642, 0.971353, -0.0, 0.0, 0.0, 0.0, 1.0],
                [1.0, -0.0, -0.0, 0.0, 0.0, 0.972469, -0.233031, 0.48, 0.0, 0.233031, 0.972469, 0.0, 0.0, 0.0, 0.0, 1.0],
                [1.0, -0.0, -0.0, -0.0, 0.0, 0.97548, -0.220089, 0.48, 0.0, 0.220089, 0.97548, -0.0, 0.0, 0.0, 0.0, 1.0],
                [1.0, -0.0, -0.0, 0.0, -0.0, 0.97977, -0.200126, 0.48, 0.0, 0.200126, 0.97977, -0.0, 0.0, 0.0, 0.0, 1.0],
                [1.0, -0.0, -0.0, 0.0, -0.0, 0.984665, -0.174454, 0.48, 0.0, 0.174454, 0.984665, -0.0, 0.0, 0.0, 0.0, 1.0],
                [1.0, -0.0, -0.0, -0.0, -0.0, 0.989518, -0.144412, 0.48, 0.0, 0.144412, 0.989518, 0.0, 0.0, 0.0, 0.0, 1.0],
                [1.0, -0.0, -0.0, 0.0, 0.0, 0.993778, -0.111381, 0.48, 0.0, 0.111381, 0.993778, 0.0, 0.0, 0.0, 0.0, 1.0],
                [1.0, -0.0, -0.0, -0.0, -0.0, 0.997048, -0.076786, 0.48, 0.0, 0.076786, 0.997048, -0.0, 0.0, 0.0, 0.0, 1.0],
                [1.0, -0.0, -0.0, 0.0, 0.0, 0.999114, -0.042078, 0.48, 0.0, 0.042078, 0.999114, 0.0, 0.0, 0.0, 0.0, 1.0],
                [1.0, -0.0, -0.0, 0.0, -0.0, 0.999962, -0.008715, 0.48, 0.0, 0.008715, 0.999962, -0.0, 0.0, 0.0, 0.0, 1.0],
                [1.0, 0.0, -0.0, -0.0, -0.0, 0.999761, 0.02186, 0.48, 0.0, -0.02186, 0.999761, 0.0, 0.0, 0.0, 0.0, 1.0],
                [1.0, 0.0, -0.0, 0.0, -0.0, 0.998837, 0.048214, 0.48, 0.0, -0.048214, 0.998837, -0.0, 0.0, 0.0, 0.0, 1.0],
                [1.0, 0.0, -0.0, 0.0, -0.0, 0.997626, 0.068865, 0.48, 0.0, -0.068865, 0.997626, 0.0, 0.0, 0.0, 0.0, 1.0],
                [1.0, 0.0, -0.0, 0.0, -0.0, 0.996605, 0.082337, 0.48, 0.0, -0.082337, 0.996605, -0.0, 0.0, 0.0, 0.0, 1.0],
                [1.0, 0.0, -0.0, -0.0, -0.0, 0.996195, 0.087156, 0.48, 0.0, -0.087156, 0.996195, -0.0, 0.0, 0.0, 0.0, 1.0],
                [1.0, 0.0, -0.0, 0.0, -0.0, 0.99861, 0.052713, 0.48, 0.0, -0.052713, 0.99861, -0.0, 0.0, 0.0, 0.0, 1.0],
                [1.0, -0.0, -0.0, -0.0, 0.0, 0.999935, -0.011423, 0.48, 0.0, 0.011423, 0.999935, -0.0, 0.0, 0.0, 0.0, 1.0],
                [1.0, -0.0, -0.0, -0.0, -0.0, 0.998944, -0.045936, 0.48, 0.0, 0.045936, 0.998944, -0.0, 0.0, 0.0, 0.0, 1.0]
            ]
        },
        {
            "name": "Neck",
            "time": [0.0, 0.0333, 0.0667, 0.1, 0.1333, 0.1667, 0.2, 0.2333, 0.2667, 0.3, 0.3333, 0.3667, 0.4, 0.4333, 0.4667, 0.5, 0.5333, 0.5667, 0.6, 0.6333, 0.6667, 0.7, 0.7333, 0.7667, 0.8],
            "transform": [
                [1.0, -0.0, 1e-06, 0.0, 1e-06, 0.386377, -0.922341, 0.6, -1e-06, 0.922341, 0.386377, -0.0, 0.0, 0.0, 0.0, 1.0],
                [1.0, -0.0, 1e-06, -0.0, 1e-06, 0.386377, -0.922341, 0.6, -1e-06, 0.922341, 0.386377, -0.0, 0.0, 0.0, 0.0, 1.0],
                [1.0, -0.0, 1e-06, 0.0, 1e-06, 0.386377, -0.922341, 0.6, -1e-06, 0.922341, 0.386377, 0.0, 0.0, 0.0, 0.0, 1.0],
                [1.0, -0.0, 1e-06, -0.0, 1e-06, 0.386377, -0.922341, 0.6, -1e-06, 0.922341, 0.386377, -0.0, 0.0, 0.0, 0.0, 1.0],
                [1.0, -0.0, 1e-06, -0.0, 1e-06, 0.386377, -0.922341, 0.6, -1e-06, 0.922341, 0.386377, -0.0, 0.0, 0.0, 0.0, 1.0],
                [1.0, -0.0, 1e-06, -0.0, 1e-06, 0.386377, -0.922341, 0.6, -1e-06, 0.922341, 0.386377, 0.0, 0.0, 0.0, 0.0, 1.0],
                [1.0, -0.0, 1e-06, -0.0, 1e-06, 0.386377, -0.922341, 0.6, -1e-06, 0.922341, 0.386377, 0.0, 0.0, 0.0, 0.0, 1.0],
                [1.0, -0.0, 1e-06, -0.0, 1e-06, 0.386377, -0.922341, 0.6, -1e-06, 0.922341, 0.386377, -0.0, 0.0, 0.0, 0.0, 1.0],
                [1.0, -0.0, 1e-06, -0.0, 1e-06, 0.386377, -0.922341, 0.6, -1e-06, 0.922341, 0.386377, -0.0, 0.0, 0.0, 0.0, 1.0],
                [1.0, -0.0, 1e-06, -0.0, 1e-06, 0.386377, -0.922341, 0.6, -1e-06, 0.922341, 0.386377, 0.0, 0.0, 0.0, 0.0, 1.0],
                [1.0, -0.0, 1e-06, 0.0, 1e-06, 0.386377, -0.922341, 0.6, -1e-06, 0.922341, 0.386377, 0.0, 0.0, 0.0, 0.0, 1.0],
                [1.0, -0.0, 1e-06, 0.0, 1e-06, 0.386377, -0.922341, 0.6, -1e-06, 0.922341, 0.386377, 0.0, 0.0, 0.0, 0.0, 1.0],
                [1.0, -0.0, 1e-06, 0.0, 1e-06, 0.386377, -0.922341, 0.6, -1e-06, 0.922341, 0.386377, 0.0, 0.0, 0.0, 0.0, 1.0],
                [1.0, -0.0, 1e-06, 0.0, 1e-06, 0.386377, -0.922341, 0.6, -1e-06, 0.922341, 0.386377, -0.0, 0.0, 0.0, 0.0, 1.0],
                [1.0, -0.0, 1e-06, -0.0, 1e-06, 0.386377, -0.922341, 0.6, -1e-06, 0.922341, 0.386377, -0.0, 0.0, 0.0, 0.0, 1.0],
                [1.0, -0.0, 1e-06, -0.0, 1e-06, 0.386377, -0.922341, 0.6, -1e-06, 0.922341, 0.386377, 0.0, 0.0, 0.0, 0.0, 1.0],
                [1.0, -0.0, 1e-06, -0.0, 1e-06, 0.386377, -0.922341, 0.6, -1e-06, 0.922341, 0.386377, -0.0, 0.0, 0.0, 0.0, 1.0],
                [1.0, -0.0, 1e-06, 0.0, 1e-06, 0.386377, -0.922341, 0.6, -1e-06, 0.922341, 0.386377, 0.0, 0.0, 0.0, 0.0, 1.0],
                [1.0, -0.0, 1e-06, 0.0, 1e-06, 0.386377, -0.922341, 0.6, -1e-06, 0.922341, 0.386377, -0.0, 0.0, 0.0, 0.0, 1.0],
                [1.0, -0.0, 1e-06, 0.0, 1e-06, 0.386377, -0.922341, 0.6, -1e-06, 0.922341, 0.386377, -0.0, 0.0, 0.0, 0.0, 1.0],
                [1.0, -0.0, 1e-06, 0.0, 1e-06, 0.386377, -0.922341, 0.6, -1e-06, 0.922341, 0.386377, 0.0, 0.0, 0.0, 0.0, 1.0],
                [1.0, -0.0, 1e-06, -0.0, 1e-06, 0.386377, -0.922341, 0.6, -1e-06, 0.922341, 0.386377, 0.0, 0.0, 0.0, 0.0, 1.0],
                [1.0, -0.0, 1e-06, -0.0, 1e-06, 0.386377, -0.922341, 0.6, -1e-06, 0.922341, 0.386377, -0.0, 0.0, 0.0, 0.0, 1.0],
                [1.0, -0.0, 1e-06, 0.0, 1e-06, 0.386377, -0.922341, 0.6, -1e-06, 0.922341, 0.386377, -0.0, 0.0, 0.0, 0.0, 1.0],
                [1.0, -0.0, 1e-06, 0.0, 1e-06, 0.386377, -0.922341, 0.6, -1e-06, 0.922341, 0.386377, -0.0, 0.0, 0.0, 0.0, 1.0]
            ]
        },
        {
            "name": "Neck_Upper",
            "time": [0.0, 0.0333, 0.0667, 0.1, 0.1333, 0.1667, 0.2, 0.2333, 0.2667, 0.3, 0.3333, 0.3667, 0.4, 0.4333, 0.4667, 0.5, 0.5333, 0.5667, 0.6, 0.6333, 0.6667, 0.7, 0.7333, 0.7667, 0.8],
            "transform": [
                [1.0, 0.000347, -3e-06, -0.0, -0.000337, 0.972082, 0.234639, 0.202995, 8.5e-05, -0.234639, 0.972082, 0.0, 0.0, 0.0, 0.0, 1.0],
                [1.0, 0.000347, -3e-06, 0.0, -0.000337, 0.972905, 0.231203, 0.202995, 8.4e-05, -0.231203, 0.972906, 0.0, 0.0, 0.0, 0.0, 1.0],
                [1.0, 0.000347, -3e-06, 0.0, -0.000337, 0.973716, 0.227763, 0.202995, 8.2e-05, -0.227763, 0.973717, 0.0, 0.0, 0.0, 0.0, 1.0],
                [1.0, 0.000347, -3e-06, -0.0, -0.000338, 0.974515, 0.22432, 0.202995, 8.1e-05, -0.22432, 0.974515, 0.0, 0.0, 0.0, 0.0, 1.0],
                [1.0, 0.000347, -3e-06, -0.0, -0.000338, 0.975302, 0.220874, 0.202995, 8e-05, -0.220874, 0.975302, 0.0, 0.0, 0.0, 0.0, 1.0],
                [1.0, 0.000347, -3e-06, 0.0, -0.000338, 0.976077, 0.217424, 0.202995, 7.9e-05, -0.217424, 0.976077, -0.0, 0.0, 0.0, 0.0, 1.0],
                [1.0, 0.000347, -3e-06, 0.0, -0.000339, 0.97684, 0.213971, 0.202995, 7.8e-05, -0.213971, 0.97684, 0.0, 0.0, 0.0, 0.0, 1.0],
                [1.0, 0.000347, -3e-06, -0.0, -0.000339, 0.977591, 0.210515, 0.202995, 7.6e-05, -0.210515, 0.977591, 0.0, 0.0, 0.0, 0.0, 1.0],
                [1.0, 0.000347, -3e-06, 0.0, -0.000339, 0.978329, 0.207057, 0.202995, 7.5e-05, -0.207057, 0.978329, 0.0, 0.0, 0.0, 0.0, 1.0],
                [1.0, 0.000347, -3e-06, -0.0, -0.000339, 0.978329, 0.207057, 0.202995, 7.5e-05, -0.207057, 0.978329, 0.0, 0.0, 0.0, 0.0, 1.0],
                [1.0, 0.000347, -3e-06, 0.0, -0.000339, 0.978329, 0.207057, 0.202995, 7.5e-05, -0.207057, 0.978329, 0.0, 0.0, 0.0, 0.0, 1.0],
                [1.0, 0.000347, -3e-06, -0.0, -0.000339, 0.978329, 0.207057, 0.202995, 7.5e-05, -0.207057, 0.978329, -0.0, 0.0, 0.0, 0.0, 1.0],
                [1.0, 0.000347, -3e-06, 0.0, -0.000339, 0.978329, 0.207057, 0.202995, 7.5e-05, -0.207057, 0.978329, 0.0, 0.0, 0.0, 0.0, 1.0],
                [1.0, 0.000347, -3e-06, 0.0, -0.000339, 0.978329, 0.207057, 0.202995, 7.5e-05, -0.207057, 0.978329, 0.0, 0.0, 0.0, 0.0, 1.0],
                [1.0, 0.000347, -3e-06, 0.0, -0.000339, 0.978329, 0.207057, 0.202995, 7.5e-05, -0.207057, 0.978329, -0.0, 0.0, 0.0, 0.0, 1.0],
                [1.0, 0.000347, -3e-06, 0.0, -0.000339, 0.978329, 0.207057, 0.202995, 7.5e-05, -0.207057, 0.978329, 0.0, 0.0, 0.0, 0.0, 1.0],
                [1.0, 0.000347, -3e-06, 0.0, -0.000339, 0.978329, 0.207057, 0.202995, 7.5e-05, -0.207057, 0.978329, 0.0, 0.0, 0.0, 0.0, 1.0],
                [1.0, 0.000347, -3e-06, 0.0, -0.000339, 0.977142, 0.212589, 0.202995, 7.7e-05, -0.212589, 0.977142, 0.0, 0.0, 0.0, 0.0, 1.0],
                [1.0, 0.000347, -3e-06, -0.0, -0.000338, 0.975923, 0.218114, 0.202995, 7.9e-05, -0.218114, 0.975923, 0.0, 0.0, 0.0, 0.0, 1.0],
                [1.0, 0.000347, -3e-06, 0.0, -0.000338, 0.974674, 0.223631, 0.202995, 8.1e-05, -0.223631, 0.974674, -0.0, 0.0, 0.0, 0.0, 1.0],
                [1.0, 0.000347, -3e-06, -0.0, -0.000337, 0.973393, 0.22914, 0.202995, 8.3e-05, -0.22914, 0.973394, -0.0, 0.0, 0.0, 0.0, 1.0],
                [1.0, 0.000347, -3e-06, 0.0, -0.000337, 0.972082, 0.23464, 0.202995, 8.5e-05, -0.234639, 0.972082, -0.0, 0.0, 0.0, 0.0, 1.0],
                [1.0, 0.000347, -3e-06, 0.0, -0.000339, 0.977673, 0.210131, 0.202995, 7.6e-05, -0.210131, 0.977673, -0.0, 0.0, 0.0, 0.0, 1.0],
                [1.0, 0.000347, -3e-06, 0.0, -0.000341, 0.98265, 0.185471, 0.202995, 6.8e-05, -0.185471, 0.98265, -0.0, 0.0, 0.0, 0.0, 1.0],
                [1.0, 0.000347, -3e-06, 0.0, -0.000342, 0.987006, 0.160682, 0.202995, 5.9e-05, -0.160682, 0.987006, -0.0, 0.0, 0.0, 0.0, 1.0]
            ]
        },
        {
            "name": "Head",
            "time": [0.0, 0.0333, 0.0667, 0.1, 0.1333, 0.1667, 0.2, 0.2333, 0.2667, 0.3, 0.3333, 0.3667, 0.4, 0.4333, 0.4667, 0.5, 0.5333, 0.5667, 0.6, 0.6333, 0.6667, 0.7, 0.7333, 0.7667, 0.8],
            "transform": [
                [1.0, -0.000564, -0.000351, 0.0, 0.00042, 0.127641, 0.99182, 0.349907, -0.000514, -0.99182, 0.127641, -0.0, 0.0, 0.0, 0.0, 1.0],
                [1.0, -0.000566, -0.000351, 0.0, 0.000423, 0.133335, 0.991071, 0.349907, -0.000514, -0.991071, 0.133335, -0.0, 0.0, 0.0, 0.0, 1.0],
                [1.0, -0.000571, -0.00035, 0.0, 0.000431, 0.149423, 0.988773, 0.349907, -0.000513, -0.988773, 0.149424, -0.0, 0.0, 0.0, 0.0, 1.0],
                [1.0, -0.00058, -0.000349, -0.0, 0.000444, 0.174403, 0.984674, 0.349907, -0.00051, -0.984674, 0.174403, -0.0, 0.0, 0.0, 0.0, 1.0],
                [1.0, -0.000591, -0.000346, -0.0, 0.000461, 0.206732, 0.978397, 0.349907, -0.000507, -0.978397, 0.206732, -0.0, 0.0, 0.0, 0.0, 1.0],
                [1.0, -0.000604, -0.000343, 0.0, 0.000481, 0.244812, 0.969571, 0.349907, -0.000502, -0.969571, 0.244812, -0.0, 0.0, 0.0, 0.0, 1.0],
                [1.0, -0.000619, -0.000339, 0.0, 0.000502, 0.28699, 0.957934, 0.349907, -0.000496, -0.957934, 0.28699, -0.0, 0.0, 0.0, 0.0, 1.0],
                [1.0, -0.000634, -0.000334, -0.0, 0.000525, 0.331578, 0.943428, 0.349907, -0.000488, -0.943428, 0.331578, -0.0, 0.0, 0.0, 0.0, 1.0],
                [1.0, -0.00065, -0.000328, 0.0, 0.000549, 0.376898, 0.926255, 0.349907, -0.000479, -0.926254, 0.376899, -0.0, 0.0, 0.0, 0.0, 1.0],
                [1.0, -0.000666, -0.000321, 0.0, 0.000572, 0.421334, 0.906906, 0.349907, -0.000468, -0.906905, 0.421334, -0.0, 0.0, 0.0, 0.0, 1.0],
                [1.0, -0.00068, -0.000314, -0.0, 0.000593, 0.463384, 0.886158, 0.349907, -0.000457, -0.886158, 0.463384, -0.0, 0.0, 0.0, 0.0, 1.0],
                [1.0, -0.000693, -0.000306, 0.0, 0.000613, 0.501705, 0.865039, 0.349907, -0.000446, -0.865039, 0.501705, -0.0, 0.0, 0.0, 0.0, 1.0],
                [1.0, -0.000705, -0.000299, -0.0, 0.00063, 0.535131, 0.844769, 0.349907, -0.000435, -0.844769, 0.535132, -0.0, 0.0, 0.0, 0.0, 1.0],
                [1.0, -0.000714, -0.000293, -0.0, 0.000644, 0.56266, 0.826688, 0.349907, -0.000426, -0.826688, 0.56266, -0.0, 0.0, 0.0, 0.0, 1.0],
                [1.0, -0.000722, -0.000288, 0.0, 0.000655, 0.583406, 0.81218, 0.349907, -0.000418, -0.81218, 0.583406, -0.0, 0.0, 0.0, 0.0, 1.0],
                [1.0, -0.000726, -0.000284, 0.0, 0.000662, 0.596529, 0.802591, 0.349907, -0.000413, -0.802591, 0.596529, 0.0, 0.0, 0.0, 0.0, 1.0],
                [1.0, -0.000728, -0.000283, -0.0, 0.000664, 0.601129, 0.799152, 0.349907, -0.000411, -0.799152, 0.601129, 0.0, 0.0, 0.0, 0.0, 1.0],
                [1.0, -0.000714, -0.000293, -0.0, 0.000644, 0.562218, 0.826989, 0.349907, -0.000426, -0.826989, 0.562218, -0.0, 0.0, 0.0, 0.0, 1.0],
                [1.0, -0.00068, -0.000314, -0.0, 0.000592, 0.461871, 0.886947, 0.349907, -0.000458, -0.886947, 0.461872, 0.0, 0.0, 0.0, 0.0, 1.0],
                [1.0, -0.000634, -0.000334, 0.0, 0.000524, 0.328753, 0.944416, 0.349907, -0.000488, -0.944416, 0.328754, -0.0, 0.0, 0.0, 0.0, 1.0],
                [1.0, -0.00059, -0.000347, -0.0, 0.000459, 0.202545, 0.979273, 0.349907, -0.000507, -0.979273, 0.202545, 0.0, 0.0, 0.0, 0.0, 1.0],
                [1.0, -0.000564, -0.000351, -0.0, 0.00042, 0.127641, 0.99182, 0.349907, -0.000514, -0.99182, 0.127641, -0.0, 0.0, 0.0, 0.0, 1.0],
                [1.0, -0.000555, -0.000352, 0.0, 0.000407, 0.102963, 0.994685, 0.349907, -0.000516, -0.994685, 0.102963, -0.0, 0.0, 0.0, 0.0, 1.0],
                [1.0, -0.000552, -0.000352, -0.0, 0.000403, 0.093853, 0.995586, 0.349907, -0.000517, -0.995586, 0.093853, -0.0, 0.0, 0.0, 0.0, 1.0],
                [1.0, -0.000552, -0.000353, -0.0, 0.000402, 0.092551, 0.995708, 0.349907, -0.000517, -0.995708, 0.092551, -0.0, 0.0, 0.0, 0.0, 1.0]
            ]
        },
        {
            "name": "Snout",
            "time": [0.0, 0.0333, 0.0667, 0.1, 0.1333, 0.1667, 0.2, 0.2333, 0.2667, 0.3, 0.3333, 0.3667, 0.4, 0.4333, 0.4667, 0.5, 0.5333, 0.5667, 0.6, 0.6333, 0.6667, 0.7, 0.7333, 0.7667, 0.8],
            "transform": [
                [1.0, 0.000516, -4.3e-05, 0.0, -0.000517, 0.995168, -0.098181, 0.234634, -8e-06, 0.098181, 0.995168, -0.0, 0.0, 0.0, 0.0, 1.0],
                [1.0, 0.000516, -4.3e-05, -0.0, -0.000517, 0.995168, -0.098181, 0.234634, -8e-06, 0.098181, 0.995168, 0.0, 0.0, 0.0, 0.0, 1.0],
                [1.0, 0.000516, -4.3e-05, 0.0, -0.000517, 0.995168, -0.098181, 0.234634, -8e-06, 0.098181, 0.995169, 0.0, 0.0, 0.0, 0.0, 1.0],
                [1.0, 0.000516, -4.3e-05, 0.0, -0.000517, 0.995168, -0.098181, 0.234634, -8e-06, 0.098181, 0.995169, -0.0, 0.0, 0.0, 0.0, 1.0],
                [1.0, 0.000516, -4.3e-05, -0.0, -0.000517, 0.995168, -0.098181, 0.234634, -8e-06, 0.098181, 0.995168, 0.0, 0.0, 0.0, 0.0, 1.0],
                [1.0, 0.000516, -4.3e-05, -0.0, -0.000517, 0.995169, -0.098181, 0.234634, -8e-06, 0.098181, 0.995169, 0.0, 0.0, 0.0, 0.0, 1.0],
                [1.0, 0.000516, -4.3e-05, 0.0, -0.000517, 0.995168, -0.098181, 0.234633, -8e-06, 0.098181, 0.995169, -0.0, 0.0, 0.0, 0.0, 1.0],
                [1.0, 0.000516, -4.3e-05, -0.0, -0.000517, 0.995168, -0.098181, 0.234634, -8e-06, 0.098181, 0.995169, -0.0, 0.0, 0.0, 0.0, 1.0],
                [1.0, 0.000516, -4.3e-05, 0.0, -0.000517, 0.995169, -0.098181, 0.234634, -8e-06, 0.098181, 0.995169, -0.0, 0.0, 0.0, 0.0, 1.0],
                [1.0, 0.000516, -4.3e-05, -0.0, -0.000517, 0.995168, -0.098181, 0.234634, -8e-06, 0.098181, 0.995168, -0.0, 0.0, 0.0, 0.0, 1.0],
                [1.0, 0.000516, -4.3e-05, -0.0, -0.000517, 0.995168, -0.098181, 0.234634, -8e-06, 0.098181, 0.995168, -0.0, 0.0, 0.0, 0.0, 1.0],
                [1.0, 0.000516, -4.3e-05, 0.0, -0.000517, 0.995169, -0.098181, 0.234633, -8e-06, 0.098181, 0.995169, 0.0, 0.0, 0.0, 0.0, 1.0],
                [1.0, 0.000516, -4.3e-05, 0.0, -0.000517, 0.995169, -0.098181, 0.234633, -8e-06, 0.098181, 0.995169, -0.0, 0.0, 0.0, 0.0, 1.0],
                [1.0, 0.000516, -4.3e-05, 0.0, -0.000517, 0.995168, -0.098181, 0.234633, -8e-06, 0.098181, 0.995169, -0.0, 0.0, 0.0, 0.0, 1.0],
                [1.0, 0.000516, -4.3e-05, 0.0, -0.000517, 0.995168, -0.098181, 0.234633, -8e-06, 0.098181, 0.995169, -0.0, 0.0, 0.0, 0.0, 1.0],
                [1.0, 0.000516, -4.3e-05, 0.0, -0.000517, 0.995169, -0.098181, 0.234633, -8e-06, 0.098181, 0.995169, -0.0, 0.0, 0.0, 0.0, 1.0],
                [1.0, 0.000516, -4.3e-05, 0.0, -0.000517, 0.995168, -0.098181, 0.234634, -8e-06, 0.098181, 0.995168, -0.0, 0.0, 0.0, 0.0, 1.0],
                [1.0, 0.000516, -4.3e-05, -0.0, -0.000517, 0.995168, -0.098181, 0.234634, -8e-06, 0.098181, 0.995168, 0.0, 0.0, 0.0, 0.0, 1.0],
                [1.0, 0.000516, -4.3e-05, -0.0, -0.000517, 0.995168, -0.098181, 0.234634, -8e-06, 0.098181, 0.995168, -0.0, 0.0, 0.0, 0.0, 1.0],
                [1.0, 0.000516, -4.3e-05, 0.0, -0.000517, 0.995169, -0.098181, 0.234634, -8e-06, 0.098181, 0.995169, -0.0, 0.0, 0.0, 0.0, 1.0],
                [1.0, 0.000516, -4.3e-05, -0.0, -0.000517, 0.995169, -0.098181, 0.234634, -8e-06, 0.098181, 0.995169, 0.0, 0.0, 0.0, 0.0, 1.0],
                [1.0, 0.000516, -4.3e-05, -0.0, -0.000517, 0.995168, -0.098181, 0.234633, -8e-06, 0.098181, 0.995168, -0.0, 0.0, 0.0, 0.0, 1.0],
                [1.0, 0.000516, -4.3e-05, 0.0, -0.000517, 0.995168, -0.098181, 0.234634, -8e-06, 0.098181, 0.995168, 0.0, 0.0, 0.0, 0.0, 1.0],
                [1.0, 0.000516, -4.3e-05, 0.0, -0.000517, 0.995169, -0.098181, 0.234634, -8e-06, 0.098181, 0.995169, 0.0, 0.0, 0.0, 0.0, 1.0],
                [1.0, 0.000516, -4.3e-05, -0.0, -0.000517, 0.995168, -0.098181, 0.234634, -8e-06, 0.098181, 0.995169, 0.0, 0.0, 0.0, 0.0, 1.0]
            ]
        },
        {
            "name": "Jaw",
            "time": [0.0, 0.0333, 0.0667, 0.1, 0.1333, 0.1667, 0.2, 0.2333, 0.2667, 0.3, 0.3333, 0.3667, 0.4, 0.4333, 0.4667, 0.5, 0.5333, 0.5667, 0.6, 0.6333, 0.6667, 0.7, 0.7333, 0.7667, 0.8],
            "transform": [
                [1.0, 0.000445, 0.000266, 0.0, -0.000518, 0.866521, 0.49914, 0.234634, -8e-06, -0.49914, 0.866521, -0.0, 0.0, 0.0, 0.0, 1.0],
                [1.0, 0.000445, 0.000266, -0.0, -0.000518, 0.866521, 0.49914, 0.234634, -8e-06, -0.49914, 0.866521, 0.0, 0.0, 0.0, 0.0, 1.0],
                [1.0, 0.000445, 0.000266, 0.0, -0.000518, 0.866521, 0.49914, 0.234634, -8e-06, -0.49914, 0.866521, 0.0, 0.0, 0.0, 0.0, 1.0],
                [1.0, 0.000445, 0.000266, 0.0, -0.000518, 0.866521, 0.49914, 0.234634, -8e-06, -0.49914, 0.866521, -0.0, 0.0, 0.0, 0.0, 1.0],
                [1.0, 0.000445, 0.000266, -0.0, -0.000518, 0.866521, 0.49914, 0.234634, -8e-06, -0.49914, 0.866521, 0.0, 0.0, 0.0, 0.0, 1.0],
                [1.0, 0.000445, 0.000266, -0.0, -0.000518, 0.866521, 0.49914, 0.234634, -8e-06, -0.49914, 0.866521, 0.0, 0.0, 0.0, 0.0, 1.0],
                [1.0, 0.000445, 0.000266, 0.0, -0.000518, 0.866521, 0.49914, 0.234633, -8e-06, -0.49914, 0.866521, -0.0, 0.0, 0.0, 0.0, 1.0],
                [1.0, 0.000445, 0.000266, -0.0, -0.000518, 0.866521, 0.49914, 0.234634, -8e-06, -0.49914, 0.866521, -0.0, 0.0, 0.0, 0.0, 1.0],
                [1.0, 0.000445, 0.000266, 0.0, -0.000518, 0.866521, 0.49914, 0.234634, -8e-06, -0.49914, 0.866521, -0.0, 0.0, 0.0, 0.0, 1.0],
                [1.0, 0.000445, 0.000266, -0.0, -0.000518, 0.866521, 0.49914, 0.234634, -8e-06, -0.49914, 0.866521, -0.0, 0.0, 0.0, 0.0, 1.0],
                [1.0, 0.000445, 0.000266, -0.0, -0.000518, 0.866521, 0.49914, 0.234634, -8e-06, -0.49914, 0.866521, -0.0, 0.0, 0.0, 0.0, 1.0],
                [1.0, 0.000445, 0.000266, 0.0, -0.000518, 0.866521, 0.49914, 0.234633, -8e-06, -0.49914, 0.866521, 0.0, 0.0, 0.0, 0.0, 1.0],
                [1.0, 0.000445, 0.000266, 0.0, -0.000518, 0.866521, 0.49914, 0.234633, -8e-06, -0.49914, 0.866521, -0.0, 0.0, 0.0, 0.0, 1.0],
                [1.0, 0.000445, 0.000266, 0.0, -0.000518, 0.866521, 0.49914, 0.234633, -8e-06, -0.49914, 0.866521, -0.0, 0.0, 0.0, 0.0, 1.0],
                [1.0, 0.000445, 0.000266, 0.0, -0.000518, 0.866521, 0.49914, 0.234633, -8e-06, -0.49914, 0.866521, -0.0, 0.0, 0.0, 0.0, 1.0],
                [1.0, 0.000445, 0.000266, 0.0, -0.000518, 0.866521, 0.49914, 0.234633, -8e-06, -0.49914, 0.866521, -0.0, 0.0, 0.0, 0.0, 1.0],
                [1.0, 0.000445, 0.000266, 0.0, -0.000518, 0.866521, 0.49914, 0.234634, -8e-06, -0.49914, 0.866521, -0.0, 0.0, 0.0, 0.0, 1.0],
                [1.0, 0.000445, 0.000266, -0.0, -0.000518, 0.866521, 0.49914, 0.234634, -8e-06, -0.49914, 0.866521, 0.0, 0.0, 0.0, 0.0, 1.0],
                [1.0, 0.000445, 0.000266, -0.0, -0.000518, 0.866521, 0.49914, 0.234634, -8e-06, -0.49914, 0.866521, -0.0, 0.0, 0.0, 0.0, 1.0],
                [1.0, 0.000445, 0.000266, 0.0, -0.000518, 0.866521, 0.49914, 0.234634, -8e-06, -0.49914, 0.866521, -0.0, 0.0, 0.0, 0.0, 1.0],
                [1.0, 0.000445, 0.000266, -0.0, -0.000518, 0.866521, 0.49914, 0.234634, -8e-06, -0.49914, 0.866521, 0.0, 0.0, 0.0, 0.0, 1.0],
                [1.0, 0.000445, 0.000266, -0.0, -0.000518, 0.866521, 0.49914, 0.234633, -8e-06, -0.49914, 0.866521, -0.0, 0.0, 0.0, 0.0, 1.0],
                [1.0, 0.000445, 0.000266, 0.0, -0.000518, 0.866521, 0.49914, 0.234634, -8e-06, -0.49914, 0.866521, 0.0, 0.0, 0.0, 0.0, 1.0],
                [1.0, 0.000445, 0.000266, 0.0, -0.000518, 0.866521, 0.49914, 0.234634, -8e-06, -0.49914, 0.866521, 0.0, 0.0, 0.0, 0.0, 1.0],
                [1.0, 0.000445, 0.000266, -0.0, -0.000518, 0.866521, 0.49914, 0.234634, -8e-06, -0.49914, 0.866521, 0.0, 0.0, 0.0, 0.0, 1.0]
            ]
        },
        {
            "name": "Ear_R",
            "time": [0.0, 0.0333, 0.0667, 0.1, 0.1333, 0.1667, 0.2, 0.2333, 0.2667, 0.3, 0.3333, 0.3667, 0.4, 0.4333, 0.4667, 0.5, 0.5333, 0.5667, 0.6, 0.6333, 0.6667, 0.7, 0.7333, 0.7667, 0.8],
            "transform": [
                [0.994795, -0.011067, -0.101295, 0.103474, -0.101738, -0.052133, -0.993444, -0.139452, 0.005713, 0.998579, -0.052988, 0.207531, 0.0, 0.0, 0.0, 1.0],
                [0.994795, -0.011067, -0.101295, 0.103474, -0.101738, -0.052133, -0.993444, -0.139452, 0.005713, 0.998579, -0.052988, 0.207531, 0.0, 0.0, 0.0, 1.0],
                [0.994795, -0.011067, -0.101295, 0.103474, -0.101738, -0.052133, -0.993444, -0.139452, 0.005713, 0.998579, -0.052988, 0.207531, 0.0, 0.0, 0.0, 1.0],
                [0.994795, -0.011067, -0.101295, 0.103474, -0.101738, -0.052133, -0.993444, -0.139452, 0.005713, 0.998579, -0.052988, 0.207531, 0.0, 0.0, 0.0, 1.0],
                [0.994795, -0.011067, -0.101295, 0.103474, -0.101738, -0.052133, -0.993444, -0.139452, 0.005713, 0.998579, -0.052988, 0.207531, 0.0, 0.0, 0.0, 1.0],
                [0.994795, -0.011067, -0.101295, 0.103474, -0.101738, -0.052133, -0.993444, -0.139452, 0.005713, 0.998579, -0.052988, 0.207531, 0.0, 0.0, 0.0, 1.0],
                [0.994795, -0.011067, -0.101295, 0.103474, -0.101738, -0.052133, -0.993444, -0.139452, 0.005713, 0.998579, -0.052988, 0.207531, 0.0, 0.0, 0.0, 1.0],
                [0.994795, -0.011067, -0.101295, 0.103474, -0.101738, -0.052133, -0.993444, -0.139451, 0.005713, 0.998579, -0.052988, 0.207531, 0.0, 0.0, 0.0, 1.0],
                [0.994795, -0.011067, -0.101295, 0.103474, -0.101738, -0.052133, -0.993444, -0.139452, 0.005713, 0.998579, -0.052988, 0.207531, 0.0, 0.0, 0.0, 1.0],
                [0.994795, -0.011067, -0.101295, 0.103474, -0.101738, -0.052133, -0.993444, -0.139452, 0.005713, 0.998579, -0.052988, 0.207531, 0.0, 0.0, 0.0, 1.0],
                [0.994795, -0.011067, -0.101295, 0.103474, -0.101738, -0.052133, -0.993444, -0.139451, 0.005713, 0.998579, -0.052988, 0.207531, 0.0, 0.0, 0.0, 1.0],
                [0.994795, -0.011067, -0.101295, 0.103474, -0.101738, -0.052133, -0.993444, -0.139452, 0.005713, 0.998579, -0.052988, 0.207531, 0.0, 0.0, 0.0, 1.0],
                [0.994795, -0.011067, -0.101295, 0.103474, -0.101738, -0.052133, -0.993444, -0.139452, 0.005713, 0.998579, -0.052988, 0.207531, 0.0, 0.0, 0.0, 1.0],
                [0.994795, -0.011067, -0.101295, 0.103474, -0.101738, -0.052133, -0.993444, -0.139452, 0.005713, 0.998579, -0.052988, 0.207531, 0.0, 0.0, 0.0, 1.0],
                [0.994795, -0.011067, -0.101295, 0.103474, -0.101738, -0.052133, -0.993444, -0.139452, 0.005713, 0.998579, -0.052988, 0.207531, 0.0, 0.0, 0.0, 1.0],
                [0.994795, -0.011067, -0.101295, 0.103474, -0.101738, -0.052133, -0.993444, -0.139452, 0.005713, 0.998579, -0.052988, 0.207531, 0.0, 0.0, 0.0, 1.0],
                [0.994795, -0.011067, -0.101295, 0.103474, -0.101738, -0.052133, -0.993444, -0.139452, 0.005713, 0.998579, -0.052988, 0.207531, 0.0, 0.0, 0.0, 1.0],
                [0.994795, -0.011067, -0.101295, 0.103474, -0.101738, -0.052133, -0.993444, -0.139451, 0.005713, 0.998579, -0.052988, 0.207531, 0.0, 0.0, 0.0, 1.0],
                [0.994795, -0.011067, -0.101295, 0.103474, -0.101738, -0.052133, -0.993444, -0.139452, 0.005713, 0.998579, -0.052988, 0.207531, 0.0, 0.0, 0.0, 1.0],
                [0.994795, -0.011067, -0.101295, 0.103474, -0.101738, -0.052133, -0.993445, -0.139452, 0.005713, 0.998579, -0.052988, 0.207531, 0.0, 0.0, 0.0, 1.0],
                [0.994795, -0.011067, -0.101295, 0.103474, -0.101738, -0.052133, -0.993444, -0.139452, 0.005713, 0.998579, -0.052988, 0.207531, 0.0, 0.0, 0.0, 1.0],
                [0.994795, -0.011067, -0.101295, 0.103474, -0.101738, -0.052133, -0.993444, -0.139452, 0.005713, 0.998579, -0.052988, 0.207531, 0.0, 0.0, 0.0, 1.0],
                [0.994795, -0.011067, -0.101295, 0.103474, -0.101738, -0.052133, -0.993444, -0.139452, 0.005713, 0.998579, -0.052988, 0.207531, 0.0, 0.0, 0.0, 1.0],
                [0.994795, -0.011067, -0.101295, 0.103474, -0.101738, -0.052133, -0.993444, -0.139452, 0.005713, 0.998579, -0.052988, 0.207531, 0.0, 0.0, 0.0, 1.0],
                [0.994795, -0.011067, -0.101295, 0.103474, -0.101738, -0.052133, -0.993444, -0.139452, 0.005713, 0.998579, -0.052988, 0.207531, 0.0, 0.0, 0.0, 1.0]
            ]
        },
        {
            "name": "Ear_L",
            "time": [0.0, 0.0333, 0.0667, 0.1, 0.1333, 0.1667, 0.2, 0.2333, 0.2667, 0.3, 0.3333, 0.3667, 0.4, 0.4333, 0.4667, 0.5, 0.5333, 0.5667, 0.6, 0.6333, 0.6667, 0.7, 0.7333, 0.7667, 0.8],
            "transform": [
                [0.994795, -0.011067, -0.101295, -0.136526, -0.101738, -0.052133, -0.993444, -0.139327, 0.005713, 0.998579, -0.052988, 0.207533, 0.0, 0.0, 0.0, 1.0],
                [0.994795, -0.011067, -0.101295, -0.136526, -0.101738, -0.052133, -0.993444, -0.139327, 0.005713, 0.998579, -0.052988, 0.207532, 0.0, 0.0, 0.0, 1.0],
                [0.994795, -0.011067, -0.101295, -0.136526, -0.101738, -0.052133, -0.993444, -0.139327, 0.005713, 0.998579, -0.052988, 0.207533, 0.0, 0.0, 0.0, 1.0],
                [0.994795, -0.011067, -0.101295, -0.136526, -0.101738, -0.052133, -0.993444, -0.139327, 0.005713, 0.998579, -0.052988, 0.207532, 0.0, 0.0, 0.0, 1.0],
                [0.994795, -0.011067, -0.101295, -0.136526, -0.101738, -0.052133, -0.993444, -0.139327, 0.005713, 0.998579, -0.052988, 0.207533, 0.0, 0.0, 0.0, 1.0],
                [0.994795, -0.011067, -0.101295, -0.136526, -0.101738, -0.052133, -0.993444, -0.139327, 0.005713, 0.998579, -0.052988, 0.207533, 0.0, 0.0, 0.0, 1.0],
                [0.994795, -0.011067, -0.101295, -0.136526, -0.101738, -0.052133, -0.993444, -0.139327, 0.005713, 0.998579, -0.052988, 0.207532, 0.0, 0.0, 0.0, 1.0],
                [0.994795, -0.011067, -0.101295, -0.136526, -0.101738, -0.052133, -0.993444, -0.139327, 0.005713, 0.998579, -0.052988, 0.207533, 0.0, 0.0, 0.0, 1.0],
                [0.994795, -0.011067, -0.101295, -0.136526, -0.101738, -0.052133, -0.993444, -0.139327, 0.005713, 0.998579, -0.052988, 0.207533, 0.0, 0.0, 0.0, 1.0],
                [0.994795, -0.011067, -0.101295, -0.136526, -0.101738, -0.052133, -0.993444, -0.139327, 0.005713, 0.998579, -0.052988, 0.207532, 0.0, 0.0, 0.0, 1.0],
                [0.994795, -0.011067, -0.101295, -0.136526, -0.101738, -0.052133, -0.993444, -0.139327, 0.005713, 0.998579, -0.052988, 0.207532, 0.0, 0.0, 0.0, 1.0],
                [0.994795, -0.011067, -0.101295, -0.136526, -0.101738, -0.052133, -0.993444, -0.139327, 0.005713, 0.998579, -0.052988, 0.207533, 0.0, 0.0, 0.0, 1.0],
                [0.994795, -0.011067, -0.101295, -0.136526, -0.101738, -0.052133, -0.993444, -0.139328, 0.005713, 0.998579, -0.052988, 0.207532, 0.0, 0.0, 0.0, 1.0],
                [0.994795, -0.011067, -0.101295, -0.136526, -0.101738, -0.052133, -0.993444, -0.139328, 0.005713, 0.998579, -0.052988, 0.207532, 0.0, 0.0, 0.0, 1.0],
                [0.994795, -0.011067, -0.101295, -0.136526, -0.101738, -0.052133, -0.993444, -0.139328, 0.005713, 0.998579, -0.052988, 0.207532, 0.0, 0.0, 0.0, 1.0],
                [0.994795, -0.011067, -0.101295, -0.136526, -0.101738, -0.052133, -0.993444, -0.139328, 0.005713, 0.998579, -0.052988, 0.207533, 0.0, 0.0, 0.0, 1.0],
                [0.994795, -0.011067, -0.101295, -0.136526, -0.101738, -0.052133, -0.993444, -0.139327, 0.005713, 0.998579, -0.052988, 0.207532, 0.0, 0.0, 0.0, 1.0],
                [0.994795, -0.011067, -0.101295, -0.136526, -0.101738, -0.052133, -0.993444, -0.139327, 0.005713, 0.998579, -0.052988, 0.207533, 0.0, 0.0, 0.0, 1.0],
                [0.994795, -0.011067, -0.101295, -0.136526, -0.101738, -0.052133, -0.993444, -0.139327, 0.005713, 0.998579, -0.052988, 0.207533, 0.0, 0.0, 0.0, 1.0],
                [0.994795, -0.011067, -0.101295, -0.136526, -0.101738, -0.052133, -0.993445, -0.139327, 0.005713, 0.998579, -0.052988, 0.207533, 0.0, 0.0, 0.0, 1.0],
                [0.994795, -0.011067, -0.101295, -0.136526, -0.101738, -0.052133, -0.993444, -0.139327, 0.005713, 0.998579, -0.052988, 0.207533, 0.0, 0.0, 0.0, 1.0],
                [0.994795, -0.011067, -0.101295, -0.136526, -0.101738, -0.052133, -0.993444, -0.139327, 0.005713, 0.998579, -0.052988, 0.207533, 0.0, 0.0, 0.0, 1.0],
                [0.994795, -0.011067, -0.101295, -0.136526, -0.101738, -0.052133, -0.993444, -0.139327, 0.005713, 0.998579, -0.052988, 0.207533, 0.0, 0.0, 0.0, 1.0],
                [0.994795, -0.011067, -0.101295, -0.136526, -0.101738, -0.052133, -0.993444, -0.139327, 0.005713, 0.998579, -0.052988, 0.207533, 0.0, 0.0, 0.0, 1.0],
                [0.994795, -0.011067, -0.101295, -0.136526, -0.101738, -0.052133, -0.993444, -0.139327, 0.005713, 0.998579, -0.052988, 0.207533, 0.0, 0.0, 0.0, 1.0]
            ]
        },
        {
            "name": "Shoulder_FR",
            "time": [0.0, 0.0333, 0.0667, 0.1, 0.1333, 0.1667, 0.2, 0.2333, 0.2667, 0.3, 0.3333, 0.3667, 0.4, 0.4333, 0.4667, 0.5, 0.5333, 0.5667, 0.6, 0.6333, 0.6667, 0.7, 0.7333, 0.7667, 0.8],
            "transform": [
                [0.619817, 0.447136, 0.644901, 0.0, -0.7273, 0.018673, 0.686065, 0.6, 0.294722, -0.894271, 0.336776, -0.0, 0.0, 0.0, 0.0, 1.0],
                [0.619817, 0.447136, 0.644901, -0.0, -0.7273, 0.018673, 0.686065, 0.6, 0.294722, -0.894271, 0.336776, -0.0, 0.0, 0.0, 0.0, 1.0],
                [0.619817, 0.447136, 0.644901, 0.0, -0.7273, 0.018673, 0.686065, 0.6, 0.294722, -0.894271, 0.336776, 0.0, 0.0, 0.0, 0.0, 1.0],
                [0.619817, 0.447136, 0.644901, -0.0, -0.7273, 0.018673, 0.686065, 0.6, 0.294722, -0.894271, 0.336776, -0.0, 0.0, 0.0, 0.0, 1.0],
                [0.619817, 0.447136, 0.644901, -0.0, -0.7273, 0.018673, 0.686065, 0.6, 0.294722, -0.894271, 0.336776, -0.0, 0.0, 0.0, 0.0, 1.0],
                [0.619817, 0.447136, 0.644901, -0.0, -0.7273, 0.018673, 0.686065, 0.6, 0.294722, -0.894271, 0.336776, 0.0, 0.0, 0.0, 0.0, 1.0],
                [0.619817, 0.447136, 0.644901, -0.0, -0.7273, 0.018673, 0.686065, 0.6, 0.294722, -0.894271, 0.336776, 0.0, 0.0, 0.0, 0.0, 1.0],
                [0.619817, 0.447136, 0.644901, -0.0, -0.7273, 0.018673, 0.686065, 0.6, 0.294722, -0.894271, 0.336776, -0.0, 0.0, 0.0, 0.0, 1.0],
                [0.619817, 0.447136, 0.644901, -0.0, -0.7273, 0.018673, 0.686065, 0.6, 0.294722, -0.894271, 0.336776, -0.0, 0.0, 0.0, 0.0, 1.0],
                [0.619817, 0.447136, 0.644901, -0.0, -0.7273, 0.018673, 0.686065, 0.6, 0.294722, -0.894271, 0.336776, 0.0, 0.0, 0.0, 0.0, 1.0],
                [0.619817, 0.447136, 0.644901, 0.0, -0.7273, 0.018673, 0.686065, 0.6, 0.294722, -0.894271, 0.336776, 0.0, 0.0, 0.0, 0.0, 1.0],
                [0.619817, 0.447136, 0.644901, 0.0, -0.7273, 0.018673, 0.686065, 0.6, 0.294722, -0.894271, 0.336776, 0.0, 0.0, 0.0, 0.0, 1.0],
                [0.619817, 0.447136, 0.644901, 0.0, -0.7273, 0.018673, 0.686065, 0.6, 0.294722, -0.894271, 0.336776, 0.0, 0.0, 0.0, 0.0, 1.0],
                [0.619817, 0.447136, 0.644901, 0.0, -0.7273, 0.018673, 0.686065, 0.6, 0.294722, -0.894271, 0.336776, -0.0, 0.0, 0.0, 0.0, 1.0],
