{
    "animation": [
        {
            "name": "Root",
            "time": [0.0, 0.0333, 0.0667, 0.1, 0.1333, 0.1667, 0.2, 0.2333, 0.2667, 0.3, 0.3333, 0.3667, 0.4, 0.4333, 0.4667, 0.5, 0.5333, 0.5667, 0.6, 0.6333, 0.6667, 0.7, 0.7333, 0.7667, 0.8, 0.8333, 0.8667, 0.9, 0.9333, 0.9667, 1.0, 1.0333, 1.0667, 1.1, 1.1333, 1.1667, 1.2, 1.2333, 1.2667, 1.3, 1.3333, 1.3667, 1.4, 1.4333, 1.4667, 1.5, 1.5333, 1.5667, 1.6, 1.6333, 1.6667, 1.7, 1.7333, 1.7667, 1.8, 1.8333, 1.8667, 1.9, 1.9333, 1.9667, 2.0, 2.0333, 2.0667, 2.1, 2.1333, 2.1667, 2.2, 2.2333, 2.2667, 2.3, 2.3333, 2.3667, 2.4, 2.4333, 2.4667, 2.5, 2.5333, 2.5667, 2.6, 2.6333, 2.6667, 2.7, 2.7333, 2.7667, 2.8, 2.8333, 2.8667, 2.9, 2.9333, 2.9667, 3.0, 3.0333, 3.0667, 3.1, 3.1333, 3.1667, 3.2, 3.2333, 3.2667, 3.3, 3.3333, 3.3667, 3.4, 3.4333, 3.4667, 3.5, 3.5333, 3.5667, 3.6, 3.6333, 3.6667, 3.7, 3.7333, 3.7667, 3.8, 3.8333, 3.8667, 3.9, 3.9333, 3.9667, 4.0, 4.0333, 4.0667, 4.1, 4.1333, 4.1667, 4.2, 4.2333, 4.2667, 4.3, 4.3333, 4.3667, 4.4, 4.4333, 4.4667, 4.5, 4.5333, 4.5667, 4.6, 4.6333, 4.6667, 4.7, 4.7333, 4.7667, 4.8, 4.8333, 4.8667, 4.9, 4.9333, 4.9667, 5.0, 5.0333, 5.0667, 5.1, 5.1333, 5.1667, 5.2, 5.2333, 5.2667, 5.3, 5.3333, 5.3667, 5.4, 5.4333, 5.4667, 5.5, 5.5333, 5.5667, 5.6, 5.6333, 5.6667, 5.7, 5.7333, 5.7667, 5.8, 5.8333, 5.8667, 5.9, 5.9333, 5.9667, 6.0, 6.0333, 6.0667, 6.1, 6.1333, 6.1667, 6.2, 6.2333, 6.2667, 6.3, 6.3333, 6.3667, 6.4, 6.4333, 6.4667, 6.5, 6.5333, 6.5667, 6.6, 6.6333, 6.6667, 6.7, 6.7333, 6.7667, 6.8, 6.8333, 6.8667, 6.9, 6.9333, 6.9667, 7.0, 7.0333, 7.0667],
            "transform": [
                [1.0, 0.0, 0.0, 0.0, 0.0, 1.0, -1e-06, -0.604103, 0.0, 1e-06, 1.0, 1.264611, 0.0, 0.0, 0.0, 1.0],
                [1.0, 0.0, 0.0, 0.0, 0.0, 1.0, -1e-06, -0.604103, 0.0, 1e-06, 1.0, 1.264611, 0.0, 0.0, 0.0, 1.0],
                [1.0, 0.0, 0.0, 0.0, 0.0, 1.0, -1e-06, -0.604103, 0.0, 1e-06, 1.0, 1.264611, 0.0, 0.0, 0.0, 1.0],
                [1.0, 0.0, 0.0, 0.0, 0.0, 1.0, -1e-06, -0.604103, 0.0, 1e-06, 1.0, 1.264611, 0.0, 0.0, 0.0, 1.0],
                [1.0, 0.0, 0.0, 0.0, 0.0, 1.0, -1e-06, -0.604103, 0.0, 1e-06, 1.0, 1.264611, 0.0, 0.0, 0.0, 1.0],
                [1.0, 0.0, 0.0, 0.0, 0.0, 1.0, -1e-06, -0.604103, 0.0, 1e-06, 1.0, 1.264611, 0.0, 0.0, 0.0, 1.0],
                [1.0, 0.0, 0.0, 0.0, 0.0, 1.0, -1e-06, -0.604103, 0.0, 1e-06, 1.0, 1.264611, 0.0, 0.0, 0.0, 1.0],
                [1.0, 0.0, 0.0, 0.0, 0.0, 1.0, -1e-06, -0.604103, 0.0, 1e-06, 1.0, 1.264611, 0.0, 0.0, 0.0, 1.0],
                [1.0, 0.0, 0.0, 0.0, 0.0, 1.0, -1e-06, -0.604103, 0.0, 1e-06, 1.0, 1.264611, 0.0, 0.0, 0.0, 1.0],
                [1.0, 0.0, 0.0, 0.0, 0.0, 1.0, -1e-06, -0.604103, 0.0, 1e-06, 1.0, 1.264611, 0.0, 0.0, 0.0, 1.0],
                [1.0, 0.0, 0.0, 0.0, 0.0, 1.0, -1e-06, -0.604103, 0.0, 1e-06, 1.0, 1.264611, 0.0, 0.0, 0.0, 1.0],
                [1.0, 0.0, 0.0, 0.0, 0.0, 1.0, -1e-06, -0.604103, 0.0, 1e-06, 1.0, 1.264611, 0.0, 0.0, 0.0, 1.0],
                [1.0, 0.0, 0.0, 0.0, 0.0, 1.0, -1e-06, -0.604103, 0.0, 1e-06, 1.0, 1.264611, 0.0, 0.0, 0.0, 1.0],
                [1.0, 0.0, 0.0, 0.0, 0.0, 1.0, -1e-06, -0.604103, 0.0, 1e-06, 1.0, 1.264611, 0.0, 0.0, 0.0, 1.0],
                [1.0, 0.0, 0.0, 0.0, 0.0, 1.0, -1e-06, -0.604103, 0.0, 1e-06, 1.0, 1.264611, 0.0, 0.0, 0.0, 1.0],
                [1.0, 0.0, 0.0, 0.0, 0.0, 1.0, -1e-06, -0.604103, 0.0, 1e-06, 1.0, 1.264611, 0.0, 0.0, 0.0, 1.0],
                [1.0, 0.0, 0.0, 0.0, 0.0, 1.0, -1e-06, -0.604103, 0.0, 1e-06, 1.0, 1.264611, 0.0, 0.0, 0.0, 1.0],
                [1.0, 0.0, 0.0, 0.0, 0.0, 1.0, -1e-06, -0.604103, 0.0, 1e-06, 1.0, 1.264611, 0.0, 0.0, 0.0, 1.0],
                [1.0, 0.0, 0.0, 0.0, 0.0, 1.0, -1e-06, -0.604103, 0.0, 1e-06, 1.0, 1.264611, 0.0, 0.0, 0.0, 1.0],
                [1.0, 0.0, 0.0, 0.0, 0.0, 1.0, -1e-06, -0.604103, 0.0, 1e-06, 1.0, 1.264611, 0.0, 0.0, 0.0, 1.0],
                [1.0, 0.0, 0.0, 0.0, 0.0, 1.0, -1e-06, -0.604103, 0.0, 1e-06, 1.0, 1.264611, 0.0, 0.0, 0.0, 1.0],
                [1.0, 0.0, 0.0, 0.0, 0.0, 1.0, -1e-06, -0.604103, 0.0, 1e-06, 1.0, 1.264611, 0.0, 0.0, 0.0, 1.0],
                [1.0, 0.0, 0.0, 0.0, 0.0, 1.0, -1e-06, -0.604103, 0.0, 1e-06, 1.0, 1.264611, 0.0, 0.0, 0.0, 1.0],
                [1.0, 0.0, 0.0, 0.0, 0.0, 1.0, -1e-06, -0.604103, 0.0, 1e-06, 1.0, 1.264611, 0.0, 0.0, 0.0, 1.0],
                [1.0, 0.0, 0.0, 0.0, 0.0, 1.0, -1e-06, -0.604103, 0.0, 1e-06, 1.0, 1.264611, 0.0, 0.0, 0.0, 1.0],
                [1.0, 0.0, 0.0, 0.0, 0.0, 1.0, -1e-06, -0.604103, 0.0, 1e-06, 1.0, 1.264611, 0.0, 0.0, 0.0, 1.0],
                [1.0, 0.0, 0.0, 0.0, 0.0, 1.0, -1e-06, -0.604103, 0.0, 1e-06, 1.0, 1.264611, 0.0, 0.0, 0.0, 1.0],
                [1.0, 0.0, 0.0, 0.0, 0.0, 1.0, -1e-06, -0.604103, 0.0, 1e-06, 1.0, 1.264611, 0.0, 0.0, 0.0, 1.0],
                [1.0, 0.0, 0.0, 0.0, 0.0, 1.0, -1e-06, -0.604103, 0.0, 1e-06, 1.0, 1.264611, 0.0, 0.0, 0.0, 1.0],
                [1.0, 0.0, 0.0, 0.0, 0.0, 1.0, -1e-06, -0.604103, 0.0, 1e-06, 1.0, 1.264611, 0.0, 0.0, 0.0, 1.0],
                [1.0, 0.0, 0.0, 0.0, 0.0, 1.0, -1e-06, -0.604103, 0.0, 1e-06, 1.0, 1.264611, 0.0, 0.0, 0.0, 1.0],
                [1.0, 0.0, 0.0, 0.0, 0.0, 1.0, -1e-06, -0.604103, 0.0, 1e-06, 1.0, 1.264611, 0.0, 0.0, 0.0, 1.0],
                [1.0, 0.0, 0.0, 0.0, 0.0, 1.0, -1e-06, -0.604103, 0.0, 1e-06, 1.0, 1.264611, 0.0, 0.0, 0.0, 1.0],
                [1.0, 0.0, 0.0, 0.0, 0.0, 1.0, -1e-06, -0.604103, 0.0, 1e-06, 1.0, 1.264611, 0.0, 0.0, 0.0, 1.0],
                [1.0, 0.0, 0.0, 0.0, 0.0, 1.0, -1e-06, -0.604103, 0.0, 1e-06, 1.0, 1.264611, 0.0, 0.0, 0.0, 1.0],
                [1.0, 0.0, 0.0, 0.0, 0.0, 1.0, -1e-06, -0.604103, 0.0, 1e-06, 1.0, 1.264611, 0.0, 0.0, 0.0, 1.0],
                [1.0, 0.0, 0.0, 0.0, 0.0, 1.0, -1e-06, -0.604103, 0.0, 1e-06, 1.0, 1.264611, 0.0, 0.0, 0.0, 1.0],
                [1.0, 0.0, 0.0, 0.0, 0.0, 1.0, -1e-06, -0.604103, 0.0, 1e-06, 1.0, 1.264611, 0.0, 0.0, 0.0, 1.0],
                [1.0, 0.0, 0.0, 0.0, 0.0, 1.0, -1e-06, -0.604103, 0.0, 1e-06, 1.0, 1.264611, 0.0, 0.0, 0.0, 1.0],
                [1.0, 0.0, 0.0, 0.0, 0.0, 1.0, -1e-06, -0.604103, 0.0, 1e-06, 1.0, 1.264611, 0.0, 0.0, 0.0, 1.0],
                [1.0, 0.0, 0.0, 0.0, 0.0, 1.0, -1e-06, -0.604103, 0.0, 1e-06, 1.0, 1.264611, 0.0, 0.0, 0.0, 1.0],
                [1.0, 0.0, 0.0, 0.0, 0.0, 1.0, -1e-06, -0.604103, 0.0, 1e-06, 1.0, 1.264611, 0.0, 0.0, 0.0, 1.0],
                [1.0, 0.0, 0.0, 0.0, 0.0, 1.0, -1e-06, -0.604103, 0.0, 1e-06, 1.0, 1.264611, 0.0, 0.0, 0.0, 1.0],
                [1.0, 0.0, 0.0, 0.0, 0.0, 1.0, -1e-06, -0.604103, 0.0, 1e-06, 1.0, 1.264611, 0.0, 0.0, 0.0, 1.0],
                [1.0, 0.0, 0.0, 0.0, 0.0, 1.0, -1e-06, -0.604103, 0.0, 1e-06, 1.0, 1.264611, 0.0, 0.0, 0.0, 1.0],
                [1.0, 0.0, 0.0, 0.0, 0.0, 1.0, -1e-06, -0.604103, 0.0, 1e-06, 1.0, 1.264611, 0.0, 0.0, 0.0, 1.0],
                [1.0, 0.0, 0.0, 0.0, 0.0, 1.0, -1e-06, -0.604103, 0.0, 1e-06, 1.0, 1.264611, 0.0, 0.0, 0.0, 1.0],
                [1.0, 0.0, 0.0, 0.0, 0.0, 1.0, -1e-06, -0.604103, 0.0, 1e-06, 1.0, 1.264611, 0.0, 0.0, 0.0, 1.0],
                [1.0, 0.0, 0.0, 0.0, 0.0, 1.0, -1e-06, -0.604103, 0.0, 1e-06, 1.0, 1.264611, 0.0, 0.0, 0.0, 1.0],
                [1.0, 0.0, 0.0, 0.0, 0.0, 1.0, -1e-06, -0.604103, 0.0, 1e-06, 1.0, 1.264611, 0.0, 0.0, 0.0, 1.0],
                [1.0, 0.0, 0.0, 0.0, 0.0, 1.0, -1e-06, -0.604103, 0.0, 1e-06, 1.0, 1.264611, 0.0, 0.0, 0.0, 1.0],
                [1.0, 0.0, 0.0, 0.0, 0.0, 1.0, -1e-06, -0.604103, 0.0, 1e-06, 1.0, 1.264611, 0.0, 0.0, 0.0, 1.0],
                [1.0, 0.0, 0.0, 0.0, 0.0, 1.0, -1e-06, -0.604103, 0.0, 1e-06, 1.0, 1.264611, 0.0, 0.0, 0.0, 1.0],
                [1.0, 0.0, 0.0, 0.0, 0.0, 1.0, -1e-06, -0.604103, 0.0, 1e-06, 1.0, 1.264611, 0.0, 0.0, 0.0, 1.0],
                [1.0, 0.0, 0.0, 0.0, 0.0, 1.0, -1e-06, -0.604103, 0.0, 1e-06, 1.0, 1.264611, 0.0, 0.0, 0.0, 1.0],
                [1.0, 0.0, 0.0, 0.0, 0.0, 1.0, -1e-06, -0.604103, 0.0, 1e-06, 1.0, 1.264611, 0.0, 0.0, 0.0, 1.0],
                [1.0, 0.0, 0.0, 0.0, 0.0, 1.0, -1e-06, -0.604103, 0.0, 1e-06, 1.0, 1.264611, 0.0, 0.0, 0.0, 1.0],
                [1.0, 0.0, 0.0, 0.0, 0.0, 1.0, -1e-06, -0.604103, 0.0, 1e-06, 1.0, 1.264611, 0.0, 0.0, 0.0, 1.0],
                [1.0, 0.0, 0.0, 0.0, 0.0, 1.0, -1e-06, -0.604103, 0.0, 1e-06, 1.0, 1.264611, 0.0, 0.0, 0.0, 1.0],
                [1.0, 0.0, 0.0, 0.0, 0.0, 1.0, -1e-06, -0.604103, 0.0, 1e-06, 1.0, 1.264611, 0.0, 0.0, 0.0, 1.0],
                [1.0, 0.0, 0.0, 0.0, 0.0, 1.0, -1e-06, -0.604103, 0.0, 1e-06, 1.0, 1.264611, 0.0, 0.0, 0.0, 1.0],
                [1.0, 0.0, 0.0, 0.0, 0.0, 1.0, -1e-06, -0.604103, 0.0, 1e-06, 1.0, 1.264611, 0.0, 0.0, 0.0, 1.0],
                [1.0, 0.0, 0.0, 0.0, 0.0, 1.0, -1e-06, -0.604103, 0.0, 1e-06, 1.0, 1.264611, 0.0, 0.0, 0.0, 1.0],
                [1.0, 0.0, 0.0, 0.0, 0.0, 1.0, -1e-06, -0.604103, 0.0, 1e-06, 1.0, 1.264611, 0.0, 0.0, 0.0, 1.0],
                [1.0, 0.0, 0.0, 0.0, 0.0, 1.0, -1e-06, -0.604103, 0.0, 1e-06, 1.0, 1.264611, 0.0, 0.0, 0.0, 1.0],
                [1.0, 0.0, 0.0, 0.0, 0.0, 1.0, -1e-06, -0.604103, 0.0, 1e-06, 1.0, 1.264611, 0.0, 0.0, 0.0, 1.0],
                [1.0, 0.0, 0.0, 0.0, 0.0, 1.0, -1e-06, -0.604103, 0.0, 1e-06, 1.0, 1.264611, 0.0, 0.0, 0.0, 1.0],
                [1.0, 0.0, 0.0, 0.0, 0.0, 1.0, -1e-06, -0.604103, 0.0, 1e-06, 1.0, 1.264611, 0.0, 0.0, 0.0, 1.0],
                [1.0, 0.0, 0.0, 0.0, 0.0, 1.0, -1e-06, -0.604103, 0.0, 1e-06, 1.0, 1.264611, 0.0, 0.0, 0.0, 1.0],
                [1.0, 0.0, 0.0, 0.0, 0.0, 1.0, -1e-06, -0.604103, 0.0, 1e-06, 1.0, 1.264611, 0.0, 0.0, 0.0, 1.0],
                [1.0, 0.0, 0.0, 0.0, 0.0, 1.0, -1e-06, -0.604103, 0.0, 1e-06, 1.0, 1.264611, 0.0, 0.0, 0.0, 1.0],
                [1.0, 0.0, 0.0, 0.0, 0.0, 1.0, -1e-06, -0.604103, 0.0, 1e-06, 1.0, 1.264611, 0.0, 0.0, 0.0, 1.0],
                [1.0, 0.0, 0.0, 0.0, 0.0, 1.0, -1e-06, -0.604103, 0.0, 1e-06, 1.0, 1.264611, 0.0, 0.0, 0.0, 1.0],
                [1.0, 0.0, 0.0, 0.0, 0.0, 1.0, -1e-06, -0.604103, 0.0, 1e-06, 1.0, 1.264611, 0.0, 0.0, 0.0, 1.0],
                [1.0, 0.0, 0.0, 0.0, 0.0, 1.0, -1e-06, -0.604103, 0.0, 1e-06, 1.0, 1.264611, 0.0, 0.0, 0.0, 1.0],
                [1.0, 0.0, 0.0, 0.0, 0.0, 1.0, -1e-06, -0.604103, 0.0, 1e-06, 1.0, 1.264611, 0.0, 0.0, 0.0, 1.0],
                [1.0, 0.0, 0.0, 0.0, 0.0, 1.0, -1e-06, -0.604103, 0.0, 1e-06, 1.0, 1.264611, 0.0, 0.0, 0.0, 1.0],
                [1.0, 0.0, 0.0, 0.0, 0.0, 1.0, -1e-06, -0.604103, 0.0, 1e-06, 1.0, 1.264611, 0.0, 0.0, 0.0, 1.0],
                [1.0, 0.0, 0.0, 0.0, 0.0, 1.0, -1e-06, -0.604103, 0.0, 1e-06, 1.0, 1.264611, 0.0, 0.0, 0.0, 1.0],
                [1.0, 0.0, 0.0, 0.0, 0.0, 1.0, -1e-06, -0.604103, 0.0, 1e-06, 1.0, 1.264611, 0.0, 0.0, 0.0, 1.0],
                [1.0, 0.0, 0.0, 0.0, 0.0, 1.0, -1e-06, -0.604103, 0.0, 1e-06, 1.0, 1.264611, 0.0, 0.0, 0.0, 1.0],
                [1.0, 0.0, 0.0, 0.0, 0.0, 1.0, -1e-06, -0.604103, 0.0, 1e-06, 1.0, 1.264611, 0.0, 0.0, 0.0, 1.0],
                [1.0, 0.0, 0.0, 0.0, 0.0, 1.0, -1e-06, -0.604103, 0.0, 1e-06, 1.0, 1.264611, 0.0, 0.0, 0.0, 1.0],
                [1.0, 0.0, 0.0, 0.0, 0.0, 1.0, -1e-06, -0.604103, 0.0, 1e-06, 1.0, 1.264611, 0.0, 0.0, 0.0, 1.0],
                [1.0, 0.0, 0.0, 0.0, 0.0, 1.0, -1e-06, -0.604103, 0.0, 1e-06, 1.0, 1.264611, 0.0, 0.0, 0.0, 1.0],
                [1.0, 0.0, 0.0, 0.0, 0.0, 1.0, -1e-06, -0.604103, 0.0, 1e-06, 1.0, 1.264611, 0.0, 0.0, 0.0, 1.0],
                [1.0, 0.0, 0.0, 0.0, 0.0, 1.0, -1e-06, -0.604103, 0.0, 1e-06, 1.0, 1.264611, 0.0, 0.0, 0.0, 1.0],
                [1.0, 0.0, 0.0, 0.0, 0.0, 1.0, -1e-06, -0.604103, 0.0, 1e-06, 1.0, 1.264611, 0.0, 0.0, 0.0, 1.0],
                [1.0, 0.0, 0.0, 0.0, 0.0, 1.0, -1e-06, -0.604103, 0.0, 1e-06, 1.0, 1.264611, 0.0, 0.0, 0.0, 1.0],
                [1.0, 0.0, 0.0, 0.0, 0.0, 1.0, -1e-06, -0.604103, 0.0, 1e-06, 1.0, 1.264611, 0.0, 0.0, 0.0, 1.0],
                [1.0, 0.0, 0.0, 0.0, 0.0, 1.0, -1e-06, -0.604103, 0.0, 1e-06, 1.0, 1.264611, 0.0, 0.0, 0.0, 1.0],
                [1.0, 0.0, 0.0, 0.0, 0.0, 1.0, -1e-06, -0.604103, 0.0, 1e-06, 1.0, 1.264611, 0.0, 0.0, 0.0, 1.0],
                [1.0, 0.0, 0.0, 0.0, 0.0, 1.0, -1e-06, -0.604103, 0.0, 1e-06, 1.0, 1.264611, 0.0, 0.0, 0.0, 1.0],
                [1.0, 0.0, 0.0, 0.0, 0.0, 1.0, -1e-06, -0.604103, 0.0, 1e-06, 1.0, 1.264611, 0.0, 0.0, 0.0, 1.0],
                [1.0, 0.0, 0.0, 0.0, 0.0, 1.0, -1e-06, -0.604103, 0.0, 1e-06, 1.0, 1.264611, 0.0, 0.0, 0.0, 1.0],
                [1.0, 0.0, 0.0, 0.0, 0.0, 1.0, -1e-06, -0.604103, 0.0, 1e-06, 1.0, 1.264611, 0.0, 0.0, 0.0, 1.0],
                [1.0, 0.0, 0.0, 0.0, 0.0, 1.0, -1e-06, -0.604103, 0.0, 1e-06, 1.0, 1.264611, 0.0, 0.0, 0.0, 1.0],
                [1.0, 0.0, 0.0, 0.0, 0.0, 1.0, -1e-06, -0.604103, 0.0, 1e-06, 1.0, 1.264611, 0.0, 0.0, 0.0, 1.0],
                [1.0, 0.0, 0.0, 0.0, 0.0, 1.0, -1e-06, -0.604103, 0.0, 1e-06, 1.0, 1.264611, 0.0, 0.0, 0.0, 1.0],
                [1.0, 0.0, 0.0, 0.0, 0.0, 1.0, -1e-06, -0.604103, 0.0, 1e-06, 1.0, 1.264611, 0.0, 0.0, 0.0, 1.0],
                [1.0, 0.0, 0.0, 0.0, 0.0, 1.0, -1e-06, -0.604103, 0.0, 1e-06, 1.0, 1.264611, 0.0, 0.0, 0.0, 1.0],
                [1.0, 0.0, 0.0, 0.0, 0.0, 1.0, -1e-06, -0.604103, 0.0, 1e-06, 1.0, 1.264611, 0.0, 0.0, 0.0, 1.0],
                [1.0, 0.0, 0.0, 0.0, 0.0, 1.0, -1e-06, -0.604103, 0.0, 1e-06, 1.0, 1.264611, 0.0, 0.0, 0.0, 1.0],
                [1.0, 0.0, 0.0, 0.0, 0.0, 1.0, -1e-06, -0.604103, 0.0, 1e-06, 1.0, 1.264611, 0.0, 0.0, 0.0, 1.0],
                [1.0, 0.0, 0.0, 0.0, 0.0, 1.0, -1e-06, -0.604103, 0.0, 1e-06, 1.0, 1.264611, 0.0, 0.0, 0.0, 1.0],
                [1.0, 0.0, 0.0, 0.0, 0.0, 1.0, -1e-06, -0.604103, 0.0, 1e-06, 1.0, 1.264611, 0.0, 0.0, 0.0, 1.0],
                [1.0, 0.0, 0.0, 0.0, 0.0, 1.0, -1e-06, -0.604103, 0.0, 1e-06, 1.0, 1.264611, 0.0, 0.0, 0.0, 1.0],
                [1.0, 0.0, 0.0, 0.0, 0.0, 1.0, -1e-06, -0.604103, 0.0, 1e-06, 1.0, 1.264611, 0.0, 0.0, 0.0, 1.0],
                [1.0, 0.0, 0.0, 0.0, 0.0, 1.0, -1e-06, -0.604103, 0.0, 1e-06, 1.0, 1.264611, 0.0, 0.0, 0.0, 1.0],
                [1.0, 0.0, 0.0, 0.0, 0.0, 1.0, -1e-06, -0.604103, 0.0, 1e-06, 1.0, 1.264611, 0.0, 0.0, 0.0, 1.0],
                [1.0, 0.0, 0.0, 0.0, 0.0, 1.0, -1e-06, -0.604103, 0.0, 1e-06, 1.0, 1.264611, 0.0, 0.0, 0.0, 1.0],
                [1.0, 0.0, 0.0, 0.0, 0.0, 1.0, -1e-06, -0.604103, 0.0, 1e-06, 1.0, 1.264611, 0.0, 0.0, 0.0, 1.0],
                [1.0, 0.0, 0.0, 0.0, 0.0, 1.0, -1e-06, -0.604103, 0.0, 1e-06, 1.0, 1.264611, 0.0, 0.0, 0.0, 1.0],
                [1.0, 0.0, 0.0, 0.0, 0.0, 1.0, -1e-06, -0.604103, 0.0, 1e-06, 1.0, 1.264611, 0.0, 0.0, 0.0, 1.0],
                [1.0, 0.0, 0.0, 0.0, 0.0, 1.0, -1e-06, -0.604103, 0.0, 1e-06, 1.0, 1.264611, 0.0, 0.0, 0.0, 1.0],
                [1.0, 0.0, 0.0, 0.0, 0.0, 1.0, -1e-06, -0.604103, 0.0, 1e-06, 1.0, 1.264611, 0.0, 0.0, 0.0, 1.0],
                [1.0, 0.0, 0.0, 0.0, 0.0, 1.0, -1e-06, -0.604103, 0.0, 1e-06, 1.0, 1.264611, 0.0, 0.0, 0.0, 1.0],
                [1.0, 0.0, 0.0, 0.0, 0.0, 1.0, -1e-06, -0.604103, 0.0, 1e-06, 1.0, 1.264611, 0.0, 0.0, 0.0, 1.0],
                [1.0, 0.0, 0.0, 0.0, 0.0, 1.0, -1e-06, -0.604103, 0.0, 1e-06, 1.0, 1.264611, 0.0, 0.0, 0.0, 1.0],
                [1.0, 0.0, 0.0, 0.0, 0.0, 1.0, -1e-06, -0.604103, 0.0, 1e-06, 1.0, 1.264611, 0.0, 0.0, 0.0, 1.0],
                [1.0, 0.0, 0.0, 0.0, 0.0, 1.0, -1e-06, -0.604103, 0.0, 1e-06, 1.0, 1.264611, 0.0, 0.0, 0.0, 1.0],
                [1.0, 0.0, 0.0, 0.0, 0.0, 1.0, -1e-06, -0.604103, 0.0, 1e-06, 1.0, 1.264611, 0.0, 0.0, 0.0, 1.0],
                [1.0, 0.0, 0.0, 0.0, 0.0, 1.0, -1e-06, -0.604103, 0.0, 1e-06, 1.0, 1.264611, 0.0, 0.0, 0.0, 1.0],
                [1.0, 0.0, 0.0, 0.0, 0.0, 1.0, -1e-06, -0.604103, 0.0, 1e-06, 1.0, 1.264611, 0.0, 0.0, 0.0, 1.0],
                [1.0, 0.0, 0.0, 0.0, 0.0, 1.0, -1e-06, -0.604103, 0.0, 1e-06, 1.0, 1.264611, 0.0, 0.0, 0.0, 1.0],
                [1.0, 0.0, 0.0, 0.0, 0.0, 1.0, -1e-06, -0.604103, 0.0, 1e-06, 1.0, 1.264611, 0.0, 0.0, 0.0, 1.0],
                [1.0, 0.0, 0.0, 0.0, 0.0, 1.0, -1e-06, -0.604103, 0.0, 1e-06, 1.0, 1.264611, 0.0, 0.0, 0.0, 1.0],
                [1.0, 0.0, 0.0, 0.0, 0.0, 1.0, -1e-06, -0.604103, 0.0, 1e-06, 1.0, 1.264611, 0.0, 0.0, 0.0, 1.0],
                [1.0, 0.0, 0.0, 0.0, 0.0, 1.0, -1e-06, -0.604103, 0.0, 1e-06, 1.0, 1.264611, 0.0, 0.0, 0.0, 1.0],
                [1.0, 0.0, 0.0, 0.0, 0.0, 1.0, -1e-06, -0.604103, 0.0, 1e-06, 1.0, 1.264611, 0.0, 0.0, 0.0, 1.0],
                [1.0, 0.0, 0.0, 0.0, 0.0, 1.0, -1e-06, -0.604103, 0.0, 1e-06, 1.0, 1.264611, 0.0, 0.0, 0.0, 1.0],
                [1.0, 0.0, 0.0, 0.0, 0.0, 1.0, -1e-06, -0.604103, 0.0, 1e-06, 1.0, 1.264611, 0.0, 0.0, 0.0, 1.0],
                [1.0, 0.0, 0.0, 0.0, 0.0, 1.0, -1e-06, -0.604103, 0.0, 1e-06, 1.0, 1.264611, 0.0, 0.0, 0.0, 1.0],
                [1.0, 0.0, 0.0, 0.0, 0.0, 1.0, -1e-06, -0.604103, 0.0, 1e-06, 1.0, 1.264611, 0.0, 0.0, 0.0, 1.0],
                [1.0, 0.0, 0.0, 0.0, 0.0, 1.0, -1e-06, -0.604103, 0.0, 1e-06, 1.0, 1.264611, 0.0, 0.0, 0.0, 1.0],
                [1.0, 0.0, 0.0, 0.0, 0.0, 1.0, -1e-06, -0.604103, 0.0, 1e-06, 1.0, 1.264611, 0.0, 0.0, 0.0, 1.0],
                [1.0, 0.0, 0.0, 0.0, 0.0, 1.0, -1e-06, -0.604103, 0.0, 1e-06, 1.0, 1.264611, 0.0, 0.0, 0.0, 1.0],
                [1.0, 0.0, 0.0, 0.0, 0.0, 1.0, -1e-06, -0.604103, 0.0, 1e-06, 1.0, 1.264611, 0.0, 0.0, 0.0, 1.0],
                [1.0, 0.0, 0.0, 0.0, 0.0, 1.0, -1e-06, -0.604103, 0.0, 1e-06, 1.0, 1.264611, 0.0, 0.0, 0.0, 1.0],
                [1.0, 0.0, 0.0, 0.0, 0.0, 1.0, -1e-06, -0.604103, 0.0, 1e-06, 1.0, 1.264611, 0.0, 0.0, 0.0, 1.0],
                [1.0, 0.0, 0.0, 0.0, 0.0, 1.0, -1e-06, -0.604103, 0.0, 1e-06, 1.0, 1.264611, 0.0, 0.0, 0.0, 1.0],
                [1.0, 0.0, 0.0, 0.0, 0.0, 1.0, -1e-06, -0.604103, 0.0, 1e-06, 1.0, 1.264611, 0.0, 0.0, 0.0, 1.0],
                [1.0, 0.0, 0.0, 0.0, 0.0, 1.0, -1e-06, -0.604103, 0.0, 1e-06, 1.0, 1.264611, 0.0, 0.0, 0.0, 1.0],
                [1.0, 0.0, 0.0, 0.0, 0.0, 1.0, -1e-06, -0.604103, 0.0, 1e-06, 1.0, 1.264611, 0.0, 0.0, 0.0, 1.0],
                [1.0, 0.0, 0.0, 0.0, 0.0, 1.0, -1e-06, -0.604103, 0.0, 1e-06, 1.0, 1.264611, 0.0, 0.0, 0.0, 1.0],
                [1.0, 0.0, 0.0, 0.0, 0.0, 1.0, -1e-06, -0.604103, 0.0, 1e-06, 1.0, 1.264611, 0.0, 0.0, 0.0, 1.0],
                [1.0, 0.0, 0.0, 0.0, 0.0, 1.0, -1e-06, -0.604103, 0.0, 1e-06, 1.0, 1.264611, 0.0, 0.0, 0.0, 1.0],
                [1.0, 0.0, 0.0, 0.0, 0.0, 1.0, -1e-06, -0.604103, 0.0, 1e-06, 1.0, 1.264611, 0.0, 0.0, 0.0, 1.0],
                [1.0, 0.0, 0.0, 0.0, 0.0, 1.0, -1e-06, -0.604103, 0.0, 1e-06, 1.0, 1.264611, 0.0, 0.0, 0.0, 1.0],
                [1.0, 0.0, 0.0, 0.0, 0.0, 1.0, -1e-06, -0.604103, 0.0, 1e-06, 1.0, 1.264611, 0.0, 0.0, 0.0, 1.0],
                [1.0, 0.0, 0.0, 0.0, 0.0, 1.0, -1e-06, -0.604103, 0.0, 1e-06, 1.0, 1.264611, 0.0, 0.0, 0.0, 1.0],
                [1.0, 0.0, 0.0, 0.0, 0.0, 1.0, -1e-06, -0.604103, 0.0, 1e-06, 1.0, 1.264611, 0.0, 0.0, 0.0, 1.0],
                [1.0, 0.0, 0.0, 0.0, 0.0, 1.0, -1e-06, -0.604103, 0.0, 1e-06, 1.0, 1.264611, 0.0, 0.0, 0.0, 1.0],
                [1.0, 0.0, 0.0, 0.0, 0.0, 1.0, -1e-06, -0.604103, 0.0, 1e-06, 1.0, 1.264611, 0.0, 0.0, 0.0, 1.0],
                [1.0, 0.0, 0.0, 0.0, 0.0, 1.0, -1e-06, -0.604103, 0.0, 1e-06, 1.0, 1.264611, 0.0, 0.0, 0.0, 1.0],
                [1.0, 0.0, 0.0, 0.0, 0.0, 1.0, -1e-06, -0.604103, 0.0, 1e-06, 1.0, 1.264611, 0.0, 0.0, 0.0, 1.0],
                [1.0, 0.0, 0.0, 0.0, 0.0, 1.0, -1e-06, -0.604103, 0.0, 1e-06, 1.0, 1.264611, 0.0, 0.0, 0.0, 1.0],
                [1.0, 0.0, 0.0, 0.0, 0.0, 1.0, -1e-06, -0.604103, 0.0, 1e-06, 1.0, 1.264611, 0.0, 0.0, 0.0, 1.0],
                [1.0, 0.0, 0.0, 0.0, 0.0, 1.0, -1e-06, -0.604103, 0.0, 1e-06, 1.0, 1.264611, 0.0, 0.0, 0.0, 1.0],
                [1.0, 0.0, 0.0, 0.0, 0.0, 1.0, -1e-06, -0.604103, 0.0, 1e-06, 1.0, 1.264611, 0.0, 0.0, 0.0, 1.0],
                [1.0, 0.0, 0.0, 0.0, 0.0, 1.0, -1e-06, -0.604103, 0.0, 1e-06, 1.0, 1.264611, 0.0, 0.0, 0.0, 1.0],
                [1.0, 0.0, 0.0, 0.0, 0.0, 1.0, -1e-06, -0.604103, 0.0, 1e-06, 1.0, 1.264611, 0.0, 0.0, 0.0, 1.0],
                [1.0, 0.0, 0.0, 0.0, 0.0, 1.0, -1e-06, -0.604103, 0.0, 1e-06, 1.0, 1.264611, 0.0, 0.0, 0.0, 1.0],
                [1.0, 0.0, 0.0, 0.0, 0.0, 1.0, -1e-06, -0.604103, 0.0, 1e-06, 1.0, 1.264611, 0.0, 0.0, 0.0, 1.0],
                [1.0, 0.0, 0.0, 0.0, 0.0, 1.0, -1e-06, -0.604103, 0.0, 1e-06, 1.0, 1.264611, 0.0, 0.0, 0.0, 1.0],
                [1.0, 0.0, 0.0, 0.0, 0.0, 1.0, -1e-06, -0.604103, 0.0, 1e-06, 1.0, 1.264611, 0.0, 0.0, 0.0, 1.0],
                [1.0, 0.0, 0.0, 0.0, 0.0, 1.0, -1e-06, -0.604103, 0.0, 1e-06, 1.0, 1.264611, 0.0, 0.0, 0.0, 1.0],
                [1.0, 0.0, 0.0, 0.0, 0.0, 1.0, -1e-06, -0.604103, 0.0, 1e-06, 1.0, 1.264611, 0.0, 0.0, 0.0, 1.0],
                [1.0, 0.0, 0.0, 0.0, 0.0, 1.0, -1e-06, -0.604103, 0.0, 1e-06, 1.0, 1.264611, 0.0, 0.0, 0.0, 1.0],
                [1.0, 0.0, 0.0, 0.0, 0.0, 1.0, -1e-06, -0.604103, 0.0, 1e-06, 1.0, 1.264611, 0.0, 0.0, 0.0, 1.0],
                [1.0, 0.0, 0.0, 0.0, 0.0, 1.0, -1e-06, -0.604103, 0.0, 1e-06, 1.0, 1.264611, 0.0, 0.0, 0.0, 1.0],
                [1.0, 0.0, 0.0, 0.0, 0.0, 1.0, -1e-06, -0.604103, 0.0, 1e-06, 1.0, 1.264611, 0.0, 0.0, 0.0, 1.0],
                [1.0, 0.0, 0.0, 0.0, 0.0, 1.0, -1e-06, -0.604103, 0.0, 1e-06, 1.0, 1.264611, 0.0, 0.0, 0.0, 1.0],
                [1.0, 0.0, 0.0, 0.0, 0.0, 1.0, -1e-06, -0.604103, 0.0, 1e-06, 1.0, 1.264611, 0.0, 0.0, 0.0, 1.0],
                [1.0, 0.0, 0.0, 0.0, 0.0, 1.0, -1e-06, -0.604103, 0.0, 1e-06, 1.0, 1.264611, 0.0, 0.0, 0.0, 1.0],
                [1.0, 0.0, 0.0, 0.0, 0.0, 1.0, -1e-06, -0.604103, 0.0, 1e-06, 1.0, 1.264611, 0.0, 0.0, 0.0, 1.0],
                [1.0, 0.0, 0.0, 0.0, 0.0, 1.0, -1e-06, -0.604103, 0.0, 1e-06, 1.0, 1.264611, 0.0, 0.0, 0.0, 1.0],
                [1.0, 0.0, 0.0, 0.0, 0.0, 1.0, -1e-06, -0.604103, 0.0, 1e-06, 1.0, 1.264611, 0.0, 0.0, 0.0, 1.0],
                [1.0, 0.0, 0.0, 0.0, 0.0, 1.0, -1e-06, -0.604103, 0.0, 1e-06, 1.0, 1.264611, 0.0, 0.0, 0.0, 1.0],
                [1.0, 0.0, 0.0, 0.0, 0.0, 1.0, -1e-06, -0.604103, 0.0, 1e-06, 1.0, 1.264611, 0.0, 0.0, 0.0, 1.0],
                [1.0, 0.0, 0.0, 0.0, 0.0, 1.0, -1e-06, -0.604103, 0.0, 1e-06, 1.0, 1.264611, 0.0, 0.0, 0.0, 1.0],
                [1.0, 0.0, 0.0, 0.0, 0.0, 1.0, -1e-06, -0.604103, 0.0, 1e-06, 1.0, 1.264611, 0.0, 0.0, 0.0, 1.0],
                [1.0, 0.0, 0.0, 0.0, 0.0, 1.0, -1e-06, -0.604103, 0.0, 1e-06, 1.0, 1.264611, 0.0, 0.0, 0.0, 1.0],
                [1.0, 0.0, 0.0, 0.0, 0.0, 1.0, -1e-06, -0.604103, 0.0, 1e-06, 1.0, 1.264611, 0.0, 0.0, 0.0, 1.0],
                [1.0, 0.0, 0.0, 0.0, 0.0, 1.0, -1e-06, -0.604103, 0.0, 1e-06, 1.0, 1.264611, 0.0, 0.0, 0.0, 1.0],
                [1.0, 0.0, 0.0, 0.0, 0.0, 1.0, -1e-06, -0.604103, 0.0, 1e-06, 1.0, 1.264611, 0.0, 0.0, 0.0, 1.0],
                [1.0, 0.0, 0.0, 0.0, 0.0, 1.0, -1e-06, -0.604103, 0.0, 1e-06, 1.0, 1.264611, 0.0, 0.0, 0.0, 1.0],
                [1.0, 0.0, 0.0, 0.0, 0.0, 1.0, -1e-06, -0.604103, 0.0, 1e-06, 1.0, 1.264611, 0.0, 0.0, 0.0, 1.0],
                [1.0, 0.0, 0.0, 0.0, 0.0, 1.0, -1e-06, -0.604103, 0.0, 1e-06, 1.0, 1.264611, 0.0, 0.0, 0.0, 1.0],
                [1.0, 0.0, 0.0, 0.0, 0.0, 1.0, -1e-06, -0.604103, 0.0, 1e-06, 1.0, 1.264611, 0.0, 0.0, 0.0, 1.0],
                [1.0, 0.0, 0.0, 0.0, 0.0, 1.0, -1e-06, -0.604103, 0.0, 1e-06, 1.0, 1.264611, 0.0, 0.0, 0.0, 1.0],
                [1.0, 0.0, 0.0, 0.0, 0.0, 1.0, -1e-06, -0.604103, 0.0, 1e-06, 1.0, 1.264611, 0.0, 0.0, 0.0, 1.0],
                [1.0, 0.0, 0.0, 0.0, 0.0, 1.0, -1e-06, -0.604103, 0.0, 1e-06, 1.0, 1.264611, 0.0, 0.0, 0.0, 1.0],
                [1.0, 0.0, 0.0, 0.0, 0.0, 1.0, -1e-06, -0.604103, 0.0, 1e-06, 1.0, 1.264611, 0.0, 0.0, 0.0, 1.0],
                [1.0, 0.0, 0.0, 0.0, 0.0, 1.0, -1e-06, -0.604103, 0.0, 1e-06, 1.0, 1.264611, 0.0, 0.0, 0.0, 1.0],
                [1.0, 0.0, 0.0, 0.0, 0.0, 1.0, -1e-06, -0.604103, 0.0, 1e-06, 1.0, 1.264611, 0.0, 0.0, 0.0, 1.0],
                [1.0, 0.0, 0.0, 0.0, 0.0, 1.0, -1e-06, -0.604103, 0.0, 1e-06, 1.0, 1.264611, 0.0, 0.0, 0.0, 1.0],
                [1.0, 0.0, 0.0, 0.0, 0.0, 1.0, -1e-06, -0.604103, 0.0, 1e-06, 1.0, 1.264611, 0.0, 0.0, 0.0, 1.0],
                [1.0, 0.0, 0.0, 0.0, 0.0, 1.0, -1e-06, -0.604103, 0.0, 1e-06, 1.0, 1.264611, 0.0, 0.0, 0.0, 1.0],
                [1.0, 0.0, 0.0, 0.0, 0.0, 1.0, -1e-06, -0.604103, 0.0, 1e-06, 1.0, 1.264611, 0.0, 0.0, 0.0, 1.0],
                [1.0, 0.0, 0.0, 0.0, 0.0, 1.0, -1e-06, -0.604103, 0.0, 1e-06, 1.0, 1.264611, 0.0, 0.0, 0.0, 1.0],
                [1.0, 0.0, 0.0, 0.0, 0.0, 1.0, -1e-06, -0.604103, 0.0, 1e-06, 1.0, 1.264611, 0.0, 0.0, 0.0, 1.0],
                [1.0, 0.0, 0.0, 0.0, 0.0, 1.0, -1e-06, -0.604103, 0.0, 1e-06, 1.0, 1.264611, 0.0, 0.0, 0.0, 1.0],
                [1.0, 0.0, 0.0, 0.0, 0.0, 1.0, -1e-06, -0.604103, 0.0, 1e-06, 1.0, 1.264611, 0.0, 0.0, 0.0, 1.0],
                [1.0, 0.0, 0.0, 0.0, 0.0, 1.0, -1e-06, -0.604103, 0.0, 1e-06, 1.0, 1.264611, 0.0, 0.0, 0.0, 1.0],
                [1.0, 0.0, 0.0, 0.0, 0.0, 1.0, -1e-06, -0.604103, 0.0, 1e-06, 1.0, 1.264611, 0.0, 0.0, 0.0, 1.0],
                [1.0, 0.0, 0.0, 0.0, 0.0, 1.0, -1e-06, -0.604103, 0.0, 1e-06, 1.0, 1.264611, 0.0, 0.0, 0.0, 1.0],
                [1.0, 0.0, 0.0, 0.0, 0.0, 1.0, -1e-06, -0.604103, 0.0, 1e-06, 1.0, 1.264611, 0.0, 0.0, 0.0, 1.0],
                [1.0, 0.0, 0.0, 0.0, 0.0, 1.0, -1e-06, -0.604103, 0.0, 1e-06, 1.0, 1.264611, 0.0, 0.0, 0.0, 1.0],
                [1.0, 0.0, 0.0, 0.0, 0.0, 1.0, -1e-06, -0.604103, 0.0, 1e-06, 1.0, 1.264611, 0.0, 0.0, 0.0, 1.0],
                [1.0, 0.0, 0.0, 0.0, 0.0, 1.0, -1e-06, -0.604103, 0.0, 1e-06, 1.0, 1.264611, 0.0, 0.0, 0.0, 1.0],
                [1.0, 0.0, 0.0, 0.0, 0.0, 1.0, -1e-06, -0.604103, 0.0, 1e-06, 1.0, 1.264611, 0.0, 0.0, 0.0, 1.0],
                [1.0, 0.0, 0.0, 0.0, 0.0, 1.0, -1e-06, -0.604103, 0.0, 1e-06, 1.0, 1.264611, 0.0, 0.0, 0.0, 1.0]
            ]
        },
        {
            "name": "Torso",
            "time": [0.0, 0.0333, 0.0667, 0.1, 0.1333, 0.1667, 0.2, 0.2333, 0.2667, 0.3, 0.3333, 0.3667, 0.4, 0.4333, 0.4667, 0.5, 0.5333, 0.5667, 0.6, 0.6333, 0.6667, 0.7, 0.7333, 0.7667, 0.8, 0.8333, 0.8667, 0.9, 0.9333, 0.9667, 1.0, 1.0333, 1.0667, 1.1, 1.1333, 1.1667, 1.2, 1.2333, 1.2667, 1.3, 1.3333, 1.3667, 1.4, 1.4333, 1.4667, 1.5, 1.5333, 1.5667, 1.6, 1.6333, 1.6667, 1.7, 1.7333, 1.7667, 1.8, 1.8333, 1.8667, 1.9, 1.9333, 1.9667, 2.0, 2.0333, 2.0667, 2.1, 2.1333, 2.1667, 2.2, 2.2333, 2.2667, 2.3, 2.3333, 2.3667, 2.4, 2.4333, 2.4667, 2.5, 2.5333, 2.5667, 2.6, 2.6333, 2.6667, 2.7, 2.7333, 2.7667, 2.8, 2.8333, 2.8667, 2.9, 2.9333, 2.9667, 3.0, 3.0333, 3.0667, 3.1, 3.1333, 3.1667, 3.2, 3.2333, 3.2667, 3.3, 3.3333, 3.3667, 3.4, 3.4333, 3.4667, 3.5, 3.5333, 3.5667, 3.6, 3.6333, 3.6667, 3.7, 3.7333, 3.7667, 3.8, 3.8333, 3.8667, 3.9, 3.9333, 3.9667, 4.0, 4.0333, 4.0667, 4.1, 4.1333, 4.1667, 4.2, 4.2333, 4.2667, 4.3, 4.3333, 4.3667, 4.4, 4.4333, 4.4667, 4.5, 4.5333, 4.5667, 4.6, 4.6333, 4.6667, 4.7, 4.7333, 4.7667, 4.8, 4.8333, 4.8667, 4.9, 4.9333, 4.9667, 5.0, 5.0333, 5.0667, 5.1, 5.1333, 5.1667, 5.2, 5.2333, 5.2667, 5.3, 5.3333, 5.3667, 5.4, 5.4333, 5.4667, 5.5, 5.5333, 5.5667, 5.6, 5.6333, 5.6667, 5.7, 5.7333, 5.7667, 5.8, 5.8333, 5.8667, 5.9, 5.9333, 5.9667, 6.0, 6.0333, 6.0667, 6.1, 6.1333, 6.1667, 6.2, 6.2333, 6.2667, 6.3, 6.3333, 6.3667, 6.4, 6.4333, 6.4667, 6.5, 6.5333, 6.5667, 6.6, 6.6333, 6.6667, 6.7, 6.7333, 6.7667, 6.8, 6.8333, 6.8667, 6.9, 6.9333, 6.9667, 7.0, 7.0333, 7.0667],
            "transform": [
                [1.0, -0.0, 0.0, 0.0, 0.0, 0.999202, -0.03993, 0.12, -0.0, 0.03993, 0.999202, 0.0, 0.0, 0.0, 0.0, 1.0],
                [1.0, -0.0, 0.0, 0.0, 0.0, 0.999204, -0.039891, 0.12, -0.0, 0.039891, 0.999204, 0.0, 0.0, 0.0, 0.0, 1.0],
                [1.0, -0.0, 0.0, 0.0, 0.0, 0.999209, -0.039778, 0.12, -0.0, 0.039778, 0.999209, 0.0, 0.0, 0.0, 0.0, 1.0],
                [1.0, -0.0, 0.0, 0.0, 0.0, 0.999216, -0.039591, 0.12, -0.0, 0.039591, 0.999216, 0.0, 0.0, 0.0, 0.0, 1.0],
                [1.0, -0.0, 0.0, 0.0, 0.0, 0.999226, -0.039334, 0.12, -0.0, 0.039334, 0.999226, 0.0, 0.0, 0.0, 0.0, 1.0],
                [1.0, -0.0, 0.0, 0.0, 0.0, 0.999239, -0.039007, 0.12, -0.0, 0.039007, 0.999239, 0.0, 0.0, 0.0, 0.0, 1.0],
                [1.0, -0.0, 0.0, 0.0, 0.0, 0.999254, -0.038613, 0.12, -0.0, 0.038613, 0.999254, 0.0, 0.0, 0.0, 0.0, 1.0],
                [1.0, -0.0, 0.0, 0.0, 0.0, 0.999272, -0.038154, 0.12, -0.0, 0.038154, 0.999272, 0.0, 0.0, 0.0, 0.0, 1.0],
                [1.0, -0.0, 0.0, 0.0, 0.0, 0.999292, -0.037631, 0.12, -0.0, 0.037631, 0.999292, 0.0, 0.0, 0.0, 0.0, 1.0],
                [1.0, -0.0, 0.0, 0.0, 0.0, 0.999314, -0.037048, 0.12, -0.0, 0.037048, 0.999314, 0.0, 0.0, 0.0, 0.0, 1.0],
                [1.0, -0.0, 0.0, 0.0, 0.0, 0.999337, -0.036405, 0.12, -0.0, 0.036405, 0.999337, 0.0, 0.0, 0.0, 0.0, 1.0],
                [1.0, -0.0, 0.0, 0.0, 0.0, 0.999362, -0.035705, 0.12, -0.0, 0.035705, 0.999362, 0.0, 0.0, 0.0, 0.0, 1.0],
                [1.0, -0.0, 0.0, 0.0, 0.0, 0.999389, -0.03495, 0.12, -0.0, 0.03495, 0.999389, 0.0, 0.0, 0.0, 0.0, 1.0],
                [1.0, -0.0, 0.0, 0.0, 0.0, 0.999417, -0.034142, 0.12, -0.0, 0.034142, 0.999417, 0.0, 0.0, 0.0, 0.0, 1.0],
                [1.0, -0.0, 0.0, 0.0, 0.0, 0.999446, -0.033283, 0.12, -0.0, 0.033283, 0.999446, 0.0, 0.0, 0.0, 0.0, 1.0],
                [1.0, -0.0, 0.0, 0.0, 0.0, 0.999476, -0.032374, 0.12, -0.0, 0.032374, 0.999476, 0.0, 0.0, 0.0, 0.0, 1.0],
                [1.0, -0.0, 0.0, 0.0, 0.0, 0.999506, -0.031419, 0.12, -0.0, 0.031419, 0.999506, 0.0, 0.0, 0.0, 0.0, 1.0],
                [1.0, -0.0, 0.0, 0.0, 0.0, 0.999537, -0.030418, 0.12, -0.0, 0.030418, 0.999537, 0.0, 0.0, 0.0, 0.0, 1.0],
                [1.0, -0.0, 0.0, 0.0, 0.0, 0.999568, -0.029374, 0.12, -0.0, 0.029374, 0.999568, 0.0, 0.0, 0.0, 0.0, 1.0],
                [1.0, -0.0, 0.0, 0.0, 0.0, 0.9996, -0.028289, 0.12, -0.0, 0.028289, 0.9996, 0.0, 0.0, 0.0, 0.0, 1.0],
                [1.0, -0.0, 0.0, 0.0, 0.0, 0.999631, -0.027164, 0.12, -0.0, 0.027164, 0.999631, 0.0, 0.0, 0.0, 0.0, 1.0],
                [1.0, -0.0, 0.0, 0.0, 0.0, 0.999662, -0.026003, 0.12, -0.0, 0.026003, 0.999662, 0.0, 0.0, 0.0, 0.0, 1.0],
                [1.0, -0.0, 0.0, 0.0, 0.0, 0.999692, -0.024806, 0.12, -0.0, 0.024806, 0.999692, 0.0, 0.0, 0.0, 0.0, 1.0],
                [1.0, -0.0, 0.0, 0.0, 0.0, 0.999722, -0.023576, 0.12, -0.0, 0.023576, 0.999722, 0.0, 0.0, 0.0, 0.0, 1.0],
                [1.0, -0.0, 0.0, 0.0, 0.0, 0.999751, -0.022316, 0.12, -0.0, 0.022316, 0.999751, 0.0, 0.0, 0.0, 0.0, 1.0],
                [1.0, -0.0, 0.0, 0.0, 0.0, 0.999779, -0.021026, 0.12, -0.0, 0.021026, 0.999779, 0.0, 0.0, 0.0, 0.0, 1.0],
                [1.0, -0.0, 0.0, 0.0, 0.0, 0.999806, -0.019708, 0.12, -0.0, 0.019708, 0.999806, 0.0, 0.0, 0.0, 0.0, 1.0],
                [1.0, -0.0, 0.0, 0.0, 0.0, 0.999831, -0.018366, 0.12, -0.0, 0.018366, 0.999831, 0.0, 0.0, 0.0, 0.0, 1.0],
                [1.0, -0.0, 0.0, 0.0, 0.0, 0.999855, -0.017001, 0.12, -0.0, 0.017001, 0.999855, 0.0, 0.0, 0.0, 0.0, 1.0],
                [1.0, -0.0, 0.0, 0.0, 0.0, 0.999878, -0.015614, 0.12, -0.0, 0.015614, 0.999878, 0.0, 0.0, 0.0, 0.0, 1.0],
                [1.0, -0.0, 0.0, 0.0, 0.0, 0.999899, -0.014208, 0.12, -0.0, 0.014208, 0.999899, 0.0, 0.0, 0.0, 0.0, 1.0],
                [1.0, -0.0, 0.0, 0.0, 0.0, 0.999918, -0.012786, 0.12, -0.0, 0.012786, 0.999918, 0.0, 0.0, 0.0, 0.0, 1.0],
                [1.0, -0.0, 0.0, 0.0, 0.0, 0.999936, -0.011348, 0.12, -0.0, 0.011348, 0.999936, 0.0, 0.0, 0.0, 0.0, 1.0],
                [1.0, -0.0, 0.0, 0.0, 0.0, 0.999951, -0.009897, 0.12, -0.0, 0.009897, 0.999951, 0.0, 0.0, 0.0, 0.0, 1.0],
                [1.0, -0.0, 0.0, 0.0, 0.0, 0.999964, -0.008435, 0.12, -0.0, 0.008435, 0.999964, 0.0, 0.0, 0.0, 0.0, 1.0],
                [1.0, -0.0, 0.0, 0.0, 0.0, 0.999976, -0.006964, 0.12, -0.0, 0.006964, 0.999976, 0.0, 0.0, 0.0, 0.0, 1.0],
                [1.0, -0.0, 0.0, 0.0, 0.0, 0.999985, -0.005486, 0.12, -0.0, 0.005486, 0.999985, 0.0, 0.0, 0.0, 0.0, 1.0],
                [1.0, -0.0, 0.0, 0.0, 0.0, 0.999992, -0.004003, 0.12, -0.0, 0.004003, 0.999992, 0.0, 0.0, 0.0, 0.0, 1.0],
                [1.0, -0.0, 0.0, 0.0, 0.0, 0.999997, -0.002516, 0.12, -0.0, 0.002516, 0.999997, 0.0, 0.0, 0.0, 0.0, 1.0],
                [1.0, -0.0, 0.0, 0.0, 0.0, 0.999999, -0.001029, 0.12, -0.0, 0.001029, 0.999999, 0.0, 0.0, 0.0, 0.0, 1.0],
                [1.0, -0.0, 0.0, 0.0, 0.0, 1.0, 0.000457, 0.12, -0.0, -0.000457, 1.0, 0.0, 0.0, 0.0, 0.0, 1.0],
                [1.0, -0.0, 0.0, 0.0, 0.0, 0.999998, 0.00194, 0.12, -0.0, -0.00194, 0.999998, 0.0, 0.0, 0.0, 0.0, 1.0],
                [1.0, -0.0, 0.0, 0.0, 0.0, 0.999994, 0.003418, 0.12, -0.0, -0.003418, 0.999994, 0.0, 0.0, 0.0, 0.0, 1.0],
                [1.0, -0.0, 0.0, 0.0, 0.0, 0.999988, 0.004889, 0.12, -0.0, -0.004889, 0.999988, 0.0, 0.0, 0.0, 0.0, 1.0],
                [1.0, -0.0, 0.0, 0.0, 0.0, 0.99998, 0.006351, 0.12, -0.0, -0.006351, 0.99998, 0.0, 0.0, 0.0, 0.0, 1.0],
                [1.0, -0.0, 0.0, 0.0, 0.0, 0.99997, 0.007802, 0.12, -0.0, -0.007802, 0.99997, 0.0, 0.0, 0.0, 0.0, 1.0],
                [1.0, -0.0, 0.0, 0.0, 0.0, 0.999957, 0.00924, 0.12, -0.0, -0.00924, 0.999957, 0.0, 0.0, 0.0, 0.0, 1.0],
                [1.0, -0.0, 0.0, 0.0, 0.0, 0.999943, 0.010663, 0.12, -0.0, -0.010663, 0.999943, 0.0, 0.0, 0.0, 0.0, 1.0],
                [1.0, -0.0, 0.0, 0.0, 0.0, 0.999927, 0.012069, 0.12, -0.0, -0.012069, 0.999927, 0.0, 0.0, 0.0, 0.0, 1.0],
                [1.0, -0.0, 0.0, 0.0, 0.0, 0.999909, 0.013455, 0.12, -0.0, -0.013455, 0.999909, 0.0, 0.0, 0.0, 0.0, 1.0],
                [1.0, -0.0, 0.0, 0.0, 0.0, 0.99989, 0.014821, 0.12, -0.0, -0.014821, 0.99989, 0.0, 0.0, 0.0, 0.0, 1.0],
                [1.0, -0.0, 0.0, 0.0, 0.0, 0.999869, 0.016163, 0.12, -0.0, -0.016163, 0.999869, 0.0, 0.0, 0.0, 0.0, 1.0],
                [1.0, -0.0, 0.0, 0.0, 0.0, 0.999847, 0.017481, 0.12, -0.0, -0.017481, 0.999847, 0.0, 0.0, 0.0, 0.0, 1.0],
                [1.0, -0.0, 0.0, 0.0, 0.0, 0.999824, 0.018771, 0.12, -0.0, -0.018771, 0.999824, 0.0, 0.0, 0.0, 0.0, 1.0],
                [1.0, -0.0, 0.0, 0.0, 0.0, 0.999799, 0.020032, 0.12, -0.0, -0.020032, 0.999799, 0.0, 0.0, 0.0, 0.0, 1.0],
                [1.0, -0.0, 0.0, 0.0, 0.0, 0.999774, 0.021262, 0.12, -0.0, -0.021262, 0.999774, 0.0, 0.0, 0.0, 0.0, 1.0],
                [1.0, -0.0, 0.0, 0.0, 0.0, 0.999748, 0.022458, 0.12, -0.0, -0.022458, 0.999748, 0.0, 0.0, 0.0, 0.0, 1.0],
                [1.0, -0.0, 0.0, 0.0, 0.0, 0.999721, 0.02362, 0.12, -0.0, -0.02362, 0.999721, 0.0, 0.0, 0.0, 0.0, 1.0],
                [1.0, -0.0, 0.0, 0.0, 0.0, 0.999694, 0.024744, 0.12, -0.0, -0.024744, 0.999694, 0.0, 0.0, 0.0, 0.0, 1.0],
                [1.0, -0.0, 0.0, 0.0, 0.0, 0.999666, 0.02583, 0.12, -0.0, -0.02583, 0.999666, 0.0, 0.0, 0.0, 0.0, 1.0],
                [1.0, -0.0, 0.0, 0.0, 0.0, 0.999639, 0.026874, 0.12, -0.0, -0.026874, 0.999639, 0.0, 0.0, 0.0, 0.0, 1.0],
                [1.0, -0.0, 0.0, 0.0, 0.0, 0.999611, 0.027875, 0.12, -0.0, -0.027875, 0.999611, 0.0, 0.0, 0.0, 0.0, 1.0],
                [1.0, -0.0, 0.0, 0.0, 0.0, 0.999584, 0.02883, 0.12, -0.0, -0.02883, 0.999584, 0.0, 0.0, 0.0, 0.0, 1.0],
                [1.0, -0.0, 0.0, 0.0, 0.0, 0.999558, 0.029739, 0.12, -0.0, -0.029739, 0.999558, 0.0, 0.0, 0.0, 0.0, 1.0],
                [1.0, -0.0, 0.0, 0.0, 0.0, 0.999532, 0.030598, 0.12, -0.0, -0.030598, 0.999532, 0.0, 0.0, 0.0, 0.0, 1.0],
                [1.0, -0.0, 0.0, 0.0, 0.0, 0.999507, 0.031407, 0.12, -0.0, -0.031407, 0.999507, 0.0, 0.0, 0.0, 0.0, 1.0],
                [1.0, -0.0, 0.0, 0.0, 0.0, 0.999483, 0.032162, 0.12, -0.0, -0.032162, 0.999483, 0.0, 0.0, 0.0, 0.0, 1.0],
                [1.0, -0.0, 0.0, 0.0, 0.0, 0.99946, 0.032862, 0.12, -0.0, -0.032862, 0.99946, 0.0, 0.0, 0.0, 0.0, 1.0],
                [1.0, -0.0, 0.0, 0.0, 0.0, 0.999439, 0.033505, 0.12, -0.0, -0.033505, 0.999439, 0.0, 0.0, 0.0, 0.0, 1.0],
                [1.0, -0.0, 0.0, 0.0, 0.0, 0.999419, 0.034088, 0.12, -0.0, -0.034088, 0.999419, 0.0, 0.0, 0.0, 0.0, 1.0],
                [1.0, -0.0, 0.0, 0.0, 0.0, 0.999401, 0.034611, 0.12, -0.0, -0.034611, 0.999401, 0.0, 0.0, 0.0, 0.0, 1.0],
                [1.0, -0.0, 0.0, 0.0, 0.0, 0.999385, 0.03507, 0.12, -0.0, -0.03507, 0.999385, 0.0, 0.0, 0.0, 0.0, 1.0],
                [1.0, -0.0, 0.0, 0.0, 0.0, 0.999371, 0.035464, 0.12, -0.0, -0.035464, 0.999371, 0.0, 0.0, 0.0, 0.0, 1.0],
                [1.0, -0.0, 0.0, 0.0, 0.0, 0.999359, 0.035791, 0.12, -0.0, -0.035791, 0.999359, 0.0, 0.0, 0.0, 0.0, 1.0],
                [1.0, -0.0, 0.0, 0.0, 0.0, 0.99935, 0.036048, 0.12, -0.0, -0.036048, 0.99935, 0.0, 0.0, 0.0, 0.0, 1.0],
                [1.0, -0.0, 0.0, 0.0, 0.0, 0.999343, 0.036235, 0.12, -0.0, -0.036235, 0.999343, 0.0, 0.0, 0.0, 0.0, 1.0],
                [1.0, -0.0, 0.0, 0.0, 0.0, 0.999339, 0.036348, 0.12, -0.0, -0.036348, 0.999339, 0.0, 0.0, 0.0, 0.0, 1.0],
                [1.0, -0.0, 0.0, 0.0, 0.0, 0.999338, 0.036387, 0.12, -0.0, -0.036387, 0.999338, 0.0, 0.0, 0.0, 0.0, 1.0],
                [1.0, -0.0, 0.0, 0.0, 0.0, 0.999338, 0.036381, 0.12, -0.0, -0.036381, 0.999338, 0.0, 0.0, 0.0, 0.0, 1.0],
                [1.0, -0.0, 0.0, 0.0, 0.0, 0.999339, 0.036364, 0.12, -0.0, -0.036364, 0.999339, 0.0, 0.0, 0.0, 0.0, 1.0],
                [1.0, -0.0, 0.0, 0.0, 0.0, 0.99934, 0.036337, 0.12, -0.0, -0.036337, 0.99934, 0.0, 0.0, 0.0, 0.0, 1.0],
                [1.0, -0.0, 0.0, 0.0, 0.0, 0.999341, 0.036298, 0.12, -0.0, -0.036298, 0.999341, 0.0, 0.0, 0.0, 0.0, 1.0],
                [1.0, -0.0, 0.0, 0.0, 0.0, 0.999343, 0.036248, 0.12, -0.0, -0.036248, 0.999343, 0.0, 0.0, 0.0, 0.0, 1.0],
                [1.0, -0.0, 0.0, 0.0, 0.0, 0.999345, 0.036186, 0.12, -0.0, -0.036186, 0.999345, 0.0, 0.0, 0.0, 0.0, 1.0],
                [1.0, -0.0, 0.0, 0.0, 0.0, 0.999348, 0.036114, 0.12, -0.0, -0.036114, 0.999348, 0.0, 0.0, 0.0, 0.0, 1.0],
                [1.0, -0.0, 0.0, 0.0, 0.0, 0.999351, 0.036031, 0.12, -0.0, -0.036031, 0.999351, 0.0, 0.0, 0.0, 0.0, 1.0],
                [1.0, -0.0, 0.0, 0.0, 0.0, 0.999354, 0.035936, 0.12, -0.0, -0.035936, 0.999354, 0.0, 0.0, 0.0, 0.0, 1.0],
                [1.0, -0.0, 0.0, 0.0, 0.0, 0.999358, 0.03583, 0.12, -0.0, -0.03583, 0.999358, 0.0, 0.0, 0.0, 0.0, 1.0],
                [1.0, -0.0, 0.0, 0.0, 0.0, 0.999362, 0.035713, 0.12, -0.0, -0.035713, 0.999362, 0.0, 0.0, 0.0, 0.0, 1.0],
                [1.0, -0.0, 0.0, 0.0, 0.0, 0.999367, 0.035585, 0.12, -0.0, -0.035585, 0.999367, 0.0, 0.0, 0.0, 0.0, 1.0],
                [1.0, -0.0, 0.0, 0.0, 0.0, 0.999372, 0.035446, 0.12, -0.0, -0.035446, 0.999372, 0.0, 0.0, 0.0, 0.0, 1.0],
                [1.0, -0.0, 0.0, 0.0, 0.0, 0.999377, 0.035296, 0.12, -0.0, -0.035296, 0.999377, 0.0, 0.0, 0.0, 0.0, 1.0],
                [1.0, -0.0, 0.0, 0.0, 0.0, 0.999383, 0.035134, 0.12, -0.0, -0.035134, 0.999383, 0.0, 0.0, 0.0, 0.0, 1.0],
                [1.0, -0.0, 0.0, 0.0, 0.0, 0.999389, 0.034961, 0.12, -0.0, -0.034961, 0.999389, 0.0, 0.0, 0.0, 0.0, 1.0],
                [1.0, -0.0, 0.0, 0.0, 0.0, 0.999395, 0.034777, 0.12, -0.0, -0.034777, 0.999395, 0.0, 0.0, 0.0, 0.0, 1.0],
                [1.0, -0.0, 0.0, 0.0, 0.0, 0.999402, 0.034582, 0.12, -0.0, -0.034582, 0.999402, 0.0, 0.0, 0.0, 0.0, 1.0],
                [1.0, -0.0, 0.0, 0.0, 0.0, 0.999409, 0.034376, 0.12, -0.0, -0.034376, 0.999409, 0.0, 0.0, 0.0, 0.0, 1.0],
                [1.0, -0.0, 0.0, 0.0, 0.0, 0.999416, 0.034158, 0.12, -0.0, -0.034158, 0.999416, 0.0, 0.0, 0.0, 0.0, 1.0],
                [1.0, -0.0, 0.0, 0.0, 0.0, 0.999424, 0.033929, 0.12, -0.0, -0.033929, 0.999424, 0.0, 0.0, 0.0, 0.0, 1.0],
                [1.0, -0.0, 0.0, 0.0, 0.0, 0.999432, 0.033689, 0.12, -0.0, -0.033689, 0.999432, 0.0, 0.0, 0.0, 0.0, 1.0],
                [1.0, -0.0, 0.0, 0.0, 0.0, 0.999441, 0.033438, 0.12, -0.0, -0.033438, 0.999441, 0.0, 0.0, 0.0, 0.0, 1.0],
                [1.0, -0.0, 0.0, 0.0, 0.0, 0.99945, 0.033175, 0.12, -0.0, -0.033175, 0.99945, 0.0, 0.0, 0.0, 0.0, 1.0],
