{
    "animation": [
        {
            "name": "Root",
            "time": [0.0, 2.4],
            "transform": [
                [1.0, 0.0, 0.0, 0.0, 0.0, 1.0, -1e-06, -0.604103, 0.0, 1e-06, 1.0, 1.264611, 0.0, 0.0, 0.0, 1.0],
                [1.0, 0.0, 0.0, 0.0, 0.0, 1.0, -1e-06, -0.604103, 0.0, 1e-06, 1.0, 1.264611, 0.0, 0.0, 0.0, 1.0]
            ]
        },
        {
            "name": "Torso",
            "time": [0.0, 2.4],
            "transform": [
                [1.0, -0.0, 0.0, 0.0, 0.0, 0.999202, -0.03993, 0.12, -0.0, 0.03993, 0.999202, 0.0, 0.0, 0.0, 0.0, 1.0],
                [1.0, -0.0, 0.0, 0.0, 0.0, 0.999202, -0.03993, 0.12, -0.0, 0.03993, 0.999202, 0.0, 0.0, 0.0, 0.0, 1.0]
            ]
        },
        {
            "name": "Chest",
            "time": [0.0, 2.4],
            "transform": [
                [1.0, 0.0, -0.0, 0.0, 0.0, 0.996195, 0.087156, 0.48, 0.0, -0.087156, 0.996195, -0.0, 0.0, 0.0, 0.0, 1.0],
                [1.0, 0.0, -0.0, 0.0, 0.0, 0.996195, 0.087156, 0.48, 0.0, -0.087156, 0.996195, -0.0, 0.0, 0.0, 0.0, 1.0]
            ]
        },
        {
            "name": "Neck",
            "time": [0.0, 2.4],
            "transform": [
                [1.0, -0.0, 1e-06, 0.0, 1e-06, 0.386377, -0.922341, 0.6, -1e-06, 0.922341, 0.386377, -0.0, 0.0, 0.0, 0.0, 1.0],
                [1.0, -0.0, 1e-06, 0.0, 1e-06, 0.386377, -0.922341, 0.6, -1e-06, 0.922341, 0.386377, -0.0, 0.0, 0.0, 0.0, 1.0]
            ]
        },
        {
            "name": "Neck_Upper",
            "time": [0.0, 2.4],
            "transform": [
                [1.0, 0.000347, -3e-06, 0.0, -0.000337, 0.972082, 0.234639, 0.202995, 8.5e-05, -0.234639, 0.972082, 0.0, 0.0, 0.0, 0.0, 1.0],
                [1.0, 0.000347, -3e-06, 0.0, -0.000337, 0.972082, 0.234639, 0.202995, 8.5e-05, -0.234639, 0.972082, 0.0, 0.0, 0.0, 0.0, 1.0]
            ]
        },
        {
            "name": "Head",
            "time": [0.0, 0.0333, 0.0667, 0.1, 0.1333, 0.1667, 0.2, 0.2333, 0.2667, 0.3, 0.3333, 0.3667, 0.4, 0.4333, 0.4667, 0.5, 0.5333, 0.5667, 0.6, 0.6333, 0.6667, 0.7, 0.7333, 0.7667, 0.8, 0.8333, 0.8667, 0.9, 0.9333, 0.9667, 1.0, 1.0333, 1.0667, 1.1, 1.1333, 1.1667, 1.2, 1.2333, 1.2667, 1.3, 1.3333, 1.3667, 1.4, 1.4333, 1.4667, 1.5, 1.5333, 1.5667, 1.6, 1.6333, 1.6667, 1.7, 1.7333, 1.7667, 1.8, 1.8333, 1.8667, 1.9, 1.9333, 1.9667, 2.0, 2.0333, 2.0667, 2.1, 2.1333, 2.1667, 2.2, 2.2333, 2.2667, 2.3, 2.3333, 2.3667, 2.4],
            "transform": [
                [1.0, -0.000479, -0.000352, 0.0, 0.000294, -0.116485, 0.993192, 0.349907, -0.000517, -0.993192, -0.116484, -0.0, 0.0, 0.0, 0.0, 1.0],
                [1.0, -0.000479, -0.000352, 0.0, 0.000294, -0.116444, 0.993197, 0.349907, -0.000517, -0.993197, -0.116444, -0.0, 0.0, 0.0, 0.0, 1.0],
                [1.0, -0.000479, -0.000352, 0.0, 0.000294, -0.116323, 0.993211, 0.349907, -0.000517, -0.993211, -0.116323, -0.0, 0.0, 0.0, 0.0, 1.0],
                [1.0, -0.000479, -0.000352, 0.0, 0.000294, -0.116127, 0.993234, 0.349907, -0.000517, -0.993234, -0.116126, -0.0, 0.0, 0.0, 0.0, 1.0],
                [1.0, -0.000479, -0.000352, 0.0, 0.000294, -0.115857, 0.993266, 0.349907, -0.000517, -0.993266, -0.115857, -0.0, 0.0, 0.0, 0.0, 1.0],
                [1.0, -0.000479, -0.000352, 0.0, 0.000294, -0.115518, 0.993305, 0.349907, -0.000517, -0.993305, -0.115518, -0.0, 0.0, 0.0, 0.0, 1.0],
                [1.0, -0.00048, -0.000351, 0.0, 0.000294, -0.115113, 0.993352, 0.349907, -0.000517, -0.993352, -0.115113, -0.0, 0.0, 0.0, 0.0, 1.0],
                [1.0, -0.00048, -0.000351, 0.0, 0.000294, -0.114646, 0.993406, 0.349907, -0.000517, -0.993406, -0.114646, -0.0, 0.0, 0.0, 0.0, 1.0],
                [1.0, -0.00048, -0.000351, 0.0, 0.000294, -0.114119, 0.993467, 0.349907, -0.000517, -0.993467, -0.114119, -0.0, 0.0, 0.0, 0.0, 1.0],
                [1.0, -0.00048, -0.000351, 0.0, 0.000294, -0.113536, 0.993534, 0.349907, -0.000517, -0.993534, -0.113536, -0.0, 0.0, 0.0, 0.0, 1.0],
                [1.0, -0.00048, -0.00035, 0.0, 0.000294, -0.112901, 0.993606, 0.349907, -0.000517, -0.993606, -0.112901, -0.0, 0.0, 0.0, 0.0, 1.0],
                [1.0, -0.000481, -0.00035, 0.0, 0.000294, -0.112216, 0.993684, 0.349907, -0.000517, -0.993684, -0.112216, -0.0, 0.0, 0.0, 0.0, 1.0],
                [1.0, -0.000481, -0.00035, 0.0, 0.000294, -0.111486, 0.993766, 0.349907, -0.000517, -0.993766, -0.111486, -0.0, 0.0, 0.0, 0.0, 1.0],
                [1.0, -0.000481, -0.000349, 0.0, 0.000294, -0.110713, 0.993852, 0.349907, -0.000517, -0.993852, -0.110713, -0.0, 0.0, 0.0, 0.0, 1.0],
                [1.0, -0.000481, -0.000349, 0.0, 0.000294, -0.109901, 0.993942, 0.349907, -0.000517, -0.993942, -0.109901, -0.0, 0.0, 0.0, 0.0, 1.0],
                [1.0, -0.000482, -0.000348, 0.0, 0.000294, -0.109054, 0.994036, 0.349907, -0.000517, -0.994036, -0.109054, -0.0, 0.0, 0.0, 0.0, 1.0],
                [1.0, -0.000482, -0.000348, 0.0, 0.000294, -0.108174, 0.994132, 0.349907, -0.000517, -0.994132, -0.108174, -0.0, 0.0, 0.0, 0.0, 1.0],
                [1.0, -0.000482, -0.000348, 0.0, 0.000294, -0.107266, 0.99423, 0.349907, -0.000517, -0.99423, -0.107266, -0.0, 0.0, 0.0, 0.0, 1.0],
                [1.0, -0.000483, -0.000347, 0.0, 0.000294, -0.106332, 0.994331, 0.349907, -0.000517, -0.994331, -0.106332, -0.0, 0.0, 0.0, 0.0, 1.0],
                [1.0, -0.000483, -0.000347, 0.0, 0.000294, -0.105376, 0.994432, 0.349907, -0.000517, -0.994432, -0.105375, -0.0, 0.0, 0.0, 0.0, 1.0],
                [1.0, -0.000483, -0.000346, 0.0, 0.000294, -0.104401, 0.994535, 0.349907, -0.000517, -0.994535, -0.1044, -0.0, 0.0, 0.0, 0.0, 1.0],
                [1.0, -0.000484, -0.000346, 0.0, 0.000294, -0.10341, 0.994639, 0.349907, -0.000517, -0.994639, -0.10341, -0.0, 0.0, 0.0, 0.0, 1.0],
                [1.0, -0.000484, -0.000345, 0.0, 0.000294, -0.102408, 0.994742, 0.349907, -0.000517, -0.994742, -0.102408, -0.0, 0.0, 0.0, 0.0, 1.0],
                [1.0, -0.000484, -0.000345, 0.0, 0.000294, -0.101397, 0.994846, 0.349907, -0.000517, -0.994846, -0.101397, -0.0, 0.0, 0.0, 0.0, 1.0],
                [1.0, -0.000485, -0.000344, 0.0, 0.000294, -0.100381, 0.994949, 0.349907, -0.000517, -0.994949, -0.100381, -0.0, 0.0, 0.0, 0.0, 1.0],
                [1.0, -0.000485, -0.000344, 0.0, 0.000294, -0.099363, 0.995051, 0.349907, -0.000517, -0.995051, -0.099363, -0.0, 0.0, 0.0, 0.0, 1.0],
                [1.0, -0.000485, -0.000343, 0.0, 0.000294, -0.098347, 0.995152, 0.349907, -0.000517, -0.995152, -0.098347, -0.0, 0.0, 0.0, 0.0, 1.0],
                [1.0, -0.000486, -0.000343, 0.0, 0.000294, -0.097336, 0.995252, 0.349907, -0.000517, -0.995251, -0.097335, -0.0, 0.0, 0.0, 0.0, 1.0],
                [1.0, -0.000486, -0.000342, 0.0, 0.000294, -0.096333, 0.995349, 0.349907, -0.000517, -0.995349, -0.096332, -0.0, 0.0, 0.0, 0.0, 1.0],
                [1.0, -0.000486, -0.000342, 0.0, 0.000294, -0.095341, 0.995445, 0.349907, -0.000517, -0.995444, -0.095341, -0.0, 0.0, 0.0, 0.0, 1.0],
                [1.0, -0.000487, -0.000341, 0.0, 0.000294, -0.094366, 0.995538, 0.349907, -0.000517, -0.995537, -0.094365, -0.0, 0.0, 0.0, 0.0, 1.0],
                [1.0, -0.000487, -0.000341, 0.0, 0.000294, -0.093408, 0.995628, 0.349907, -0.000517, -0.995628, -0.093408, -0.0, 0.0, 0.0, 0.0, 1.0],
                [1.0, -0.000487, -0.00034, 0.0, 0.000294, -0.092473, 0.995715, 0.349907, -0.000517, -0.995715, -0.092473, -0.0, 0.0, 0.0, 0.0, 1.0],
                [1.0, -0.000488, -0.00034, 0.0, 0.000294, -0.091563, 0.995799, 0.349907, -0.000517, -0.995799, -0.091563, -0.0, 0.0, 0.0, 0.0, 1.0],
                [1.0, -0.000488, -0.000339, 0.0, 0.000294, -0.090682, 0.99588, 0.349907, -0.000517, -0.99588, -0.090681, -0.0, 0.0, 0.0, 0.0, 1.0],
                [1.0, -0.000488, -0.000339, 0.0, 0.000294, -0.089832, 0.995957, 0.349907, -0.000517, -0.995957, -0.089832, -0.0, 0.0, 0.0, 0.0, 1.0],
                [1.0, -0.000489, -0.000339, 0.0, 0.000294, -0.089019, 0.99603, 0.349907, -0.000517, -0.99603, -0.089019, -0.0, 0.0, 0.0, 0.0, 1.0],
                [1.0, -0.000489, -0.000338, 0.0, 0.000294, -0.088245, 0.996099, 0.349907, -0.000517, -0.996099, -0.088244, -0.0, 0.0, 0.0, 0.0, 1.0],
                [1.0, -0.000489, -0.000338, 0.0, 0.000294, -0.087513, 0.996163, 0.349907, -0.000517, -0.996163, -0.087512, -0.0, 0.0, 0.0, 0.0, 1.0],
                [1.0, -0.000489, -0.000338, 0.0, 0.000294, -0.086826, 0.996223, 0.349907, -0.000517, -0.996223, -0.086826, -0.0, 0.0, 0.0, 0.0, 1.0],
                [1.0, -0.00049, -0.000337, 0.0, 0.000294, -0.086189, 0.996279, 0.349907, -0.000517, -0.996279, -0.086189, -0.0, 0.0, 0.0, 0.0, 1.0],
                [1.0, -0.00049, -0.000337, 0.0, 0.000294, -0.085605, 0.996329, 0.349907, -0.000517, -0.996329, -0.085605, -0.0, 0.0, 0.0, 0.0, 1.0],
                [1.0, -0.00049, -0.000337, 0.0, 0.000294, -0.085076, 0.996374, 0.349907, -0.000517, -0.996374, -0.085076, -0.0, 0.0, 0.0, 0.0, 1.0],
                [1.0, -0.00049, -0.000337, 0.0, 0.000294, -0.084607, 0.996414, 0.349907, -0.000517, -0.996414, -0.084607, -0.0, 0.0, 0.0, 0.0, 1.0],
                [1.0, -0.00049, -0.000336, 0.0, 0.000294, -0.084201, 0.996449, 0.349907, -0.000517, -0.996449, -0.084201, -0.0, 0.0, 0.0, 0.0, 1.0],
                [1.0, -0.00049, -0.000336, 0.0, 0.000294, -0.083861, 0.996477, 0.349907, -0.000517, -0.996477, -0.083861, -0.0, 0.0, 0.0, 0.0, 1.0],
                [1.0, -0.00049, -0.000336, 0.0, 0.000294, -0.083591, 0.9965, 0.349907, -0.000517, -0.9965, -0.083591, -0.0, 0.0, 0.0, 0.0, 1.0],
                [1.0, -0.000491, -0.000336, 0.0, 0.000294, -0.083394, 0.996517, 0.349907, -0.000517, -0.996517, -0.083393, -0.0, 0.0, 0.0, 0.0, 1.0],
                [1.0, -0.000491, -0.000336, 0.0, 0.000294, -0.083273, 0.996527, 0.349907, -0.000517, -0.996527, -0.083273, -0.0, 0.0, 0.0, 0.0, 1.0],
                [1.0, -0.000491, -0.000336, 0.0, 0.000294, -0.083232, 0.99653, 0.349907, -0.000517, -0.99653, -0.083231, -0.0, 0.0, 0.0, 0.0, 1.0],
                [1.0, -0.000491, -0.000336, 0.0, 0.000294, -0.083415, 0.996515, 0.349907, -0.000517, -0.996515, -0.083415, -0.0, 0.0, 0.0, 0.0, 1.0],
                [1.0, -0.00049, -0.000336, 0.0, 0.000294, -0.083943, 0.996471, 0.349907, -0.000517, -0.99647, -0.083943, -0.0, 0.0, 0.0, 0.0, 1.0],
                [1.0, -0.00049, -0.000337, 0.0, 0.000294, -0.084784, 0.996399, 0.349907, -0.000517, -0.996399, -0.084783, -0.0, 0.0, 0.0, 0.0, 1.0],
                [1.0, -0.00049, -0.000337, 0.0, 0.000294, -0.085903, 0.996303, 0.349907, -0.000517, -0.996303, -0.085903, -0.0, 0.0, 0.0, 0.0, 1.0],
                [1.0, -0.000489, -0.000338, 0.0, 0.000294, -0.087268, 0.996185, 0.349907, -0.000517, -0.996185, -0.087268, -0.0, 0.0, 0.0, 0.0, 1.0],
                [1.0, -0.000489, -0.000339, 0.0, 0.000294, -0.088847, 0.996045, 0.349907, -0.000517, -0.996045, -0.088847, -0.0, 0.0, 0.0, 0.0, 1.0],
                [1.0, -0.000488, -0.000339, 0.0, 0.000294, -0.090606, 0.995887, 0.349907, -0.000517, -0.995887, -0.090606, -0.0, 0.0, 0.0, 0.0, 1.0],
                [1.0, -0.000487, -0.00034, 0.0, 0.000294, -0.092513, 0.995711, 0.349907, -0.000517, -0.995711, -0.092513, -0.0, 0.0, 0.0, 0.0, 1.0],
                [1.0, -0.000487, -0.000341, 0.0, 0.000294, -0.094534, 0.995522, 0.349907, -0.000517, -0.995521, -0.094534, -0.0, 0.0, 0.0, 0.0, 1.0],
                [1.0, -0.000486, -0.000342, 0.0, 0.000294, -0.096637, 0.99532, 0.349907, -0.000517, -0.99532, -0.096637, -0.0, 0.0, 0.0, 0.0, 1.0],
                [1.0, -0.000485, -0.000343, 0.0, 0.000294, -0.098788, 0.995108, 0.349907, -0.000517, -0.995108, -0.098788, -0.0, 0.0, 0.0, 0.0, 1.0],
                [1.0, -0.000485, -0.000345, 0.0, 0.000294, -0.100956, 0.994891, 0.349907, -0.000517, -0.994891, -0.100956, -0.0, 0.0, 0.0, 0.0, 1.0],
                [1.0, -0.000484, -0.000346, 0.0, 0.000294, -0.103106, 0.99467, 0.349907, -0.000517, -0.99467, -0.103106, -0.0, 0.0, 0.0, 0.0, 1.0],
                [1.0, -0.000483, -0.000347, 0.0, 0.000294, -0.105207, 0.99445, 0.349907, -0.000517, -0.99445, -0.105207, -0.0, 0.0, 0.0, 0.0, 1.0],
                [1.0, -0.000482, -0.000348, 0.0, 0.000294, -0.107226, 0.994235, 0.349907, -0.000517, -0.994235, -0.107226, -0.0, 0.0, 0.0, 0.0, 1.0],
                [1.0, -0.000482, -0.000348, 0.0, 0.000294, -0.109129, 0.994027, 0.349907, -0.000517, -0.994027, -0.109129, -0.0, 0.0, 0.0, 0.0, 1.0],
                [1.0, -0.000481, -0.000349, 0.0, 0.000294, -0.110885, 0.993833, 0.349907, -0.000517, -0.993833, -0.110885, -0.0, 0.0, 0.0, 0.0, 1.0],
                [1.0, -0.00048, -0.00035, 0.0, 0.000294, -0.11246, 0.993656, 0.349907, -0.000517, -0.993656, -0.112459, -0.0, 0.0, 0.0, 0.0, 1.0],
                [1.0, -0.00048, -0.000351, 0.0, 0.000294, -0.113822, 0.993501, 0.349907, -0.000517, -0.993501, -0.113821, -0.0, 0.0, 0.0, 0.0, 1.0],
                [1.0, -0.00048, -0.000351, 0.0, 0.000294, -0.114938, 0.993373, 0.349907, -0.000517, -0.993372, -0.114938, -0.0, 0.0, 0.0, 0.0, 1.0],
                [1.0, -0.000479, -0.000352, 0.0, 0.000294, -0.115775, 0.993275, 0.349907, -0.000517, -0.993275, -0.115775, -0.0, 0.0, 0.0, 0.0, 1.0],
                [1.0, -0.000479, -0.000352, 0.0, 0.000294, -0.116302, 0.993214, 0.349907, -0.000517, -0.993214, -0.116302, -0.0, 0.0, 0.0, 0.0, 1.0],
                [1.0, -0.000479, -0.000352, 0.0, 0.000294, -0.116485, 0.993192, 0.349907, -0.000517, -0.993192, -0.116484, -0.0, 0.0, 0.0, 0.0, 1.0]
            ]
        },
        {
            "name": "Snout",
            "time": [0.0, 2.4],
            "transform": [
                [1.0, 0.000516, -4.3e-05, 0.0, -0.000517, 0.995168, -0.098181, 0.234634, -8e-06, 0.098181, 0.995169, 0.0, 0.0, 0.0, 0.0, 1.0],
                [1.0, 0.000516, -4.3e-05, 0.0, -0.000517, 0.995168, -0.098181, 0.234634, -8e-06, 0.098181, 0.995169, 0.0, 0.0, 0.0, 0.0, 1.0]
            ]
        },
        {
            "name": "Jaw",
            "time": [0.0, 0.0333, 0.0667, 0.1, 0.1333, 0.1667, 0.2, 0.2333, 0.2667, 0.3, 0.3333, 0.3667, 0.4, 0.4333, 0.4667, 0.5, 0.5333, 0.5667, 0.6, 0.6333, 0.6667, 0.7, 0.7333, 0.7667, 0.8, 0.8333, 0.8667, 0.9, 0.9333, 0.9667, 1.0, 1.0333, 1.0667, 1.1, 1.1333, 1.1667, 1.2, 1.2333, 1.2667, 1.3, 1.3333, 1.3667, 1.4, 1.4333, 1.4667, 1.5, 1.5333, 1.5667, 1.6, 1.6333, 1.6667, 1.7, 1.7333, 1.7667, 1.8, 1.8333, 1.8667, 1.9, 1.9333, 1.9667, 2.0, 2.0333, 2.0667, 2.1, 2.1333, 2.1667, 2.2, 2.2333, 2.2667, 2.3, 2.3333, 2.3667, 2.4],
            "transform": [
                [1.0, 0.000445, 0.000266, 0.0, -0.000518, 0.866521, 0.49914, 0.234634, -8e-06, -0.49914, 0.866521, 0.0, 0.0, 0.0, 0.0, 1.0],
                [1.0, 0.000445, 0.000266, -0.0, -0.000518, 0.866585, 0.49903, 0.234634, -8e-06, -0.49903, 0.866585, 0.0, 0.0, 0.0, 0.0, 1.0],
                [1.0, 0.000445, 0.000265, -0.0, -0.000518, 0.866772, 0.498705, 0.234634, -8e-06, -0.498705, 0.866772, 0.0, 0.0, 0.0, 0.0, 1.0],
                [1.0, 0.000445, 0.000265, -0.0, -0.000518, 0.867076, 0.498177, 0.234634, -8e-06, -0.498177, 0.867076, 0.0, 0.0, 0.0, 0.0, 1.0],
                [1.0, 0.000445, 0.000265, -0.0, -0.000518, 0.867491, 0.497453, 0.234634, -8e-06, -0.497453, 0.867491, 0.0, 0.0, 0.0, 0.0, 1.0],
                [1.0, 0.000446, 0.000264, 0.0, -0.000518, 0.868011, 0.496545, 0.234634, -8e-06, -0.496545, 0.868011, 0.0, 0.0, 0.0, 0.0, 1.0],
                [1.0, 0.000446, 0.000264, 0.0, -0.000518, 0.86863, 0.495462, 0.234634, -8e-06, -0.495462, 0.86863, 0.0, 0.0, 0.0, 0.0, 1.0],
                [1.0, 0.000446, 0.000263, -0.0, -0.000518, 0.869341, 0.494213, 0.234634, -8e-06, -0.494213, 0.869341, 0.0, 0.0, 0.0, 0.0, 1.0],
                [1.0, 0.000447, 0.000262, -0.0, -0.000518, 0.870138, 0.492808, 0.234634, -8e-06, -0.492808, 0.870138, 0.0, 0.0, 0.0, 0.0, 1.0],
                [1.0, 0.000447, 0.000262, -0.0, -0.000518, 0.871015, 0.491257, 0.234634, -8e-06, -0.491257, 0.871015, 0.0, 0.0, 0.0, 0.0, 1.0],
                [1.0, 0.000448, 0.000261, 0.0, -0.000518, 0.871965, 0.489569, 0.234634, -8e-06, -0.489569, 0.871965, 0.0, 0.0, 0.0, 0.0, 1.0],
                [1.0, 0.000448, 0.00026, -0.0, -0.000518, 0.872981, 0.487753, 0.234634, -8e-06, -0.487753, 0.872981, 0.0, 0.0, 0.0, 0.0, 1.0],
                [1.0, 0.000449, 0.000259, 0.0, -0.000518, 0.874059, 0.48582, 0.234634, -8e-06, -0.48582, 0.874059, 0.0, 0.0, 0.0, 0.0, 1.0],
                [1.0, 0.00045, 0.000258, -0.0, -0.000518, 0.87519, 0.483779, 0.234634, -8e-06, -0.483779, 0.87519, 0.0, 0.0, 0.0, 0.0, 1.0],
                [1.0, 0.00045, 0.000257, -0.0, -0.000518, 0.876369, 0.48164, 0.234634, -8e-06, -0.48164, 0.876369, 0.0, 0.0, 0.0, 0.0, 1.0],
                [1.0, 0.000451, 0.000256, -0.0, -0.000518, 0.87759, 0.479411, 0.234634, -8e-06, -0.479412, 0.87759, 0.0, 0.0, 0.0, 0.0, 1.0],
                [1.0, 0.000451, 0.000254, -0.0, -0.000518, 0.878847, 0.477104, 0.234634, -8e-06, -0.477104, 0.878847, 0.0, 0.0, 0.0, 0.0, 1.0],
                [1.0, 0.000452, 0.000253, -0.0, -0.000518, 0.880132, 0.474728, 0.234634, -8e-06, -0.474728, 0.880133, 0.0, 0.0, 0.0, 0.0, 1.0],
                [1.0, 0.000453, 0.000252, -0.0, -0.000518, 0.881442, 0.472293, 0.234634, -8e-06, -0.472293, 0.881442, 0.0, 0.0, 0.0, 0.0, 1.0],
                [1.0, 0.000454, 0.000251, -0.0, -0.000518, 0.882769, 0.469808, 0.234634, -8e-06, -0.469808, 0.882769, 0.0, 0.0, 0.0, 0.0, 1.0],
                [1.0, 0.000454, 0.000249, -0.0, -0.000518, 0.884107, 0.467284, 0.234634, -8e-06, -0.467284, 0.884107, 0.0, 0.0, 0.0, 0.0, 1.0],
                [1.0, 0.000455, 0.000248, 0.0, -0.000518, 0.885452, 0.464731, 0.234634, -8e-06, -0.464731, 0.885452, 0.0, 0.0, 0.0, 0.0, 1.0],
                [1.0, 0.000456, 0.000247, -0.0, -0.000518, 0.886798, 0.462158, 0.234634, -8e-06, -0.462158, 0.886798, -0.0, 0.0, 0.0, 0.0, 1.0],
                [1.0, 0.000456, 0.000245, -0.0, -0.000518, 0.888138, 0.459577, 0.234634, -8e-06, -0.459577, 0.888138, 0.0, 0.0, 0.0, 0.0, 1.0],
                [1.0, 0.000457, 0.000244, 0.0, -0.000518, 0.889469, 0.456996, 0.234634, -8e-06, -0.456996, 0.889469, 0.0, 0.0, 0.0, 0.0, 1.0],
                [1.0, 0.000458, 0.000243, -0.0, -0.000518, 0.890784, 0.454427, 0.234634, -8e-06, -0.454428, 0.890784, 0.0, 0.0, 0.0, 0.0, 1.0],
                [1.0, 0.000459, 0.000241, -0.0, -0.000518, 0.892078, 0.45188, 0.234634, -8e-06, -0.451881, 0.892078, 0.0, 0.0, 0.0, 0.0, 1.0],
                [1.0, 0.000459, 0.00024, 0.0, -0.000518, 0.893348, 0.449366, 0.234634, -8e-06, -0.449366, 0.893348, 0.0, 0.0, 0.0, 0.0, 1.0],
                [1.0, 0.00046, 0.000239, -0.0, -0.000518, 0.894587, 0.446894, 0.234634, -8e-06, -0.446894, 0.894587, 0.0, 0.0, 0.0, 0.0, 1.0],
                [1.0, 0.000461, 0.000238, 0.0, -0.000518, 0.895791, 0.444475, 0.234633, -8e-06, -0.444475, 0.895791, 0.0, 0.0, 0.0, 0.0, 1.0],
                [1.0, 0.000461, 0.000236, -0.0, -0.000518, 0.896956, 0.442121, 0.234634, -8e-06, -0.442121, 0.896956, 0.0, 0.0, 0.0, 0.0, 1.0],
                [1.0, 0.000462, 0.000235, 0.0, -0.000518, 0.898076, 0.43984, 0.234634, -8e-06, -0.43984, 0.898076, 0.0, 0.0, 0.0, 0.0, 1.0],
                [1.0, 0.000462, 0.000234, -0.0, -0.000518, 0.899148, 0.437645, 0.234633, -8e-06, -0.437645, 0.899148, 0.0, 0.0, 0.0, 0.0, 1.0],
                [1.0, 0.000463, 0.000233, -0.0, -0.000518, 0.900167, 0.435545, 0.234633, -8e-06, -0.435545, 0.900167, 0.0, 0.0, 0.0, 0.0, 1.0],
                [1.0, 0.000463, 0.000232, 0.0, -0.000518, 0.901128, 0.433552, 0.234634, -8e-06, -0.433552, 0.901128, 0.0, 0.0, 0.0, 0.0, 1.0],
                [1.0, 0.000464, 0.000231, 0.0, -0.000518, 0.902029, 0.431676, 0.234634, -8e-06, -0.431676, 0.902029, -0.0, 0.0, 0.0, 0.0, 1.0],
                [1.0, 0.000464, 0.00023, 0.0, -0.000518, 0.902863, 0.429928, 0.234634, -8e-06, -0.429928, 0.902863, 0.0, 0.0, 0.0, 0.0, 1.0],
                [1.0, 0.000465, 0.000229, 0.0, -0.000518, 0.903628, 0.428319, 0.234634, -8e-06, -0.428319, 0.903628, 0.0, 0.0, 0.0, 0.0, 1.0],
                [1.0, 0.000465, 0.000229, -0.0, -0.000518, 0.904318, 0.426858, 0.234633, -8e-06, -0.426859, 0.904318, 0.0, 0.0, 0.0, 0.0, 1.0],
                [1.0, 0.000465, 0.000228, -0.0, -0.000518, 0.904931, 0.425558, 0.234633, -8e-06, -0.425558, 0.904931, 0.0, 0.0, 0.0, 0.0, 1.0],
                [1.0, 0.000466, 0.000227, -0.0, -0.000518, 0.905461, 0.424429, 0.234633, -8e-06, -0.424429, 0.905461, 0.0, 0.0, 0.0, 0.0, 1.0],
                [1.0, 0.000466, 0.000227, 0.0, -0.000518, 0.905905, 0.423481, 0.234634, -8e-06, -0.423481, 0.905905, 0.0, 0.0, 0.0, 0.0, 1.0],
                [1.0, 0.000466, 0.000226, -0.0, -0.000518, 0.906258, 0.422726, 0.234634, -8e-06, -0.422726, 0.906258, 0.0, 0.0, 0.0, 0.0, 1.0],
                [1.0, 0.000466, 0.000226, 0.0, -0.000518, 0.906515, 0.422173, 0.234634, -8e-06, -0.422173, 0.906515, 0.0, 0.0, 0.0, 0.0, 1.0],
                [1.0, 0.000466, 0.000226, 0.0, -0.000518, 0.906673, 0.421834, 0.234633, -8e-06, -0.421834, 0.906673, 0.0, 0.0, 0.0, 0.0, 1.0],
                [1.0, 0.000466, 0.000226, -0.0, -0.000518, 0.906727, 0.421718, 0.234633, -8e-06, -0.421718, 0.906727, 0.0, 0.0, 0.0, 0.0, 1.0],
                [1.0, 0.000466, 0.000226, 0.0, -0.000518, 0.906579, 0.422036, 0.234634, -8e-06, -0.422036, 0.906579, 0.0, 0.0, 0.0, 0.0, 1.0],
                [1.0, 0.000466, 0.000227, 0.0, -0.000518, 0.90615, 0.422956, 0.234634, -8e-06, -0.422956, 0.90615, -0.0, 0.0, 0.0, 0.0, 1.0],
                [1.0, 0.000466, 0.000227, -0.0, -0.000518, 0.905461, 0.424429, 0.234634, -8e-06, -0.424429, 0.905461, 0.0, 0.0, 0.0, 0.0, 1.0],
                [1.0, 0.000465, 0.000228, 0.0, -0.000518, 0.904532, 0.426407, 0.234634, -8e-06, -0.426407, 0.904532, 0.0, 0.0, 0.0, 0.0, 1.0],
                [1.0, 0.000465, 0.00023, -0.0, -0.000518, 0.903381, 0.428839, 0.234633, -8e-06, -0.428839, 0.903381, 0.0, 0.0, 0.0, 0.0, 1.0],
                [1.0, 0.000464, 0.000231, -0.0, -0.000518, 0.902029, 0.431676, 0.234633, -8e-06, -0.431676, 0.902029, 0.0, 0.0, 0.0, 0.0, 1.0],
                [1.0, 0.000463, 0.000233, 0.0, -0.000518, 0.900494, 0.434869, 0.234634, -8e-06, -0.434869, 0.900494, 0.0, 0.0, 0.0, 0.0, 1.0],
                [1.0, 0.000462, 0.000234, -0.0, -0.000518, 0.898796, 0.438367, 0.234634, -8e-06, -0.438367, 0.898796, 0.0, 0.0, 0.0, 0.0, 1.0],
                [1.0, 0.000461, 0.000236, 0.0, -0.000518, 0.896955, 0.442121, 0.234634, -8e-06, -0.442121, 0.896956, 0.0, 0.0, 0.0, 0.0, 1.0],
                [1.0, 0.00046, 0.000238, -0.0, -0.000518, 0.894992, 0.446081, 0.234633, -8e-06, -0.446081, 0.894992, 0.0, 0.0, 0.0, 0.0, 1.0],
                [1.0, 0.000459, 0.000241, 0.0, -0.000518, 0.892928, 0.4502, 0.234633, -8e-06, -0.4502, 0.892928, 0.0, 0.0, 0.0, 0.0, 1.0],
                [1.0, 0.000458, 0.000243, -0.0, -0.000518, 0.890784, 0.454427, 0.234633, -8e-06, -0.454427, 0.890784, 0.0, 0.0, 0.0, 0.0, 1.0],
                [1.0, 0.000457, 0.000245, 0.0, -0.000518, 0.888583, 0.458716, 0.234634, -8e-06, -0.458716, 0.888583, -0.0, 0.0, 0.0, 0.0, 1.0],
                [1.0, 0.000456, 0.000247, 0.0, -0.000518, 0.886349, 0.463017, 0.234634, -8e-06, -0.463017, 0.886349, 0.0, 0.0, 0.0, 0.0, 1.0],
                [1.0, 0.000454, 0.000249, -0.0, -0.000518, 0.884107, 0.467284, 0.234634, -8e-06, -0.467284, 0.884107, 0.0, 0.0, 0.0, 0.0, 1.0],
                [1.0, 0.000453, 0.000251, -0.0, -0.000518, 0.881882, 0.47147, 0.234634, -8e-06, -0.47147, 0.881883, 0.0, 0.0, 0.0, 0.0, 1.0],
                [1.0, 0.000452, 0.000254, 0.0, -0.000518, 0.879701, 0.475527, 0.234634, -8e-06, -0.475527, 0.879701, 0.0, 0.0, 0.0, 0.0, 1.0],
                [1.0, 0.000451, 0.000256, -0.0, -0.000518, 0.87759, 0.479412, 0.234634, -8e-06, -0.479411, 0.87759, 0.0, 0.0, 0.0, 0.0, 1.0],
                [1.0, 0.00045, 0.000257, 0.0, -0.000518, 0.875578, 0.483076, 0.234634, -8e-06, -0.483076, 0.875578, 0.0, 0.0, 0.0, 0.0, 1.0],
                [1.0, 0.000449, 0.000259, -0.0, -0.000518, 0.873693, 0.486477, 0.234634, -8e-06, -0.486477, 0.873693, 0.0, 0.0, 0.0, 0.0, 1.0],
                [1.0, 0.000448, 0.000261, 0.0, -0.000518, 0.871965, 0.489569, 0.234634, -8e-06, -0.489569, 0.871965, 0.0, 0.0, 0.0, 0.0, 1.0],
                [1.0, 0.000447, 0.000262, -0.0, -0.000518, 0.870422, 0.492307, 0.234634, -8e-06, -0.492307, 0.870422, 0.0, 0.0, 0.0, 0.0, 1.0],
                [1.0, 0.000446, 0.000263, 0.0, -0.000518, 0.869094, 0.494647, 0.234634, -8e-06, -0.494647, 0.869094, 0.0, 0.0, 0.0, 0.0, 1.0],
                [1.0, 0.000446, 0.000264, -0.0, -0.000518, 0.868011, 0.496545, 0.234634, -8e-06, -0.496545, 0.868011, 0.0, 0.0, 0.0, 0.0, 1.0],
                [1.0, 0.000445, 0.000265, 0.0, -0.000518, 0.867202, 0.497957, 0.234634, -8e-06, -0.497957, 0.867202, -0.0, 0.0, 0.0, 0.0, 1.0],
                [1.0, 0.000445, 0.000266, -0.0, -0.000518, 0.866696, 0.498837, 0.234634, -8e-06, -0.498837, 0.866696, 0.0, 0.0, 0.0, 0.0, 1.0],
                [1.0, 0.000445, 0.000266, 0.0, -0.000518, 0.866521, 0.49914, 0.234634, -8e-06, -0.49914, 0.866521, 0.0, 0.0, 0.0, 0.0, 1.0]
            ]
        },
        {
            "name": "Ear_R",
            "time": [0.0, 0.0333, 0.0667, 0.1, 0.1333, 0.1667, 0.2, 0.2333, 0.2667, 0.3, 0.3333, 0.3667, 0.4, 0.4333, 0.4667, 0.5, 0.5333, 0.5667, 0.6, 0.6333, 0.6667, 0.7, 0.7333, 0.7667, 0.8, 0.8333, 0.8667, 0.9, 0.9333, 0.9667, 1.0, 1.0333, 1.0667, 1.1, 1.1333, 1.1667, 1.2, 1.2333, 1.2667, 1.3, 1.3333, 1.3667, 1.4, 1.4333, 1.4667, 1.5, 1.5333, 1.5667, 1.6, 1.6333, 1.6667, 1.7, 1.7333, 1.7667, 1.8, 1.8333, 1.8667, 1.9, 2.4],
            "transform": [
                [0.994795, -0.011067, -0.101295, 0.103474, -0.101738, -0.052133, -0.993444, -0.139452, 0.005713, 0.998579, -0.052988, 0.207531, 0.0, 0.0, 0.0, 1.0],
                [0.994855, -0.001459, -0.101295, 0.103474, -0.10123, -0.053113, -0.993444, -0.139452, -0.003931, 0.998587, -0.052988, 0.207531, 0.0, 0.0, 0.0, 1.0],
                [0.994583, 0.023333, -0.101295, 0.103474, -0.099875, -0.05562, -0.993444, -0.139452, -0.028814, 0.998179, -0.052988, 0.207531, 0.0, 0.0, 0.0, 1.0],
                [0.993209, 0.057231, -0.101295, 0.103474, -0.09792, -0.058993, -0.993444, -0.139451, -0.062831, 0.996616, -0.052988, 0.207531, 0.0, 0.0, 0.0, 1.0],
                [0.990396, 0.094098, -0.101295, 0.103474, -0.09566, -0.06259, -0.993444, -0.139452, -0.099822, 0.993594, -0.052988, 0.207531, 0.0, 0.0, 0.0, 1.0],
                [0.986612, 0.127812, -0.101295, 0.103474, -0.093471, -0.065816, -0.993444, -0.139451, -0.133641, 0.989612, -0.052988, 0.207531, 0.0, 0.0, 0.0, 1.0],
                [0.983121, 0.152358, -0.101295, 0.103474, -0.091802, -0.068125, -0.993444, -0.139452, -0.15826, 0.985975, -0.052988, 0.207531, 0.0, 0.0, 0.0, 1.0],
                [0.981603, 0.161846, -0.101295, 0.103474, -0.091139, -0.069008, -0.993445, -0.139452, -0.167775, 0.9844, -0.052988, 0.207531, 0.0, 0.0, 0.0, 1.0],
                [0.981603, 0.161846, -0.101295, 0.103474, -0.091139, -0.069008, -0.993444, -0.139452, -0.167775, 0.9844, -0.052988, 0.207531, 0.0, 0.0, 0.0, 1.0],
                [0.981603, 0.161846, -0.101295, 0.103474, -0.091139, -0.069008, -0.993444, -0.139451, -0.167775, 0.9844, -0.052988, 0.207531, 0.0, 0.0, 0.0, 1.0],
                [0.981603, 0.161846, -0.101295, 0.103474, -0.091139, -0.069008, -0.993444, -0.139452, -0.167775, 0.9844, -0.052988, 0.207531, 0.0, 0.0, 0.0, 1.0],
                [0.981603, 0.161846, -0.101295, 0.103474, -0.091139, -0.069008, -0.993444, -0.139451, -0.167775, 0.9844, -0.052988, 0.207531, 0.0, 0.0, 0.0, 1.0],
                [0.981603, 0.161846, -0.101295, 0.103474, -0.091139, -0.069008, -0.993444, -0.139452, -0.167775, 0.9844, -0.052988, 0.207531, 0.0, 0.0, 0.0, 1.0],
                [0.981603, 0.161846, -0.101295, 0.103474, -0.091139, -0.069008, -0.993444, -0.139452, -0.167775, 0.9844, -0.052988, 0.207531, 0.0, 0.0, 0.0, 1.0],
                [0.98081, 0.166588, -0.101295, 0.103474, -0.090805, -0.069448, -0.993444, -0.139451, -0.17253, 0.983578, -0.052988, 0.207531, 0.0, 0.0, 0.0, 1.0],
                [0.978657, 0.178801, -0.101295, 0.103474, -0.089932, -0.070574, -0.993444, -0.139452, -0.184777, 0.981351, -0.052988, 0.207531, 0.0, 0.0, 0.0, 1.0],
                [0.975467, 0.195457, -0.101295, 0.103474, -0.088716, -0.072097, -0.993444, -0.139452, -0.201479, 0.978058, -0.052988, 0.207531, 0.0, 0.0, 0.0, 1.0],
                [0.971668, 0.213542, -0.101295, 0.103474, -0.087362, -0.073732, -0.993444, -0.139452, -0.219611, 0.974147, -0.052988, 0.207531, 0.0, 0.0, 0.0, 1.0],
                [0.967887, 0.230075, -0.101295, 0.103474, -0.086092, -0.075211, -0.993444, -0.139451, -0.236185, 0.970262, -0.052988, 0.207531, 0.0, 0.0, 0.0, 1.0],
                [0.964944, 0.242122, -0.101295, 0.103474, -0.085148, -0.076278, -0.993444, -0.139452, -0.248261, 0.967243, -0.052988, 0.207531, 0.0, 0.0, 0.0, 1.0],
                [0.963762, 0.246782, -0.101295, 0.103474, -0.084778, -0.076689, -0.993444, -0.139452, -0.252933, 0.966032, -0.052988, 0.207531, 0.0, 0.0, 0.0, 1.0],
                [0.963762, 0.246782, -0.101295, 0.103474, -0.084778, -0.076689, -0.993445, -0.139452, -0.252933, 0.966032, -0.052988, 0.207531, 0.0, 0.0, 0.0, 1.0],
                [0.963762, 0.246782, -0.101295, 0.103474, -0.084778, -0.076689, -0.993444, -0.139452, -0.252933, 0.966032, -0.052988, 0.207531, 0.0, 0.0, 0.0, 1.0],
                [0.963762, 0.246782, -0.101295, 0.103474, -0.084778, -0.076689, -0.993444, -0.139452, -0.252933, 0.966032, -0.052988, 0.207531, 0.0, 0.0, 0.0, 1.0],
                [0.963762, 0.246782, -0.101295, 0.103474, -0.084778, -0.076689, -0.993444, -0.139451, -0.252933, 0.966032, -0.052988, 0.207531, 0.0, 0.0, 0.0, 1.0],
                [0.963762, 0.246782, -0.101295, 0.103474, -0.084778, -0.076689, -0.993444, -0.139452, -0.252933, 0.966032, -0.052988, 0.207531, 0.0, 0.0, 0.0, 1.0],
                [0.963762, 0.246782, -0.101295, 0.103474, -0.084778, -0.076689, -0.993444, -0.139452, -0.252933, 0.966032, -0.052988, 0.207531, 0.0, 0.0, 0.0, 1.0],
                [0.963762, 0.246782, -0.101295, 0.103474, -0.084778, -0.076689, -0.993444, -0.139451, -0.252933, 0.966032, -0.052988, 0.207531, 0.0, 0.0, 0.0, 1.0],
                [0.963762, 0.246782, -0.101295, 0.103474, -0.084778, -0.076689, -0.993444, -0.139452, -0.252933, 0.966032, -0.052988, 0.207531, 0.0, 0.0, 0.0, 1.0],
                [0.963762, 0.246782, -0.101295, 0.103474, -0.084778, -0.076689, -0.993444, -0.139452, -0.252933, 0.966032, -0.052988, 0.207531, 0.0, 0.0, 0.0, 1.0],
                [0.963762, 0.246782, -0.101295, 0.103474, -0.084778, -0.076689, -0.993445, -0.139452, -0.252933, 0.966032, -0.052988, 0.207531, 0.0, 0.0, 0.0, 1.0],
                [0.963762, 0.246782, -0.101295, 0.103474, -0.084778, -0.076689, -0.993444, -0.139452, -0.252933, 0.966032, -0.052988, 0.207531, 0.0, 0.0, 0.0, 1.0],
                [0.963762, 0.246782, -0.101295, 0.103474, -0.084778, -0.076689, -0.993445, -0.139452, -0.252933, 0.966032, -0.052988, 0.207531, 0.0, 0.0, 0.0, 1.0],
                [0.963762, 0.246782, -0.101295, 0.103474, -0.084778, -0.076689, -0.993444, -0.139452, -0.252933, 0.966032, -0.052988, 0.207531, 0.0, 0.0, 0.0, 1.0],
                [0.963762, 0.246782, -0.101295, 0.103474, -0.084778, -0.076689, -0.993444, -0.139452, -0.252933, 0.966032, -0.052988, 0.207531, 0.0, 0.0, 0.0, 1.0],
                [0.963762, 0.246782, -0.101295, 0.103474, -0.084778, -0.076689, -0.993444, -0.139452, -0.252933, 0.966032, -0.052988, 0.207531, 0.0, 0.0, 0.0, 1.0],
                [0.963762, 0.246782, -0.101295, 0.103474, -0.084778, -0.076689, -0.993444, -0.139452, -0.252933, 0.966032, -0.052988, 0.207531, 0.0, 0.0, 0.0, 1.0],
                [0.963762, 0.246782, -0.101295, 0.103474, -0.084778, -0.076689, -0.993444, -0.139452, -0.252933, 0.966032, -0.052988, 0.207531, 0.0, 0.0, 0.0, 1.0],
                [0.963762, 0.246782, -0.101295, 0.103474, -0.084778, -0.076689, -0.993444, -0.139452, -0.252933, 0.966032, -0.052988, 0.207531, 0.0, 0.0, 0.0, 1.0],
                [0.963762, 0.246782, -0.101295, 0.103474, -0.084778, -0.076689, -0.993444, -0.139452, -0.252933, 0.966032, -0.052988, 0.207531, 0.0, 0.0, 0.0, 1.0],
                [0.963762, 0.246782, -0.101295, 0.103474, -0.084778, -0.076689, -0.993444, -0.139452, -0.252933, 0.966032, -0.052988, 0.207531, 0.0, 0.0, 0.0, 1.0],
                [0.963762, 0.246782, -0.101295, 0.103474, -0.084778, -0.076689, -0.993444, -0.139452, -0.252933, 0.966032, -0.052988, 0.207531, 0.0, 0.0, 0.0, 1.0],
                [0.963762, 0.246782, -0.101295, 0.103474, -0.084778, -0.076689, -0.993444, -0.139452, -0.252933, 0.966032, -0.052988, 0.207531, 0.0, 0.0, 0.0, 1.0],
                [0.963762, 0.246782, -0.101295, 0.103474, -0.084778, -0.076689, -0.993444, -0.139452, -0.252933, 0.966032, -0.052988, 0.207531, 0.0, 0.0, 0.0, 1.0],
                [0.963762, 0.246782, -0.101295, 0.103474, -0.084778, -0.076689, -0.993444, -0.139452, -0.252933, 0.966032, -0.052988, 0.207531, 0.0, 0.0, 0.0, 1.0],
                [0.963762, 0.246782, -0.101295, 0.103474, -0.084778, -0.076689, -0.993444, -0.139452, -0.252933, 0.966032, -0.052988, 0.207531, 0.0, 0.0, 0.0, 1.0],
                [0.963762, 0.246782, -0.101295, 0.103474, -0.084778, -0.076689, -0.993444, -0.139452, -0.252933, 0.966032, -0.052988, 0.207531, 0.0, 0.0, 0.0, 1.0],
                [0.963762, 0.246782, -0.101295, 0.103474, -0.084778, -0.076689, -0.993444, -0.139452, -0.252933, 0.966032, -0.052988, 0.207531, 0.0, 0.0, 0.0, 1.0],
                [0.971091, 0.21615, -0.101295, 0.103474, -0.087163, -0.073966, -0.993444, -0.139452, -0.222225, 0.973554, -0.052988, 0.207531, 0.0, 0.0, 0.0, 1.0],
                [0.985209, 0.138214, -0.101295, 0.103474, -0.092771, -0.066798, -0.993444, -0.139452, -0.144075, 0.988147, -0.052988, 0.207531, 0.0, 0.0, 0.0, 1.0],
                [0.99424, 0.035004, -0.101295, 0.103474, -0.099215, -0.056788, -0.993444, -0.139452, -0.040526, 0.997772, -0.052988, 0.207531, 0.0, 0.0, 0.0, 1.0],
                [0.992477, -0.068767, -0.101295, 0.103474, -0.104591, -0.046143, -0.993444, -0.139452, 0.063642, 0.996565, -0.052988, 0.207531, 0.0, 0.0, 0.0, 1.0],
                [0.983813, -0.147824, -0.101295, 0.103474, -0.107943, -0.037641, -0.993444, -0.139452, 0.143042, 0.988297, -0.052988, 0.207531, 0.0, 0.0, 0.0, 1.0],
                [0.978637, -0.178912, -0.101295, 0.103474, -0.109081, -0.034203, -0.993445, -0.139452, 0.174274, 0.98327, -0.052988, 0.207531, 0.0, 0.0, 0.0, 1.0],
                [0.983058, -0.152759, -0.101295, 0.103474, -0.10813, -0.037098, -0.993444, -0.139452, 0.148, 0.987567, -0.052988, 0.207531, 0.0, 0.0, 0.0, 1.0],
                [0.990292, -0.095187, -0.101295, 0.103474, -0.105784, -0.043339, -0.993444, -0.139452, 0.090173, 0.994516, -0.052988, 0.207531, 0.0, 0.0, 0.0, 1.0],
                [0.994154, -0.037367, -0.101295, 0.103474, -0.103081, -0.049425, -0.993444, -0.139452, 0.032116, 0.998079, -0.052988, 0.207531, 0.0, 0.0, 0.0, 1.0],
                [0.994795, -0.011067, -0.101295, 0.103474, -0.101738, -0.052133, -0.993444, -0.139452, 0.005713, 0.998579, -0.052988, 0.207531, 0.0, 0.0, 0.0, 1.0],
                [0.994795, -0.011067, -0.101295, 0.103474, -0.101738, -0.052133, -0.993444, -0.139452, 0.005713, 0.998579, -0.052988, 0.207531, 0.0, 0.0, 0.0, 1.0]
            ]
        },
        {
            "name": "Ear_L",
            "time": [0.0, 0.0333, 0.0667, 0.1, 0.1333, 0.1667, 0.2, 0.2333, 0.2667, 0.3, 0.3333, 0.3667, 0.4, 0.4333, 0.4667, 0.5, 0.5333, 0.5667, 0.6, 0.6333, 0.6667, 0.7, 0.7333, 0.7667, 0.8, 0.8333, 0.8667, 0.9, 0.9333, 0.9667, 1.0, 1.0333, 1.0667, 1.1, 1.1333, 1.1667, 1.2, 1.2333, 1.2667, 1.3, 1.3333, 1.3667, 1.4, 1.4333, 1.4667, 1.5, 1.5333, 1.5667, 1.6, 1.6333, 1.6667, 1.7, 1.7333, 1.7667, 1.8, 1.8333, 1.8667, 1.9, 1.9333, 1.9667, 2.0, 2.0333, 2.0667, 2.1, 2.4],
            "transform": [
                [0.994795, -0.011067, -0.101295, -0.136526, -0.101738, -0.052133, -0.993444, -0.139327, 0.005713, 0.998579, -0.052988, 0.207533, 0.0, 0.0, 0.0, 1.0],
                [0.994642, -0.020673, -0.101295, -0.136526, -0.102237, -0.051148, -0.993444, -0.139327, 0.015357, 0.998477, -0.052988, 0.207533, 0.0, 0.0, 0.0, 1.0],
                [0.993818, -0.045453, -0.101295, -0.136526, -0.103479, -0.048585, -0.993444, -0.139327, 0.040234, 0.997784, -0.052988, 0.207533, 0.0, 0.0, 0.0, 1.0],
                [0.99169, -0.079312, -0.101295, -0.136526, -0.105076, -0.045028, -0.993444, -0.139327, 0.074231, 0.995832, -0.052988, 0.207533, 0.0, 0.0, 0.0, 1.0],
                [0.988058, -0.116108, -0.101295, -0.136526, -0.106677, -0.041093, -0.993444, -0.139327, 0.111184, 0.992386, -0.052988, 0.207532, 0.0, 0.0, 0.0, 1.0],
                [0.983525, -0.149729, -0.101295, -0.136526, -0.108016, -0.037432, -0.993444, -0.139327, 0.144956, 0.988018, -0.052988, 0.207533, 0.0, 0.0, 0.0, 1.0],
                [0.979488, -0.174191, -0.101295, -0.136526, -0.108915, -0.034728, -0.993444, -0.139327, 0.169532, 0.984099, -0.052988, 0.207533, 0.0, 0.0, 0.0, 1.0],
                [0.97776, -0.183643, -0.101295, -0.136526, -0.109245, -0.033675, -0.993445, -0.139327, 0.179028, 0.982416, -0.052988, 0.207533, 0.0, 0.0, 0.0, 1.0],
                [0.97776, -0.183643, -0.101295, -0.136526, -0.109245, -0.033675, -0.993444, -0.139327, 0.179028, 0.982416, -0.052988, 0.207533, 0.0, 0.0, 0.0, 1.0],
                [0.97776, -0.183643, -0.101295, -0.136526, -0.109245, -0.033675, -0.993444, -0.139327, 0.179028, 0.982416, -0.052988, 0.207533, 0.0, 0.0, 0.0, 1.0],
                [0.97776, -0.183643, -0.101295, -0.136526, -0.109245, -0.033675, -0.993444, -0.139327, 0.179028, 0.982416, -0.052988, 0.207533, 0.0, 0.0, 0.0, 1.0],
                [0.97776, -0.183643, -0.101295, -0.136526, -0.109245, -0.033675, -0.993444, -0.139327, 0.179028, 0.982416, -0.052988, 0.207533, 0.0, 0.0, 0.0, 1.0],
                [0.97776, -0.183643, -0.101295, -0.136526, -0.109245, -0.033675, -0.993444, -0.139327, 0.179028, 0.982416, -0.052988, 0.207533, 0.0, 0.0, 0.0, 1.0],
                [0.97776, -0.183643, -0.101295, -0.136526, -0.109245, -0.033675, -0.993444, -0.139327, 0.179028, 0.982416, -0.052988, 0.207533, 0.0, 0.0, 0.0, 1.0],
                [0.976861, -0.188366, -0.101295, -0.136526, -0.109407, -0.033146, -0.993444, -0.139327, 0.183773, 0.981539, -0.052988, 0.207533, 0.0, 0.0, 0.0, 1.0],
                [0.974437, -0.200528, -0.101295, -0.136526, -0.109811, -0.03178, -0.993444, -0.139327, 0.195994, 0.979172, -0.052988, 0.207533, 0.0, 0.0, 0.0, 1.0],
                [0.970877, -0.217109, -0.101295, -0.136526, -0.110337, -0.029903, -0.993444, -0.139327, 0.212657, 0.975689, -0.052988, 0.207533, 0.0, 0.0, 0.0, 1.0],
                [0.966677, -0.235106, -0.101295, -0.136526, -0.110873, -0.027849, -0.993444, -0.139327, 0.230743, 0.971571, -0.052988, 0.207533, 0.0, 0.0, 0.0, 1.0],
                [0.962529, -0.25155, -0.101295, -0.136526, -0.111332, -0.025955, -0.993444, -0.139327, 0.247272, 0.967496, -0.052988, 0.207533, 0.0, 0.0, 0.0, 1.0],
                [0.959319, -0.263528, -0.101295, -0.136526, -0.111647, -0.024565, -0.993444, -0.139327, 0.259312, 0.964339, -0.052988, 0.207533, 0.0, 0.0, 0.0, 1.0],
                [0.958034, -0.268161, -0.101295, -0.136526, -0.111764, -0.024025, -0.993444, -0.139327, 0.26397, 0.963074, -0.052988, 0.207533, 0.0, 0.0, 0.0, 1.0],
                [0.958034, -0.268161, -0.101295, -0.136526, -0.111764, -0.024025, -0.993445, -0.139327, 0.26397, 0.963074, -0.052988, 0.207533, 0.0, 0.0, 0.0, 1.0],
                [0.958034, -0.268161, -0.101295, -0.136526, -0.111764, -0.024025, -0.993444, -0.139327, 0.26397, 0.963074, -0.052988, 0.207533, 0.0, 0.0, 0.0, 1.0],
                [0.958034, -0.268161, -0.101295, -0.136526, -0.111764, -0.024025, -0.993444, -0.139327, 0.26397, 0.963074, -0.052988, 0.207533, 0.0, 0.0, 0.0, 1.0],
                [0.958034, -0.268161, -0.101295, -0.136526, -0.111764, -0.024025, -0.993444, -0.139327, 0.26397, 0.963074, -0.052988, 0.207533, 0.0, 0.0, 0.0, 1.0],
                [0.958034, -0.268161, -0.101295, -0.136526, -0.111764, -0.024025, -0.993444, -0.139327, 0.26397, 0.963074, -0.052988, 0.207533, 0.0, 0.0, 0.0, 1.0],
