{
    "animation": [
        {
            "name": "Root",
            "time": [0.0, 0.0333, 0.0667, 0.1, 0.1333, 0.1667, 0.2, 0.2333, 0.2667, 0.3, 0.3333, 0.3667, 0.4, 0.4333, 0.4667, 0.5, 0.5333, 0.5667, 1.1667],
            "transform": [
                [1.0, 0.0, 0.0, 0.0, 0.0, 1.0, -1e-06, -0.604103, 0.0, 1e-06, 1.0, 1.264611, 0.0, 0.0, 0.0, 1.0],
                [0.9999, 0.0, 0.014145, 0.01496, -0.0, 1.0, -1e-06, -0.604103, -0.014145, 1e-06, 0.9999, 1.264563, 0.0, 0.0, 0.0, 1.0],
                [0.998503, 0.0, 0.054688, 0.057399, -0.0, 1.0, -1e-06, -0.604103, -0.054688, 1e-06, 0.998503, 1.264225, 0.0, 0.0, 0.0, 1.0],
                [0.99289, 0.0, 0.119039, 0.123652, -0.0, 1.0, -1e-06, -0.604103, -0.119039, 1e-06, 0.99289, 1.26331, 0.0, 0.0, 0.0, 1.0],
                [0.978901, 0.0, 0.204333, 0.210055, -0.0, 1.0, -1e-06, -0.604103, -0.204333, 1e-06, 0.978901, 1.261526, 0.0, 0.0, 0.0, 1.0],
                [0.951813, 0.0, 0.306679, 0.312945, 0.0, 1.0, -1e-06, -0.604103, -0.306679, 1e-06, 0.951813, 1.258586, 0.0, 0.0, 0.0, 1.0],
                [0.907244, 0.0, 0.420605, 0.428659, -0.0, 1.0, -1e-06, -0.604103, -0.420605, 1e-06, 0.907244, 1.2542, 0.0, 0.0, 0.0, 1.0],
                [0.842316, 1e-06, 0.538984, 0.553531, -0.0, 1.0, -1e-06, -0.604103, -0.538984, 1e-06, 0.842316, 1.248079, 0.0, 0.0, 0.0, 1.0],
                [0.756783, 1e-06, 0.653666, 0.6839, 0.0, 1.0, -1e-06, -0.604103, -0.653666, 1e-06, 0.756783, 1.239933, 0.0, 0.0, 0.0, 1.0],
                [0.653666, 1e-06, 0.756783, 0.8161, -0.0, 1.0, -1e-06, -0.604103, -0.756783, 1e-06, 0.653666, 1.202603, 0.0, 0.0, 0.0, 1.0],
                [0.538984, 1e-06, 0.842316, 0.946469, 0.0, 1.0, -1e-06, -0.604103, -0.842316, 1e-06, 0.538984, 1.11827, 0.0, 0.0, 0.0, 1.0],
                [0.420605, 1e-06, 0.907244, 1.071341, -0.0, 1.0, -1e-06, -0.604103, -0.907244, 0.0, 0.420605, 1.000658, 0.0, 0.0, 0.0, 1.0],
                [0.306679, 1e-06, 0.951813, 1.187055, -0.0, 1.0, -1e-06, -0.604103, -0.951813, 0.0, 0.306679, 0.86349, 0.0, 0.0, 0.0, 1.0],
                [0.204333, 1e-06, 0.978901, 1.289945, 0.0, 1.0, -1e-06, -0.604103, -0.978901, 0.0, 0.204333, 0.720489, 0.0, 0.0, 0.0, 1.0],
                [0.119039, 1e-06, 0.99289, 1.376348, -0.0, 1.0, -1e-06, -0.604103, -0.99289, 0.0, 0.119039, 0.585377, 0.0, 0.0, 0.0, 1.0],
                [0.054689, 1e-06, 0.998503, 1.442601, -0.0, 1.0, -1e-06, -0.604103, -0.998503, 0.0, 0.054689, 0.471878, 0.0, 0.0, 0.0, 1.0],
                [0.014145, 1e-06, 0.9999, 1.485039, 0.0, 1.0, -1e-06, -0.604103, -0.9999, 0.0, 0.014145, 0.393715, 0.0, 0.0, 0.0, 1.0],
                [-0.0, 1e-06, 1.0, 1.5, 0.0, 1.0, -1e-06, -0.604103, -1.0, -0.0, -0.0, 0.364611, 0.0, 0.0, 0.0, 1.0],
                [-0.0, 1e-06, 1.0, 1.5, 0.0, 1.0, -1e-06, -0.604103, -1.0, -0.0, -0.0, 0.364611, 0.0, 0.0, 0.0, 1.0]
            ]
        },
        {
            "name": "Torso",
            "time": [0.0, 0.0333, 0.0667, 0.1, 0.1333, 0.1667, 0.2, 0.2333, 0.2667, 0.3, 0.3333, 0.3667, 0.4, 0.4333, 0.4667, 0.5, 0.5333, 1.1667],
            "transform": [
                [1.0, -0.0, 0.0, 0.0, -0.0, 0.999109, 0.042209, 0.12, -0.0, -0.042209, 0.999109, 0.0, 0.0, 0.0, 0.0, 1.0],
                [0.999937, -0.011176, 0.00102, 0.0, 0.011134, 0.999333, 0.034791, 0.12, -0.001408, -0.034777, 0.999394, 0.0, 0.0, 0.0, 0.0, 1.0],
                [0.999165, -0.04064, 0.00411, 0.0, 0.040573, 0.99906, 0.015251, 0.12, -0.004726, -0.015072, 0.999875, 0.0, 0.0, 0.0, 0.0, 1.0],
                [0.99657, -0.082205, 0.009471, 0.0, 0.082318, 0.996531, -0.012269, 0.12, -0.00843, 0.013007, 0.99988, 0.0, 0.0, 0.0, 0.0, 1.0],
                [0.991429, -0.129535, 0.017029, 0.0, 0.130166, 0.990536, -0.043541, 0.12, -0.011228, 0.045385, 0.998906, -0.0, 0.0, 0.0, 0.0, 1.0],
                [0.983992, -0.176298, 0.026062, 0.0, 0.177778, 0.981256, -0.07437, 0.12, -0.012463, 0.077812, 0.99689, -0.0, 0.0, 0.0, 0.0, 1.0],
                [0.975663, -0.216446, 0.03511, 0.0, 0.218932, 0.970522, -0.100779, 0.12, -0.012261, 0.106013, 0.994289, 0.0, 0.0, 0.0, 0.0, 1.0],
                [0.968759, -0.244395, 0.042143, 0.0, 0.24774, 0.961474, -0.119132, 0.12, -0.011404, 0.12585, 0.991984, 0.0, 0.0, 0.0, 0.0, 1.0],
                [0.965926, -0.254887, 0.044944, -0.0, 0.258588, 0.957733, -0.126014, 0.12, -0.010925, 0.133342, 0.99101, -0.0, 0.0, 0.0, 0.0, 1.0],
                [0.96967, -0.240808, 0.041854, -0.0, 0.244145, 0.962378, -0.119254, 0.12, -0.011562, 0.125855, 0.991981, 0.0, 0.0, 0.0, 0.0, 1.0],
                [0.978533, -0.203238, 0.03417, 0.0, 0.205698, 0.973375, -0.101139, 0.12, -0.012704, 0.105997, 0.994285, 0.0, 0.0, 0.0, 0.0, 1.0],
                [0.988509, -0.149164, 0.024489, 0.0, 0.150604, 0.985754, -0.074886, 0.12, -0.01297, 0.077714, 0.996891, -0.0, 0.0, 0.0, 0.0, 1.0],
                [0.996166, -0.086161, 0.015178, 0.0, 0.086753, 0.995256, -0.044036, 0.12, -0.011312, 0.045184, 0.998915, -0.0, 0.0, 0.0, 0.0, 1.0],
                [0.999715, -0.022533, 0.00785, 0.0, 0.022631, 0.999664, -0.012606, 0.12, -0.007563, 0.012781, 0.99989, -0.0, 0.0, 0.0, 0.0, 1.0],
                [0.999447, 0.033097, 0.003116, 0.0, -0.03314, 0.999337, 0.015094, 0.12, -0.002614, -0.015189, 0.999881, -0.0, 0.0, 0.0, 0.0, 1.0],
                [0.997381, 0.072328, 0.000709, 0.0, -0.072309, 0.996777, 0.034753, 0.12, 0.001807, -0.034713, 0.999396, 0.0, 0.0, 0.0, 0.0, 1.0],
                [0.996195, 0.087156, 0.0, -0.0, -0.087078, 0.995307, 0.042209, 0.12, 0.003679, -0.042049, 0.999109, 0.0, 0.0, 0.0, 0.0, 1.0],
                [0.996195, 0.087156, 0.0, -0.0, -0.087078, 0.995307, 0.042209, 0.12, 0.003679, -0.042049, 0.999109, -0.0, 0.0, 0.0, 0.0, 1.0]
            ]
        },
        {
            "name": "Chest",
            "time": [0.0, 0.0333, 0.0667, 0.1, 0.1333, 0.1667, 0.2, 0.2333, 0.2667, 0.3, 0.3333, 0.3667, 0.4, 0.4333, 0.4667, 0.5, 0.5333, 0.5667, 0.6, 0.6333, 0.6667, 0.7, 0.7333, 1.1667],
            "transform": [
                [1.0, -0.0, -0.0, 0.0, -0.0, 0.998477, -0.055166, 0.48, 0.0, 0.055166, 0.998477, -0.0, 0.0, 0.0, 0.0, 1.0],
                [0.999978, -0.006541, 0.000872, 0.0, 0.00658, 0.998273, -0.058372, 0.48, -0.000488, 0.058376, 0.998294, -0.0, 0.0, 0.0, 0.0, 1.0],
                [0.999682, -0.024965, 0.003442, 0.0, 0.02514, 0.997411, -0.067377, 0.48, -0.001751, 0.067442, 0.997722, -0.0, 0.0, 0.0, 0.0, 1.0],
                [0.998539, -0.053469, 0.007757, -0.0, 0.053923, 0.995236, -0.081233, 0.48, -0.003376, 0.081533, 0.996665, -0.0, 0.0, 0.0, 0.0, 1.0],
                [0.995827, -0.090195, 0.013925, 0.0, 0.091133, 0.990911, -0.098946, 0.48, -0.004874, 0.099802, 0.994995, 0.0, 0.0, 0.0, 0.0, 1.0],
                [0.990846, -0.133187, 0.022032, -0.0, 0.134874, 0.983633, -0.11948, 0.48, -0.005758, 0.121357, 0.992592, 0.0, 0.0, 0.0, 0.0, 1.0],
                [0.983073, -0.180386, 0.032065, 0.0, 0.183128, 0.972814, -0.141764, 0.48, -0.005621, 0.145236, 0.989381, -0.0, 0.0, 0.0, 0.0, 1.0],
                [0.97228, -0.229669, 0.043856, -0.0, 0.233781, 0.958233, -0.164732, 0.48, -0.00419, 0.170418, 0.985363, 0.0, 0.0, 0.0, 0.0, 1.0],
                [0.958616, -0.278926, 0.057054, -0.0, 0.284698, 0.940128, -0.187366, 0.48, -0.001377, 0.195855, 0.980632, 0.0, 0.0, 0.0, 0.0, 1.0],
                [0.942636, -0.326159, 0.071124, 0.0, 0.333813, 0.919236, -0.208747, 0.48, 0.002704, 0.220514, 0.97538, 0.0, 0.0, 0.0, 0.0, 1.0],
                [0.925273, -0.369569, 0.08537, 0.0, 0.379222, 0.896751, -0.228098, 0.48, 0.007742, 0.243427, 0.969888, -0.0, 0.0, 0.0, 0.0, 1.0],
                [0.907774, -0.407615, 0.098977, 0.0, 0.41925, 0.874243, -0.244802, 0.48, 0.013255, 0.263721, 0.964508, 0.0, 0.0, 0.0, 0.0, 1.0],
                [0.891588, -0.439018, 0.111064, 0.0, 0.452464, 0.853527, -0.258394, 0.48, 0.018643, 0.280633, 0.959634, 0.0, 0.0, 0.0, 0.0, 1.0],
                [0.878253, -0.462704, 0.120734, -0.0, 0.477631, 0.83652, -0.26852, 0.48, 0.023249, 0.293495, 0.955678, 0.0, 0.0, 0.0, 0.0, 1.0],
                [0.869278, -0.477699, 0.127118, -0.0, 0.493616, 0.825099, -0.27487, 0.48, 0.02642, 0.301686, 0.953041, 0.0, 0.0, 0.0, 0.0, 1.0],
                [0.866025, -0.482963, 0.129409, 0.0, 0.499239, 0.820965, -0.277088, 0.48, 0.027583, 0.304572, 0.95209, -0.0, 0.0, 0.0, 0.0, 1.0],
                [0.875762, -0.466316, 0.124862, -0.0, 0.482029, 0.830636, -0.278732, 0.48, 0.026262, 0.30429, 0.952217, 0.0, 0.0, 0.0, 0.0, 1.0],
                [0.899335, -0.422417, 0.112963, 0.0, 0.436662, 0.8541, -0.282561, 0.48, 0.022877, 0.303444, 0.952575, 0.0, 0.0, 0.0, 0.0, 1.0],
                [0.927818, -0.360373, 0.096356, 0.0, 0.372583, 0.882565, -0.286812, 0.48, 0.018318, 0.30201, 0.953129, 0.0, 0.0, 0.0, 0.0, 1.0],
                [0.953665, -0.290598, 0.077951, 0.0, 0.300569, 0.908569, -0.290106, 0.48, 0.013481, 0.300094, 0.953815, 0.0, 0.0, 0.0, 0.0, 1.0],
                [0.972437, -0.225072, 0.060906, 0.0, 0.232986, 0.927644, -0.291879, 0.48, 0.009195, 0.298024, 0.954514, 0.0, 0.0, 0.0, 0.0, 1.0],
                [0.983101, -0.176545, 0.048424, 0.0, 0.182961, 0.938626, -0.292414, 0.48, 0.006172, 0.296332, 0.955065, 0.0, 0.0, 0.0, 0.0, 1.0],
                [0.986534, -0.157639, 0.043593, 0.0, 0.163478, 0.942204, -0.292449, 0.48, 0.005028, 0.295638, 0.955287, 0.0, 0.0, 0.0, 0.0, 1.0],
                [0.986534, -0.157639, 0.043593, 0.0, 0.163478, 0.942204, -0.292449, 0.48, 0.005028, 0.295638, 0.955287, 0.0, 0.0, 0.0, 0.0, 1.0]
            ]
        },
        {
            "name": "Neck",
            "time": [0.0, 0.0333, 0.0667, 0.1, 0.1333, 0.1667, 0.2, 0.2333, 0.2667, 0.3, 0.3333, 0.3667, 0.4, 0.4333, 0.4667, 0.5, 0.5333, 0.5667, 0.6, 0.6333, 0.6667, 1.1667],
            "transform": [
                [1.0, -0.0, 1e-06, -0.0, 1e-06, 0.386377, -0.922341, 0.6, -1e-06, 0.922341, 0.386377, -0.0, 0.0, 0.0, 0.0, 1.0],
                [0.999836, -0.018134, 1e-06, -0.0, 0.007008, 0.386313, -0.922341, 0.6, 0.016725, 0.922189, 0.386377, 0.0, 0.0, 0.0, 0.0, 1.0],
                [0.998114, -0.061382, 1e-06, -0.0, 0.023718, 0.385648, -0.922341, 0.6, 0.056615, 0.920602, 0.386377, -0.0, 0.0, 0.0, 0.0, 1.0],
                [0.99361, -0.112871, 1e-06, 0.0, 0.043612, 0.383907, -0.922341, 0.6, 0.104105, 0.916447, 0.386377, -0.0, 0.0, 0.0, 0.0, 1.0],
                [0.987795, -0.155761, 1e-06, 0.0, 0.060184, 0.381661, -0.922341, 0.6, 0.143664, 0.911084, 0.386377, -0.0, 0.0, 0.0, 0.0, 1.0],
                [0.984808, -0.173648, 1e-06, 0.0, 0.067095, 0.380507, -0.922341, 0.6, 0.160162, 0.908329, 0.386377, -0.0, 0.0, 0.0, 0.0, 1.0],
                [0.98538, -0.170371, 1e-06, 0.0, 0.065829, 0.380728, -0.922341, 0.6, 0.15714, 0.908856, 0.386377, -0.0, 0.0, 0.0, 0.0, 1.0],
                [0.986932, -0.161137, 1e-06, -0.0, 0.062261, 0.381327, -0.922341, 0.6, 0.148623, 0.910288, 0.386377, -0.0, 0.0, 0.0, 0.0, 1.0],
                [0.989162, -0.146828, 1e-06, 0.0, 0.056732, 0.382189, -0.922341, 0.6, 0.135425, 0.912345, 0.386377, -0.0, 0.0, 0.0, 0.0, 1.0],
                [0.991732, -0.128327, 1e-06, -0.0, 0.049584, 0.383182, -0.922341, 0.6, 0.11836, 0.914715, 0.386377, 0.0, 0.0, 0.0, 0.0, 1.0],
                [0.99431, -0.106526, 1e-06, -0.0, 0.04116, 0.384178, -0.922341, 0.6, 0.098253, 0.917093, 0.386377, -0.0, 0.0, 0.0, 0.0, 1.0],
                [0.996605, -0.082337, 1e-06, -0.0, 0.031814, 0.385065, -0.922341, 0.6, 0.075942, 0.919209, 0.386377, -0.0, 0.0, 0.0, 0.0, 1.0],
                [0.998392, -0.056692, 1e-06, 0.0, 0.021906, 0.385755, -0.922341, 0.6, 0.052289, 0.920858, 0.386377, -0.0, 0.0, 0.0, 0.0, 1.0],
                [0.999533, -0.030539, 1e-06, -0.0, 0.011801, 0.386197, -0.922341, 0.6, 0.028167, 0.921911, 0.386377, -0.0, 0.0, 0.0, 0.0, 1.0],
                [0.999988, -0.004836, 1e-06, -0.0, 0.00187, 0.386372, -0.922341, 0.6, 0.00446, 0.92233, 0.386377, 0.0, 0.0, 0.0, 0.0, 1.0],
                [0.999811, 0.01946, 1e-06, -0.0, -0.007518, 0.386304, -0.922341, 0.6, -0.01795, 0.922166, 0.386377, -0.0, 0.0, 0.0, 0.0, 1.0],
                [0.999143, 0.041403, 1e-06, -0.0, -0.015996, 0.386046, -0.922341, 0.6, -0.038189, 0.92155, 0.386377, 0.0, 0.0, 0.0, 0.0, 1.0],
                [0.998195, 0.060058, 1e-06, 0.0, -0.023204, 0.385679, -0.922341, 0.6, -0.055395, 0.920676, 0.386377, 0.0, 0.0, 0.0, 0.0, 1.0],
                [0.99722, 0.074507, 1e-06, 0.0, -0.028786, 0.385303, -0.922341, 0.6, -0.068721, 0.919777, 0.386377, 0.0, 0.0, 0.0, 0.0, 1.0],
                [0.996479, 0.083842, 1e-06, 0.0, -0.032393, 0.385017, -0.922341, 0.6, -0.077331, 0.919094, 0.386377, -0.0, 0.0, 0.0, 0.0, 1.0],
                [0.996195, 0.087156, 1e-06, -0.0, -0.033674, 0.384907, -0.922341, 0.6, -0.080388, 0.918831, 0.386377, -0.0, 0.0, 0.0, 0.0, 1.0],
                [0.996195, 0.087156, 1e-06, -0.0, -0.033674, 0.384907, -0.922341, 0.6, -0.080388, 0.918831, 0.386377, 0.0, 0.0, 0.0, 0.0, 1.0]
            ]
        },
        {
            "name": "Neck_Upper",
            "time": [0.0, 0.0333, 0.0667, 0.1, 0.1333, 0.1667, 0.2, 0.2333, 0.2667, 0.3, 0.3333, 0.3667, 0.4, 0.4333, 0.4667, 0.5, 0.5333, 0.5667, 0.6, 0.6333, 0.6667, 1.1667],
            "transform": [
                [1.0, 0.000347, -3e-06, -0.0, -0.000337, 0.972082, 0.234639, 0.202995, 8.5e-05, -0.234639, 0.972082, 0.0, 0.0, 0.0, 0.0, 1.0],
                [0.999996, -0.002979, -3e-06, 0.0, 0.002896, 0.972078, 0.234639, 0.202995, -0.000696, -0.234638, 0.972083, 0.0, 0.0, 0.0, 0.0, 1.0],
                [0.999924, -0.012338, -3e-06, 0.0, 0.011994, 0.972009, 0.234639, 0.202995, -0.002892, -0.234621, 0.972083, 0.0, 0.0, 0.0, 0.0, 1.0],
                [0.999641, -0.026799, -3e-06, -0.0, 0.026052, 0.971734, 0.234638, 0.202995, -0.006285, -0.234554, 0.972083, 0.0, 0.0, 0.0, 0.0, 1.0],
                [0.998968, -0.045427, -3e-06, 0.0, 0.044159, 0.971079, 0.234638, 0.202995, -0.010656, -0.234396, 0.972083, 0.0, 0.0, 0.0, 0.0, 1.0],
                [0.997734, -0.067278, -3e-06, 0.0, 0.0654, 0.969881, 0.234637, 0.202995, -0.015783, -0.234105, 0.972083, 0.0, 0.0, 0.0, 0.0, 1.0],
                [0.995814, -0.091401, -3e-06, -0.0, 0.08885, 0.968014, 0.234636, 0.202995, -0.021443, -0.233654, 0.972083, -0.0, 0.0, 0.0, 0.0, 1.0],
                [0.99315, -0.116845, -3e-06, -0.0, 0.113584, 0.965425, 0.234635, 0.202995, -0.027413, -0.233029, 0.972083, 0.0, 0.0, 0.0, 0.0, 1.0],
                [0.989771, -0.142664, -3e-06, 0.0, 0.138681, 0.96214, 0.234635, 0.202995, -0.033471, -0.232235, 0.972084, -0.0, 0.0, 0.0, 0.0, 1.0],
                [0.9858, -0.167925, -3e-06, -0.0, 0.163237, 0.95828, 0.234635, 0.202995, -0.039398, -0.231303, 0.972084, -0.0, 0.0, 0.0, 0.0, 1.0],
                [0.98145, -0.191718, -2e-06, 0.0, 0.186367, 0.954051, 0.234635, 0.202995, -0.044981, -0.230283, 0.972084, 0.0, 0.0, 0.0, 0.0, 1.0],
                [0.977017, -0.213161, -2e-06, -0.0, 0.207211, 0.949742, 0.234635, 0.202995, -0.050013, -0.229242, 0.972084, 0.0, 0.0, 0.0, 0.0, 1.0],
                [0.97286, -0.231397, -3e-06, 0.0, 0.224937, 0.945701, 0.234635, 0.202995, -0.054291, -0.228268, 0.972084, 0.0, 0.0, 0.0, 0.0, 1.0],
                [0.969375, -0.245586, -3e-06, -0.0, 0.238731, 0.942313, 0.234636, 0.202995, -0.057621, -0.227451, 0.972083, -0.0, 0.0, 0.0, 0.0, 1.0],
                [0.966968, -0.254898, -3e-06, -0.0, 0.247782, 0.939973, 0.234637, 0.202995, -0.059806, -0.226888, 0.972083, 0.0, 0.0, 0.0, 0.0, 1.0],
                [0.966016, -0.258483, -3e-06, 0.0, 0.251268, 0.939047, 0.234639, 0.202995, -0.060647, -0.226666, 0.972083, 0.0, 0.0, 0.0, 0.0, 1.0],
                [0.96627, -0.250433, -0.060041, -0.0, 0.257519, 0.941806, 0.216068, 0.202995, 0.002436, -0.224241, 0.974531, 0.0, 0.0, 0.0, 0.0, 1.0],
                [0.951257, -0.231172, -0.20413, -0.0, 0.266997, 0.948591, 0.169967, 0.202995, 0.154344, -0.216185, 0.964076, -0.0, 0.0, 0.0, 0.0, 1.0],
                [0.904276, -0.209901, -0.371787, 0.0, 0.268693, 0.956515, 0.113504, 0.202995, 0.331796, -0.202536, 0.921353, -0.0, 0.0, 0.0, 0.0, 1.0],
                [0.842262, -0.194325, -0.502824, -0.0, 0.262096, 0.962715, 0.066969, 0.202995, 0.471063, -0.188194, 0.861791, -0.0, 0.0, 0.0, 0.0, 1.0],
                [0.810829, -0.188533, -0.554087, -0.0, 0.257272, 0.965142, 0.048084, 0.202995, 0.525707, -0.181539, 0.831069, 0.0, 0.0, 0.0, 0.0, 1.0],
                [0.810829, -0.188533, -0.554086, -0.0, 0.257272, 0.965142, 0.048084, 0.202995, 0.525707, -0.181539, 0.831069, 0.0, 0.0, 0.0, 0.0, 1.0]
            ]
        },
        {
            "name": "Head",
            "time": [0.0, 0.0333, 0.0667, 0.1, 0.1333, 0.1667, 0.2, 0.2333, 0.2667, 0.3, 0.3333, 0.3667, 0.4, 1.1667],
            "transform": [
                [1.0, -0.000479, -0.000352, 0.0, 0.000294, -0.116485, 0.993192, 0.349907, -0.000517, -0.993192, -0.116484, -0.0, 0.0, 0.0, 0.0, 1.0],
                [0.999973, -0.007314, -0.000352, -0.0, -0.000502, -0.116484, 0.993192, 0.349907, -0.007306, -0.993166, -0.116484, 0.0, 0.0, 0.0, 0.0, 1.0],
                [0.999656, -0.026229, -0.000352, 0.0, -0.002706, -0.116453, 0.993192, 0.349907, -0.026092, -0.99285, -0.116484, 0.0, 0.0, 0.0, 0.0, 1.0],
                [0.998495, -0.054832, -0.000352, 0.0, -0.006038, -0.116328, 0.993192, 0.349907, -0.0545, -0.991696, -0.116484, 0.0, 0.0, 0.0, 0.0, 1.0],
                [0.995879, -0.090689, -0.000352, -0.0, -0.010216, -0.116036, 0.993192, 0.349907, -0.090112, -0.989096, -0.116484, 0.0, 0.0, 0.0, 0.0, 1.0],
                [0.991343, -0.131299, -0.000352, 0.0, -0.014948, -0.115522, 0.993192, 0.349907, -0.130446, -0.984589, -0.116484, 0.0, 0.0, 0.0, 0.0, 1.0],
                [0.984724, -0.17412, -0.000352, -0.0, -0.019938, -0.114766, 0.993193, 0.349907, -0.172975, -0.978014, -0.116484, 0.0, 0.0, 0.0, 0.0, 1.0],
                [0.976257, -0.216614, -0.000352, 0.0, -0.024891, -0.113794, 0.993192, 0.349907, -0.215179, -0.969603, -0.116484, 0.0, 0.0, 0.0, 0.0, 1.0],
                [0.966593, -0.256318, -0.000352, -0.0, -0.029519, -0.112683, 0.993192, 0.349907, -0.254612, -0.960002, -0.116484, 0.0, 0.0, 0.0, 0.0, 1.0],
                [0.956754, -0.290897, -0.000352, 0.0, -0.03355, -0.111549, 0.993192, 0.349907, -0.288956, -0.950229, -0.116484, 0.0, 0.0, 0.0, 0.0, 1.0],
                [0.948036, -0.318163, -0.000352, 0.0, -0.03673, -0.110543, 0.993192, 0.349907, -0.316037, -0.941569, -0.116484, 0.0, 0.0, 0.0, 0.0, 1.0],
                [0.941848, -0.33604, -0.000352, 0.0, -0.038814, -0.109828, 0.993192, 0.349907, -0.333791, -0.935422, -0.116484, -0.0, 0.0, 0.0, 0.0, 1.0],
                [0.939529, -0.34247, -0.000352, 0.0, -0.039564, -0.10956, 0.993193, 0.349907, -0.340177, -0.933119, -0.116484, -0.0, 0.0, 0.0, 0.0, 1.0],
                [0.939529, -0.34247, -0.000352, 0.0, -0.039564, -0.10956, 0.993192, 0.349907, -0.340177, -0.933119, -0.116484, 0.0, 0.0, 0.0, 0.0, 1.0]
            ]
        },
        {
            "name": "Snout",
            "time": [0.0, 1.1667],
            "transform": [
                [1.0, 0.000516, -4.3e-05, 0.0, -0.000517, 0.995169, -0.098181, 0.234634, -8e-06, 0.098181, 0.995169, 0.0, 0.0, 0.0, 0.0, 1.0],
                [1.0, 0.000516, -4.3e-05, 0.0, -0.000517, 0.995168, -0.098181, 0.234634, -8e-06, 0.098181, 0.995169, 0.0, 0.0, 0.0, 0.0, 1.0]
            ]
        },
        {
            "name": "Jaw",
            "time": [0.0, 1.1667],
            "transform": [
                [1.0, 0.000445, 0.000266, 0.0, -0.000518, 0.866521, 0.49914, 0.234634, -8e-06, -0.49914, 0.866521, 0.0, 0.0, 0.0, 0.0, 1.0],
                [1.0, 0.000445, 0.000266, 0.0, -0.000518, 0.866521, 0.49914, 0.234634, -8e-06, -0.49914, 0.866521, 0.0, 0.0, 0.0, 0.0, 1.0]
            ]
        },
        {
            "name": "Ear_R",
            "time": [0.0, 1.1667],
            "transform": [
                [0.994795, -0.011067, -0.101295, 0.103474, -0.101738, -0.052133, -0.993444, -0.139452, 0.005713, 0.998579, -0.052988, 0.207531, 0.0, 0.0, 0.0, 1.0],
                [0.994795, -0.011067, -0.101295, 0.103474, -0.101738, -0.052133, -0.993444, -0.139452, 0.005713, 0.998579, -0.052988, 0.207531, 0.0, 0.0, 0.0, 1.0]
            ]
        },
        {
            "name": "Ear_L",
            "time": [0.0, 1.1667],
            "transform": [
                [0.994795, -0.011067, -0.101295, -0.136526, -0.101738, -0.052133, -0.993444, -0.139327, 0.005713, 0.998579, -0.052988, 0.207533, 0.0, 0.0, 0.0, 1.0],
                [0.994795, -0.011067, -0.101295, -0.136526, -0.101738, -0.052133, -0.993444, -0.139327, 0.005713, 0.998579, -0.052988, 0.207533, 0.0, 0.0, 0.0, 1.0]
            ]
        },
        {
            "name": "Shoulder_FR",
            "time": [0.0, 1.1667],
            "transform": [
                [0.619817, 0.447136, 0.644901, -0.0, -0.7273, 0.018673, 0.686065, 0.6, 0.294722, -0.894271, 0.336776, -0.0, 0.0, 0.0, 0.0, 1.0],
                [0.619817, 0.447136, 0.6449, -0.0, -0.7273, 0.018673, 0.686065, 0.6, 0.294722, -0.894271, 0.336776, 0.0, 0.0, 0.0, 0.0, 1.0]
            ]
        },
        {
            "name": "Thigh_FR",
            "time": [0.0, 0.0333, 0.0667, 0.1, 0.1333, 0.1667, 0.2, 0.2333, 0.2667, 0.3, 0.3333, 0.3667, 0.4, 0.4333, 0.4667, 0.5, 0.5333, 0.5667, 0.6, 0.6333, 0.6667, 0.7, 0.7333, 0.7667, 1.1667],
            "transform": [
                [0.90758, -0.416539, -0.052855, -0.0, 0.417903, 0.883928, 0.20983, 0.53675, -0.040682, -0.212525, 0.976308, 0.0, 0.0, 0.0, 0.0, 1.0],
                [0.89736, -0.439413, -0.040752, 0.0, 0.438535, 0.877611, 0.193615, 0.53675, -0.049312, -0.191613, 0.980231, -0.0, 0.0, 0.0, 0.0, 1.0],
                [0.866713, -0.498767, -0.006336, 0.0, 0.493854, 0.856252, 0.151458, 0.53675, -0.070117, -0.1344, 0.988443, 0.0, 0.0, 0.0, 0.0, 1.0],
                [0.814241, -0.578521, 0.048224, -0.0, 0.572897, 0.814185, 0.094294, 0.53675, -0.093814, -0.049151, 0.994376, -0.0, 0.0, 0.0, 0.0, 1.0],
                [0.740875, -0.661136, 0.118337, -0.0, 0.662353, 0.7484, 0.034429, 0.53675, -0.111326, 0.052873, 0.992376, -0.0, 0.0, 0.0, 0.0, 1.0],
                [0.653283, -0.731599, 0.194894, -0.0, 0.747985, 0.66351, -0.016535, 0.53675, -0.117217, 0.15658, 0.980685, 0.0, 0.0, 0.0, 0.0, 1.0],
                [0.563709, -0.782176, 0.265391, -0.0, 0.818323, 0.572504, -0.050858, 0.53675, -0.112158, 0.245845, 0.962798, -0.0, 0.0, 0.0, 0.0, 1.0],
                [0.486713, -0.814007, 0.317023, 0.0, 0.867534, 0.492962, -0.066131, 0.53675, -0.10245, 0.307215, 0.946109, 0.0, 0.0, 0.0, 0.0, 1.0],
                [0.435925, -0.833756, 0.338853, -0.0, 0.894753, 0.442031, -0.063447, 0.53675, -0.096884, 0.330848, 0.938698, 0.0, 0.0, 0.0, 0.0, 1.0],
                [0.405599, -0.860804, 0.307417, -0.0, 0.91002, 0.411836, -0.04747, 0.53675, -0.085743, 0.299009, 0.95039, 0.0, 0.0, 0.0, 0.0, 1.0],
                [0.379496, -0.898594, 0.220253, 0.0, 0.923207, 0.383385, -0.026542, 0.53675, -0.060591, 0.213412, 0.975082, -0.0, 0.0, 0.0, 0.0, 1.0],
                [0.35495, -0.929472, 0.100458, 0.0, 0.934401, 0.35617, -0.006118, 0.53675, -0.030093, 0.09604, 0.994922, -0.0, 0.0, 0.0, 0.0, 1.0],
                [0.332283, -0.942889, -0.023408, -0.0, 0.943178, 0.332135, 0.010078, 0.53675, -0.001728, -0.025427, 0.999675, -0.0, 0.0, 0.0, 0.0, 1.0],
                [0.315294, -0.941433, -0.119556, -0.0, 0.948813, 0.315182, 0.02034, 0.53675, 0.018534, -0.119849, 0.992619, 0.0, 0.0, 0.0, 0.0, 1.0],
                [0.309655, -0.937636, -0.157961, -0.0, 0.95049, 0.309804, 0.024314, 0.53675, 0.02614, -0.157669, 0.987146, 0.0, 0.0, 0.0, 0.0, 1.0],
                [0.332018, -0.930368, -0.155497, 0.0, 0.942792, 0.332575, 0.023197, 0.53675, 0.030132, -0.154303, 0.987564, -0.0, 0.0, 0.0, 0.0, 1.0],
                [0.388198, -0.909495, -0.148731, -0.0, 0.920669, 0.389891, 0.018813, 0.53675, 0.040878, -0.144235, 0.988699, 0.0, 0.0, 0.0, 0.0, 1.0],
                [0.466704, -0.873375, -0.139294, 0.0, 0.88267, 0.469856, 0.011381, 0.53675, 0.055508, -0.128262, 0.990186, -0.0, 0.0, 0.0, 0.0, 1.0],
                [0.55527, -0.821621, -0.128897, 0.0, 0.828627, 0.5598, 0.001309, 0.53675, 0.071081, -0.107534, 0.991657, 0.0, 0.0, 0.0, 0.0, 1.0],
                [0.64194, -0.757448, -0.1191, 0.0, 0.76202, 0.647468, -0.010515, 0.53675, 0.085078, -0.084007, 0.992827, -0.0, 0.0, 0.0, 0.0, 1.0],
                [0.716871, -0.688306, -0.111041, -0.0, 0.69058, 0.7229, -0.022686, 0.53675, 0.095886, -0.060419, 0.993557, -0.0, 0.0, 0.0, 0.0, 1.0],
                [0.77368, -0.624769, -0.105274, -0.0, 0.625146, 0.779789, -0.033491, 0.53675, 0.103016, -0.039901, 0.993879, -0.0, 0.0, 0.0, 0.0, 1.0],
                [0.809243, -0.578575, -0.101866, 0.0, 0.577674, 0.815229, -0.041164, 0.53675, 0.10686, -0.025534, 0.993946, -0.0, 0.0, 0.0, 0.0, 1.0],
                [0.821715, -0.560928, -0.100716, 0.0, 0.559558, 0.827619, -0.044061, 0.53675, 0.10807, -0.020151, 0.993939, -0.0, 0.0, 0.0, 0.0, 1.0],
                [0.821715, -0.560928, -0.100716, 0.0, 0.559558, 0.827619, -0.044061, 0.53675, 0.10807, -0.020151, 0.993939, -0.0, 0.0, 0.0, 0.0, 1.0]
            ]
        },
        {
            "name": "Leg_FR",
            "time": [0.0, 0.0333, 0.0667, 0.1, 0.1333, 0.1667, 0.2, 0.2333, 0.2667, 0.3, 0.3333, 0.3667, 0.4, 0.4333, 0.4667, 0.5, 0.5333, 0.5667, 0.6, 0.6333, 0.6667, 0.7, 0.7333, 0.7667, 1.1667],
            "transform": [
                [0.992753, 0.119936, 0.007588, -0.0, -0.119936, 0.984808, 0.125575, 0.396082, 0.007588, -0.125575, 0.992055, 0.0, 0.0, 0.0, 0.0, 1.0],
                [0.986379, 0.163387, 0.01901, 0.0, -0.164319, 0.973489, 0.15912, 0.396082, 0.007492, -0.160076, 0.987076, 0.0, 0.0, 0.0, 0.0, 1.0],
                [0.961289, 0.270089, 0.054545, 0.0, -0.275173, 0.930754, 0.240785, 0.396082, 0.014265, -0.246473, 0.969045, 0.0, 0.0, 0.0, 0.0, 1.0],
                [0.90939, 0.399812, 0.114718, -0.0, -0.414169, 0.844932, 0.338459, 0.396082, 0.038391, -0.355303, 0.933962, -0.0, 0.0, 0.0, 0.0, 1.0],
                [0.837817, 0.512558, 0.188007, 0.0, -0.540202, 0.72845, 0.421358, 0.396082, 0.079017, -0.454583, 0.887192, -0.0, 0.0, 0.0, 0.0, 1.0],
                [0.772005, 0.584092, 0.25069, 0.0, -0.624197, 0.622252, 0.472421, 0.396082, 0.119945, -0.521191, 0.84497, -0.0, 0.0, 0.0, 0.0, 1.0],
                [0.743678, 0.608569, 0.276744, 0.0, -0.654084, 0.576721, 0.489456, 0.396082, 0.138263, -0.545012, 0.82695, -0.0, 0.0, 0.0, 0.0, 1.0],
                [0.743678, 0.608569, 0.276744, 0.0, -0.654084, 0.576721, 0.489456, 0.396082, 0.138263, -0.545012, 0.82695, -0.0, 0.0, 0.0, 0.0, 1.0],
                [0.743678, 0.608569, 0.276744, -0.0, -0.654084, 0.576721, 0.489455, 0.396082, 0.138263, -0.545012, 0.82695, 0.0, 0.0, 0.0, 0.0, 1.0],
                [0.743678, 0.608569, 0.276744, -0.0, -0.654085, 0.576721, 0.489456, 0.396082, 0.138263, -0.545012, 0.82695, 0.0, 0.0, 0.0, 0.0, 1.0],
                [0.743678, 0.608568, 0.276744, -0.0, -0.654084, 0.576721, 0.489456, 0.396082, 0.138263, -0.545011, 0.82695, -0.0, 0.0, 0.0, 0.0, 1.0],
                [0.743678, 0.608569, 0.276744, 0.0, -0.654085, 0.576721, 0.489455, 0.396082, 0.138263, -0.545011, 0.82695, -0.0, 0.0, 0.0, 0.0, 1.0],
                [0.743678, 0.608569, 0.276744, 0.0, -0.654084, 0.576721, 0.489456, 0.396082, 0.138263, -0.545011, 0.82695, -0.0, 0.0, 0.0, 0.0, 1.0],
                [0.743678, 0.608569, 0.276744, -0.0, -0.654085, 0.576721, 0.489455, 0.396082, 0.138263, -0.545012, 0.82695, -0.0, 0.0, 0.0, 0.0, 1.0],
                [0.743678, 0.608569, 0.276744, 0.0, -0.654085, 0.576721, 0.489456, 0.396082, 0.138263, -0.545012, 0.82695, 0.0, 0.0, 0.0, 0.0, 1.0],
                [0.753416, 0.601329, 0.266021, -0.0, -0.644016, 0.593189, 0.483084, 0.396082, 0.132692, -0.535285, 0.834184, -0.0, 0.0, 0.0, 0.0, 1.0],
                [0.778942, 0.580373, 0.237524, 0.0, -0.615796, 0.636329, 0.46463, 0.396082, 0.118515, -0.508186, 0.853054, 0.0, 0.0, 0.0, 0.0, 1.0],
                [0.814188, 0.546112, 0.197126, -0.0, -0.571909, 0.695833, 0.434438, 0.396082, 0.100086, -0.466453, 0.878866, -0.0, 0.0, 0.0, 0.0, 1.0],
                [0.852865, 0.499796, 0.151079, -0.0, -0.515693, 0.761017, 0.393592, 0.396082, 0.081742, -0.413591, 0.906786, 0.0, 0.0, 0.0, 0.0, 1.0],
                [0.889302, 0.444986, 0.105501, 0.0, -0.452406, 0.822283, 0.345224, 0.396082, 0.066868, -0.354737, 0.932572, -0.0, 0.0, 0.0, 0.0, 1.0],
                [0.919375, 0.387884, 0.065546, 0.0, -0.38921, 0.8727, 0.294806, 0.396082, 0.057148, -0.296548, 0.953306, -0.0, 0.0, 0.0, 0.0, 1.0],
                [0.941016, 0.336568, 0.034782, -0.0, -0.334286, 0.908853, 0.24948, 0.396082, 0.052356, -0.246391, 0.967755, -0.0, 0.0, 0.0, 0.0, 1.0],
                [0.953894, 0.299756, 0.01524, -0.0, -0.295804, 0.930285, 0.216955, 0.396082, 0.050856, -0.21146, 0.976063, 0.0, 0.0, 0.0, 0.0, 1.0],
                [0.958259, 0.285781, 0.008321, 0.0, -0.281376, 0.937531, 0.204605, 0.396082, 0.050671, -0.198406, 0.978809, -0.0, 0.0, 0.0, 0.0, 1.0],
                [0.958259, 0.285781, 0.008321, 0.0, -0.281376, 0.937531, 0.204605, 0.396082, 0.050671, -0.198406, 0.978809, -0.0, 0.0, 0.0, 0.0, 1.0]
            ]
        },
        {
            "name": "Shoulder_FL",
            "time": [0.0, 0.0333, 0.0667, 0.1, 0.1333, 0.1667, 0.2, 0.2333, 0.2667, 0.3, 0.3333, 0.3667, 0.4, 0.4333, 0.4667, 0.5, 0.5333, 0.5667, 0.6, 0.6333, 0.6667, 0.7, 0.7333, 0.7667, 0.8, 1.1667],
            "transform": [
                [0.803734, -0.447136, -0.392531, -0.0, 0.447136, 0.018673, 0.894271, 0.6, -0.392531, -0.894271, 0.214938, -0.0, 0.0, 0.0, 0.0, 1.0],
                [0.800429, -0.449049, -0.397075, -0.0, 0.450806, 0.014355, 0.892507, 0.6, -0.395079, -0.893392, 0.213924, 0.0, 0.0, 0.0, 0.0, 1.0],
                [0.790925, -0.454277, -0.409964, -0.0, 0.461074, 0.001958, 0.887359, 0.6, -0.402304, -0.890859, 0.211004, -0.0, 0.0, 0.0, 0.0, 1.0],
                [0.775688, -0.461904, -0.430062, 0.0, 0.476707, -0.01775, 0.878883, 0.6, -0.413593, -0.886752, 0.206424, -0.0, 0.0, 0.0, 0.0, 1.0],
                [0.755088, -0.470886, -0.456189, 0.0, 0.496351, -0.044022, 0.867005, 0.6, -0.428343, -0.881095, 0.200484, -0.0, 0.0, 0.0, 0.0, 1.0],
                [0.729525, -0.480124, -0.487108, 0.0, 0.518589, -0.076052, 0.851635, 0.6, -0.445936, -0.873898, 0.193505, -0.0, 0.0, 0.0, 0.0, 1.0],
                [0.699533, -0.488533, -0.521525, 0.0, 0.541991, -0.112923, 0.832763, 0.6, -0.465724, -0.865208, 0.185787, -0.0, 0.0, 0.0, 0.0, 1.0],
                [0.665854, -0.495126, -0.558112, -0.0, 0.565189, -0.153574, 0.810541, 0.6, -0.487031, -0.855141, 0.177582, -0.0, 0.0, 0.0, 0.0, 1.0],
                [0.629476, -0.499088, -0.595542, 0.0, 0.586957, -0.196807, 0.785333, 0.6, -0.509157, -0.843907, 0.169058, -0.0, 0.0, 0.0, 0.0, 1.0],
                [0.591639, -0.499842, -0.632551, -0.0, 0.606281, -0.241313, 0.757754, 0.6, -0.531401, -0.831821, 0.160275, 0.0, 0.0, 0.0, 0.0, 1.0],
                [0.553799, -0.497092, -0.667987, -0.0, 0.622425, -0.285735, 0.728658, 0.6, -0.553077, -0.819302, 0.151163, -0.0, 0.0, 0.0, 0.0, 1.0],
                [0.517566, -0.490833, -0.700863, -0.0, 0.634961, -0.328728, 0.699116, 0.6, -0.573542, -0.806859, 0.141521, -0.0, 0.0, 0.0, 0.0, 1.0],
                [0.48463, -0.481333, -0.730378, 0.0, 0.643764, -0.369034, 0.670359, 0.6, -0.5922, -0.795068, 0.13102, -0.0, 0.0, 0.0, 0.0, 1.0],
                [0.45668, -0.46908, -0.755915, -0.0, 0.648973, -0.40553, 0.643723, 0.6, -0.608504, -0.784544, 0.119222, -0.0, 0.0, 0.0, 0.0, 1.0],
                [0.435344, -0.4547, -0.776996, -0.0, 0.650909, -0.437257, 0.620583, 0.6, -0.621927, -0.775921, 0.105611, 0.0, 0.0, 0.0, 0.0, 1.0],
                [0.422143, -0.438874, -0.793212, -0.0, 0.649971, -0.463418, 0.602314, 0.6, -0.631928, -0.769827, 0.089627, -0.0, 0.0, 0.0, 0.0, 1.0],
                [0.418462, -0.422231, -0.804121, -0.0, 0.646517, -0.483351, 0.590244, 0.6, -0.637892, -0.766873, 0.070715, 0.0, 0.0, 0.0, 0.0, 1.0],
                [0.437791, -0.404873, -0.802756, 0.0, 0.634242, -0.493766, 0.594923, 0.6, -0.637241, -0.769593, 0.040621, 0.0, 0.0, 0.0, 0.0, 1.0],
                [0.485441, -0.386863, -0.784018, 0.0, 0.608578, -0.494304, 0.620722, 0.6, -0.627678, -0.77846, -0.004519, 0.0, 0.0, 0.0, 0.0, 1.0],
                [0.549904, -0.368233, -0.749673, 0.0, 0.571682, -0.488428, 0.659255, 0.6, -0.608921, -0.791102, -0.058076, -0.0, 0.0, 0.0, 0.0, 1.0],
                [0.619691, -0.349191, -0.702887, -0.0, 0.526529, -0.47917, 0.702256, 0.6, -0.582023, -0.805272, -0.113078, -0.0, 0.0, 0.0, 0.0, 1.0],
                [0.684557, -0.330674, -0.649643, 0.0, 0.478091, -0.469086, 0.742554, 0.6, -0.550282, -0.818909, -0.163024, 0.0, 0.0, 0.0, 0.0, 1.0],
                [0.736663, -0.314452, -0.598705, -0.0, 0.433346, -0.460169, 0.774891, 0.6, -0.519172, -0.83028, -0.202723, 0.0, 0.0, 0.0, 0.0, 1.0],
                [0.770796, -0.302879, -0.56048, -0.0, 0.400456, -0.453889, 0.796002, 0.6, -0.495489, -0.838003, -0.228566, 0.0, 0.0, 0.0, 0.0, 1.0],
                [0.783126, -0.298489, -0.545544, -0.0, 0.387741, -0.451487, 0.803627, 0.6, -0.48618, -0.840871, -0.237835, 0.0, 0.0, 0.0, 0.0, 1.0],
                [0.783126, -0.298489, -0.545544, -0.0, 0.387741, -0.451487, 0.803627, 0.6, -0.48618, -0.840871, -0.237835, 0.0, 0.0, 0.0, 0.0, 1.0]
            ]
        },
        {
            "name": "Thigh_FL",
            "time": [0.0, 0.0333, 0.0667, 0.1, 0.1333, 0.1667, 0.2, 0.2333, 0.2667, 0.3, 0.3333, 0.3667, 0.4, 0.4333, 0.4667, 0.5, 0.5333, 0.5667, 0.6, 0.6333, 0.6667, 0.7, 0.7333, 0.7667, 1.1667],
            "transform": [
                [0.885326, 0.464212, -0.026553, 0.0, -0.461154, 0.883928, 0.077518, 0.53675, 0.059456, -0.056384, 0.996637, 0.0, 0.0, 0.0, 0.0, 1.0],
                [0.883261, 0.46714, -0.040381, 0.0, -0.465983, 0.884101, 0.035015, 0.53675, 0.052058, -0.012111, 0.998571, 0.0, 0.0, 0.0, 0.0, 1.0],
                [0.8777, 0.472765, -0.078334, 0.0, -0.478201, 0.874677, -0.07915, 0.53675, 0.031098, 0.106929, 0.99378, 0.0, 0.0, 0.0, 0.0, 1.0],
                [0.869907, 0.47444, -0.134787, 0.0, -0.493211, 0.83568, -0.241623, 0.53675, -0.001997, 0.276668, 0.960964, 0.0, 0.0, 0.0, 0.0, 1.0],
                [0.86123, 0.46662, -0.201368, 0.0, -0.506291, 0.753302, -0.419768, 0.53675, -0.044182, 0.463468, 0.885012, 0.0, 0.0, 0.0, 0.0, 1.0],
                [0.852338, 0.449398, -0.267508, -0.0, -0.515207, 0.63358, -0.577181, 0.53675, -0.089896, 0.629776, 0.771558, -0.0, 0.0, 0.0, 0.0, 1.0],
                [0.842485, 0.430015, -0.32451, 0.0, -0.522093, 0.503229, -0.688607, 0.53675, -0.132808, 0.749565, 0.64847, -0.0, 0.0, 0.0, 0.0, 1.0],
                [0.829394, 0.419996, -0.368388, 0.0, -0.532815, 0.396413, -0.74764, 0.53675, -0.167971, 0.81637, 0.552562, -0.0, 0.0, 0.0, 0.0, 1.0],
                [0.809662, 0.431557, -0.397751, -0.0, -0.554823, 0.341851, -0.758491, 0.53675, -0.19136, 0.834803, 0.516222, 0.0, 0.0, 0.0, 0.0, 1.0],
                [0.783075, 0.459155, -0.419488, 0.0, -0.587515, 0.324885, -0.741132, 0.53675, -0.204009, 0.826817, 0.524169, -0.0, 0.0, 0.0, 0.0, 1.0],
                [0.752135, 0.489168, -0.441596, 0.0, -0.624508, 0.315093, -0.714637, 0.53675, -0.210434, 0.813284, 0.542482, -0.0, 0.0, 0.0, 0.0, 1.0],
                [0.717074, 0.52121, -0.462758, 0.0, -0.664465, 0.310727, -0.679658, 0.53675, -0.210453, 0.794852, 0.56914, 0.0, 0.0, 0.0, 0.0, 1.0],
                [0.678352, 0.554789, -0.481712, 0.0, -0.705869, 0.310118, -0.636848, 0.53675, -0.203929, 0.772033, 0.601978, -0.0, 0.0, 0.0, 0.0, 1.0],
                [0.636694, 0.589287, -0.497354, -0.0, -0.747109, 0.311728, -0.587072, 0.53675, -0.190915, 0.745363, 0.638737, -0.0, 0.0, 0.0, 0.0, 1.0],
                [0.593102, 0.623952, -0.508836, 0.0, -0.786587, 0.31421, -0.531557, 0.53675, -0.171784, 0.715512, 0.677151, 0.0, 0.0, 0.0, 0.0, 1.0],
                [0.548814, 0.657936, -0.515677, 0.0, -0.822863, 0.316484, -0.471947, 0.53675, -0.147307, 0.683343, 0.715082, 0.0, 0.0, 0.0, 0.0, 1.0],
                [0.505229, 0.690353, -0.517839, -0.0, -0.854786, 0.317801, -0.410297, 0.53675, -0.11868, 0.649935, 0.750666, -0.0, 0.0, 0.0, 0.0, 1.0],
                [0.463801, 0.720341, -0.515749, -0.0, -0.881609, 0.317779, -0.348972, 0.53675, -0.087484, 0.616543, 0.782446, -0.0, 0.0, 0.0, 0.0, 1.0],
                [0.425931, 0.747129, -0.510276, 0.0, -0.903046, 0.316405, -0.29051, 0.53675, -0.055595, 0.58454, 0.809458, -0.0, 0.0, 0.0, 0.0, 1.0],
                [0.39288, 0.770068, -0.502633, -0.0, -0.919248, 0.313986, -0.237477, 0.53675, -0.025054, 0.555345, 0.831243, 0.0, 0.0, 0.0, 0.0, 1.0],
                [0.365727, 0.788643, -0.494254, -0.0, -0.93072, 0.311066, -0.19235, 0.53675, 0.00205, 0.530359, 0.84777, 0.0, 0.0, 0.0, 0.0, 1.0],
                [0.345373, 0.802431, -0.486643, -0.0, -0.938167, 0.308303, -0.157456, 0.53675, 0.023686, 0.510934, 0.859294, -0.0, 0.0, 0.0, 0.0, 1.0],
                [0.332601, 0.811046, -0.481229, 0.0, -0.942304, 0.306338, -0.134981, 0.53675, 0.037943, 0.498359, 0.86614, -0.0, 0.0, 0.0, 0.0, 1.0],
                [0.328166, 0.81404, -0.479215, 0.0, -0.943638, 0.305632, -0.127027, 0.53675, 0.043058, 0.493891, 0.868457, -0.0, 0.0, 0.0, 0.0, 1.0],
                [0.328166, 0.81404, -0.479215, 0.0, -0.943638, 0.305632, -0.127027, 0.53675, 0.043058, 0.493891, 0.868457, -0.0, 0.0, 0.0, 0.0, 1.0]
            ]
        },
        {
            "name": "Leg_FL",
            "time": [0.0, 0.0333, 0.0667, 0.1, 0.1333, 0.1667, 0.2, 0.2333, 0.2667, 0.3, 0.3333, 0.3667, 0.4, 0.4333, 0.4667, 0.5, 0.5333, 0.5667, 0.6, 0.6333, 0.6667, 0.7, 0.7333, 0.7667, 1.1667],
            "transform": [
                [0.996962, -0.077658, -0.006077, -0.0, 0.077658, 0.984808, 0.155315, 0.396082, -0.006077, -0.155315, 0.987846, -0.0, 0.0, 0.0, 0.0, 1.0],
                [0.996475, -0.083883, -0.000535, -0.0, 0.082042, 0.973237, 0.214659, 0.396082, -0.017485, -0.213947, 0.976689, 0.0, 0.0, 0.0, 0.0, 1.0],
                [0.994805, -0.101118, 0.011791, -0.0, 0.090021, 0.927843, 0.361943, 0.396082, -0.047539, -0.359001, 0.932125, 0.0, 0.0, 0.0, 0.0, 1.0],
                [0.991696, -0.126389, 0.023759, -0.0, 0.093299, 0.834222, 0.543478, 0.396082, -0.08851, -0.536749, 0.839087, 0.0, 0.0, 0.0, 0.0, 1.0],
                [0.987683, -0.153508, 0.030312, 0.0, 0.088141, 0.705888, 0.702818, 0.396082, -0.129285, -0.69149, 0.710723, -0.0, 0.0, 0.0, 0.0, 1.0],
                [0.984146, -0.174543, 0.031475, -0.0, 0.078733, 0.58897, 0.804311, 0.396082, -0.158925, -0.789081, 0.593375, -0.0, 0.0, 0.0, 0.0, 1.0],
                [0.98266, -0.182805, 0.031024, -0.0, 0.073785, 0.539024, 0.839052, 0.396082, -0.170106, -0.822213, 0.543166, 0.0, 0.0, 0.0, 0.0, 1.0],
                [0.98266, -0.182805, 0.031024, 0.0, 0.073785, 0.539024, 0.839052, 0.396082, -0.170106, -0.822213, 0.543166, -0.0, 0.0, 0.0, 0.0, 1.0],
                [0.98266, -0.182805, 0.031024, 0.0, 0.073785, 0.539024, 0.839052, 0.396082, -0.170106, -0.822213, 0.543166, -0.0, 0.0, 0.0, 0.0, 1.0],
                [0.98266, -0.182805, 0.031024, -0.0, 0.073785, 0.539024, 0.839052, 0.396082, -0.170106, -0.822213, 0.543166, -0.0, 0.0, 0.0, 0.0, 1.0],
                [0.98266, -0.182805, 0.031024, -0.0, 0.073785, 0.539024, 0.839052, 0.396082, -0.170106, -0.822213, 0.543166, 0.0, 0.0, 0.0, 0.0, 1.0],
                [0.98266, -0.182805, 0.031024, -0.0, 0.073785, 0.539024, 0.839052, 0.396082, -0.170106, -0.822214, 0.543166, -0.0, 0.0, 0.0, 0.0, 1.0],
                [0.982659, -0.182805, 0.031024, 0.0, 0.073785, 0.539024, 0.839052, 0.396082, -0.170106, -0.822213, 0.543166, -0.0, 0.0, 0.0, 0.0, 1.0],
                [0.98266, -0.182805, 0.031024, -0.0, 0.073785, 0.539024, 0.839052, 0.396082, -0.170106, -0.822213, 0.543166, 0.0, 0.0, 0.0, 0.0, 1.0],
                [0.982659, -0.182805, 0.031024, -0.0, 0.073785, 0.539024, 0.839052, 0.396082, -0.170106, -0.822213, 0.543166, -0.0, 0.0, 0.0, 0.0, 1.0],
                [0.983666, -0.177167, 0.031838, 0.0, 0.073327, 0.555921, 0.827995, 0.396082, -0.164393, -0.812136, 0.559831, -0.0, 0.0, 0.0, 0.0, 1.0],
