{
    "animation": [
        {
            "name": "Root",
            "time": [0.0, 0.0333, 0.0667, 0.1, 0.1333, 0.1667, 0.2, 0.2333, 0.2667, 0.3, 0.3333, 0.3667, 0.4, 0.4333, 0.4667, 0.5, 0.5333, 0.5667, 0.6, 0.6333, 0.6667, 0.7, 0.7333, 0.7667, 0.8, 0.8333, 0.8667, 0.9, 0.9333, 0.9667, 1.0, 1.0333, 1.0667, 1.1, 1.1333, 1.1667, 1.2],
            "transform": [
                [1.0, 0.0, 0.0, -0.000507, 0.0, 1.0, 0.0, -0.523665, 0.0, 0.0, 1.0, 0.626391, 0.0, 0.0, 0.0, 1.0],
                [1.0, 0.0, 0.0, -0.000507, 0.0, 1.0, 0.0, -0.523665, 0.0, 0.0, 1.0, 0.626391, 0.0, 0.0, 0.0, 1.0],
                [1.0, 0.0, 0.0, -0.000507, 0.0, 1.0, 0.0, -0.523665, 0.0, 0.0, 1.0, 0.626391, 0.0, 0.0, 0.0, 1.0],
                [1.0, 0.0, 0.0, -0.000507, 0.0, 1.0, 0.0, -0.523665, 0.0, 0.0, 1.0, 0.626391, 0.0, 0.0, 0.0, 1.0],
                [1.0, 0.0, 0.0, -0.000507, 0.0, 1.0, 0.0, -0.523665, 0.0, 0.0, 1.0, 0.626391, 0.0, 0.0, 0.0, 1.0],
                [1.0, 0.0, 0.0, -0.000507, 0.0, 1.0, 0.0, -0.523665, 0.0, 0.0, 1.0, 0.626391, 0.0, 0.0, 0.0, 1.0],
                [1.0, 0.0, 0.0, -0.000507, 0.0, 1.0, 0.0, -0.460202, 0.0, 0.0, 1.0, 0.660429, 0.0, 0.0, 0.0, 1.0],
                [1.0, 0.0, 0.0, -0.000507, 0.0, 1.0, 0.0, -0.285546, 0.0, 0.0, 1.0, 0.752818, 0.0, 0.0, 0.0, 1.0],
                [1.0, 0.0, 0.0, -0.000507, 0.0, 1.0, 0.0, -0.023296, 0.0, 0.0, 1.0, 0.888971, 0.0, 0.0, 0.0, 1.0],
                [1.0, 0.0, 0.0, -0.000507, 0.0, 1.0, 0.0, 0.302946, 0.0, 0.0, 1.0, 1.0543, 0.0, 0.0, 0.0, 1.0],
                [1.0, 0.0, 0.0, -0.000507, 0.0, 1.0, 0.0, 0.669582, 0.0, 0.0, 1.0, 1.234217, 0.0, 0.0, 0.0, 1.0],
                [1.0, 0.0, 0.0, -0.000507, 0.0, 1.0, 0.0, 1.053011, 0.0, 0.0, 1.0, 1.414133, 0.0, 0.0, 0.0, 1.0],
                [1.0, 0.0, 0.0, -0.000507, 0.0, 1.0, 0.0, 1.429634, 0.0, 0.0, 1.0, 1.579462, 0.0, 0.0, 0.0, 1.0],
                [1.0, 0.0, 0.0, -0.000507, 0.0, 1.0, 0.0, 1.779882, 0.0, 0.0, 1.0, 1.715615, 0.0, 0.0, 0.0, 1.0],
                [1.0, 0.0, 0.0, -0.000507, 0.0, 1.0, 0.0, 2.100311, 0.0, 0.0, 1.0, 1.808004, 0.0, 0.0, 0.0, 1.0],
                [1.0, 0.0, 0.0, -0.000507, 0.0, 1.0, 0.0, 2.39151, 0.0, 0.0, 1.0, 1.842043, 0.0, 0.0, 0.0, 1.0],
                [1.0, 0.0, 0.0, -0.000507, 0.0, 1.0, 0.0, 2.654067, 0.0, 0.0, 1.0, 1.818123, 0.0, 0.0, 0.0, 1.0],
                [1.0, 0.0, 0.0, -0.000507, 0.0, 1.0, 0.0, 2.88857, 0.0, 0.0, 1.0, 1.751994, 0.0, 0.0, 0.0, 1.0],
                [1.0, 0.0, 0.0, -0.000507, 0.0, 1.0, 0.0, 3.095606, 0.0, 0.0, 1.0, 1.652097, 0.0, 0.0, 0.0, 1.0],
                [1.0, 0.0, 0.0, -0.000507, 0.0, 1.0, 0.0, 3.275765, 0.0, 0.0, 1.0, 1.526874, 0.0, 0.0, 0.0, 1.0],
                [1.0, 0.0, 0.0, -0.000507, 0.0, 1.0, 0.0, 3.429634, 0.0, 0.0, 1.0, 1.384766, 0.0, 0.0, 0.0, 1.0],
                [1.0, 0.0, 0.0, -0.000507, 0.0, 1.0, 0.0, 3.56193, 0.0, 0.0, 1.0, 1.234217, 0.0, 0.0, 0.0, 1.0],
                [1.0, 0.0, 0.0, -0.000507, 0.0, 1.0, 0.0, 3.677711, 0.0, 0.0, 1.0, 1.083667, 0.0, 0.0, 0.0, 1.0],
                [1.0, 0.0, 0.0, -0.000507, 0.0, 1.0, 0.0, 3.77808, 0.0, 0.0, 1.0, 0.94156, 0.0, 0.0, 0.0, 1.0],
                [1.0, 0.0, 0.0, -0.000507, 0.0, 1.0, 0.0, 3.864137, 0.0, 0.0, 1.0, 0.816336, 0.0, 0.0, 0.0, 1.0],
                [1.0, 0.0, 0.0, -0.000507, 0.0, 1.0, 0.0, 3.936982, 0.0, 0.0, 1.0, 0.716439, 0.0, 0.0, 0.0, 1.0],
                [1.0, 0.0, 0.0, -0.000507, 0.0, 1.0, 0.0, 3.997717, 0.0, 0.0, 1.0, 0.65031, 0.0, 0.0, 0.0, 1.0],
                [1.0, 0.0, 0.0, -0.000507, 0.0, 1.0, 0.0, 4.047442, 0.0, 0.0, 1.0, 0.626391, 0.0, 0.0, 0.0, 1.0],
                [1.0, 0.0, 0.0, -0.000507, 0.0, 1.0, 0.0, 4.087259, 0.0, 0.0, 1.0, 0.626391, 0.0, 0.0, 0.0, 1.0],
                [1.0, 0.0, 0.0, -0.000507, 0.0, 1.0, 0.0, 4.118269, 0.0, 0.0, 1.0, 0.626391, 0.0, 0.0, 0.0, 1.0],
                [1.0, 0.0, 0.0, -0.000507, 0.0, 1.0, 0.0, 4.141572, 0.0, 0.0, 1.0, 0.626391, 0.0, 0.0, 0.0, 1.0],
                [1.0, 0.0, 0.0, -0.000507, 0.0, 1.0, 0.0, 4.15827, 0.0, 0.0, 1.0, 0.626391, 0.0, 0.0, 0.0, 1.0],
                [1.0, 0.0, 0.0, -0.000507, 0.0, 1.0, 0.0, 4.169463, 0.0, 0.0, 1.0, 0.626391, 0.0, 0.0, 0.0, 1.0],
                [1.0, 0.0, 0.0, -0.000507, 0.0, 1.0, 0.0, 4.176252, 0.0, 0.0, 1.0, 0.626391, 0.0, 0.0, 0.0, 1.0],
                [1.0, 0.0, 0.0, -0.000507, 0.0, 1.0, 0.0, 4.179739, 0.0, 0.0, 1.0, 0.626391, 0.0, 0.0, 0.0, 1.0],
                [1.0, 0.0, 0.0, -0.000507, 0.0, 1.0, 0.0, 4.181023, 0.0, 0.0, 1.0, 0.626391, 0.0, 0.0, 0.0, 1.0],
                [1.0, 0.0, 0.0, -0.000507, 0.0, 1.0, 0.0, 4.181206, 0.0, 0.0, 1.0, 0.626391, 0.0, 0.0, 0.0, 1.0]
            ]
        },
        {
            "name": "Torso",
            "time": [0.0, 0.0333, 0.0667, 0.1, 0.1333, 0.1667, 0.2, 0.2333, 0.2667, 0.3, 0.3333, 0.3667, 0.4, 0.4333, 0.4667, 0.5, 0.5333, 0.5667, 0.6, 0.6333, 0.6667, 0.7, 0.7333, 0.7667, 0.8, 0.8333, 0.8667, 1.2],
            "transform": [
                [0.99383, 0.068595, 0.087156, 0.0, -0.076173, 0.993307, 0.086824, 0.179686, -0.080617, -0.092927, 0.992404, 0.0, 0.0, 0.0, 0.0, 1.0],
                [0.994769, 0.067295, 0.076851, 0.0, -0.070154, 0.996918, 0.035123, 0.179686, -0.074251, -0.040331, 0.996424, 0.0, 0.0, 0.0, 0.0, 1.0],
                [0.995633, 0.065442, 0.066575, 0.0, -0.064448, 0.997777, -0.016982, 0.179686, -0.067538, 0.012617, 0.997637, 0.0, 0.0, 0.0, 0.0, 1.0],
                [0.996418, 0.063037, 0.056371, 0.0, -0.059082, 0.995847, -0.069271, 0.179686, -0.060503, 0.065692, 0.996004, 0.0, 0.0, 0.0, 0.0, 1.0],
                [0.99712, 0.060086, 0.046284, 0.0, -0.054083, 0.991115, -0.121519, 0.179686, -0.053174, 0.118666, 0.991509, 0.0, 0.0, 0.0, 0.0, 1.0],
                [0.997735, 0.056598, 0.036359, 0.0, -0.049474, 0.98359, -0.1735, 0.179686, -0.045582, 0.171308, 0.984163, 0.0, 0.0, 0.0, 0.0, 1.0],
                [0.998261, 0.052591, 0.026637, 0.0, -0.045273, 0.973309, -0.224988, 0.179686, -0.037759, 0.223391, 0.973997, 0.0, 0.0, 0.0, 0.0, 1.0],
                [0.998696, 0.048084, 0.017161, 0.0, -0.041498, 0.960329, -0.275766, 0.179686, -0.02974, 0.274694, 0.961072, 0.0, 0.0, 0.0, 0.0, 1.0],
                [0.999039, 0.043101, 0.007969, 0.0, -0.03816, 0.94473, -0.32562, 0.179686, -0.021563, 0.325003, 0.945467, 0.0, 0.0, 0.0, 0.0, 1.0],
                [0.999103, 0.040857, 0.01112, 0.0, -0.036482, 0.9639, -0.263752, 0.179686, -0.021495, 0.263109, 0.964526, 0.0, 0.0, 0.0, 0.0, 1.0],
                [0.999162, 0.038398, 0.014139, 0.0, -0.034792, 0.979104, -0.200363, 0.179686, -0.021537, 0.199703, 0.97962, 0.0, 0.0, 0.0, 0.0, 1.0],
                [0.999217, 0.035735, 0.017003, 0.0, -0.0331, 0.990178, -0.135839, 0.179686, -0.02169, 0.13517, 0.990585, 0.0, 0.0, 0.0, 0.0, 1.0],
                [0.999265, 0.032884, 0.019691, 0.0, -0.031419, 0.997011, -0.070587, 0.179686, -0.021954, 0.069917, 0.997311, 0.0, 0.0, 0.0, 0.0, 1.0],
                [0.999308, 0.029862, 0.022187, 0.0, -0.029758, 0.999545, -0.005027, 0.179686, -0.022327, 0.004363, 0.999741, 0.0, 0.0, 0.0, 0.0, 1.0],
                [0.999344, 0.026691, 0.024475, 0.0, -0.028129, 0.997777, 0.060418, 0.179686, -0.022808, -0.061067, 0.997873, 0.0, 0.0, 0.0, 0.0, 1.0],
                [0.999374, 0.02339, 0.026541, 0.0, -0.026541, 0.99176, 0.125329, 0.179686, -0.023391, -0.125955, 0.99176, 0.0, 0.0, 0.0, 0.0, 1.0],
                [0.999398, 0.019985, 0.028377, 0.0, -0.025004, 0.981601, 0.189301, 0.179686, -0.024072, -0.189897, 0.981509, 0.0, 0.0, 0.0, 0.0, 1.0],
                [0.999404, 0.022296, 0.026336, 0.0, -0.026889, 0.981526, 0.189428, 0.179686, -0.021626, -0.190023, 0.981541, 0.0, 0.0, 0.0, 0.0, 1.0],
                [0.999402, 0.024607, 0.024294, 0.0, -0.028773, 0.981448, 0.189558, 0.179686, -0.019179, -0.190143, 0.981569, 0.0, 0.0, 0.0, 0.0, 1.0],
                [0.99939, 0.026919, 0.022252, 0.0, -0.030657, 0.981365, 0.189692, 0.179686, -0.016731, -0.190258, 0.981591, 0.0, 0.0, 0.0, 0.0, 1.0],
                [0.999368, 0.02923, 0.020211, 0.0, -0.03254, 0.981278, 0.18983, 0.179686, -0.014284, -0.190368, 0.981609, 0.0, 0.0, 0.0, 0.0, 1.0],
                [0.999337, 0.031542, 0.01817, 0.0, -0.034423, 0.981186, 0.189972, 0.179686, -0.011836, -0.190471, 0.981621, 0.0, 0.0, 0.0, 0.0, 1.0],
                [0.999297, 0.033854, 0.016129, 0.0, -0.036305, 0.98109, 0.190117, 0.179686, -0.009388, -0.190569, 0.981629, 0.0, 0.0, 0.0, 0.0, 1.0],
                [0.999246, 0.036165, 0.014088, 0.0, -0.038187, 0.980989, 0.190267, 0.179686, -0.00694, -0.190661, 0.981631, 0.0, 0.0, 0.0, 0.0, 1.0],
                [0.999187, 0.038477, 0.012048, 0.0, -0.040069, 0.980885, 0.19042, 0.179686, -0.004491, -0.190748, 0.981629, 0.0, 0.0, 0.0, 0.0, 1.0],
                [0.999118, 0.040789, 0.010008, 0.0, -0.041949, 0.980775, 0.190577, 0.179686, -0.002042, -0.190829, 0.981621, 0.0, 0.0, 0.0, 0.0, 1.0],
                [0.999039, 0.043101, 0.007969, 0.0, -0.043829, 0.980662, 0.190738, 0.179686, 0.000406, -0.190904, 0.981609, 0.0, 0.0, 0.0, 0.0, 1.0],
                [0.999039, 0.043101, 0.007969, 0.0, -0.043829, 0.980662, 0.190738, 0.179686, 0.000406, -0.190904, 0.981609, 0.0, 0.0, 0.0, 0.0, 1.0]
            ]
        },
        {
            "name": "Chest",
            "time": [0.0, 0.0333, 0.0667, 0.1, 0.1333, 0.1667, 0.2, 0.2333, 0.2667, 0.3, 0.3333, 0.3667, 0.4, 0.4333, 0.4667, 0.5, 0.5333, 0.5667, 0.6, 0.6333, 0.6667, 0.7, 0.7333, 0.7667, 0.8, 0.8333, 0.8667, 0.9, 0.9333, 0.9667, 1.0, 1.2],
            "transform": [
                [0.994042, -0.073356, -0.080617, 0.0, 0.065779, 0.993498, -0.092927, 0.419268, 0.086909, 0.087071, 0.992404, -0.0, 0.0, 0.0, 0.0, 1.0],
                [0.99533, -0.063839, -0.072406, 0.0, 0.059119, 0.996096, -0.065558, 0.419268, 0.076309, 0.060971, 0.995218, -0.0, 0.0, 0.0, 0.0, 1.0],
                [0.996465, -0.054521, -0.063916, 0.0, 0.052153, 0.99791, -0.038149, 0.419268, 0.065862, 0.034681, 0.997226, -0.0, 0.0, 0.0, 0.0, 1.0],
                [0.997445, -0.045415, -0.055155, -0.0, 0.044889, 0.998934, -0.010738, 0.419268, 0.055584, 0.008235, 0.99842, -0.0, 0.0, 0.0, 0.0, 1.0],
                [0.998267, -0.036535, -0.046134, 0.0, 0.037336, 0.999164, 0.016639, 0.419268, 0.045488, -0.018332, 0.998797, -0.0, 0.0, 0.0, 0.0, 1.0],
                [0.998931, -0.027891, -0.036866, 0.0, 0.029504, 0.998598, 0.043945, 0.419268, 0.035588, -0.044986, 0.998354, -0.0, 0.0, 0.0, 0.0, 1.0],
                [0.999479, -0.022123, -0.023484, -0.0, 0.021959, 0.999733, -0.007208, 0.419268, 0.023637, 0.006688, 0.999698, -0.0, 0.0, 0.0, 0.0, 1.0],
                [0.999823, -0.015657, -0.010386, -0.0, 0.015023, 0.998172, -0.058539, 0.419268, 0.011284, 0.058373, 0.998231, 0.0, 0.0, 0.0, 0.0, 1.0],
                [0.999961, -0.008517, 0.002371, -0.0, 0.008726, 0.993912, -0.10983, 0.419268, -0.001421, 0.109847, 0.993948, -0.0, 0.0, 0.0, 0.0, 1.0],
                [0.999891, -0.000736, 0.014732, -0.0, 0.003096, 0.986972, -0.16086, 0.419268, -0.014422, 0.160888, 0.986867, 0.0, 0.0, 0.0, 0.0, 1.0],
                [0.999906, -0.000701, 0.013692, -0.0, 0.002576, 0.990512, -0.137405, 0.419268, -0.013465, 0.137427, 0.99042, -0.0, 0.0, 0.0, 0.0, 1.0],
                [0.99992, -0.000642, 0.012651, -0.0, 0.002078, 0.993497, -0.113841, 0.419268, -0.012496, 0.113858, 0.993418, -0.0, 0.0, 0.0, 0.0, 1.0],
                [0.999932, -0.000558, 0.011611, -0.0, 0.001603, 0.995923, -0.090189, 0.419268, -0.011514, 0.090202, 0.995857, 0.0, 0.0, 0.0, 0.0, 1.0],
                [0.999944, -0.000449, 0.010573, 0.0, 0.001151, 0.997788, -0.066469, 0.419267, -0.01052, 0.066478, 0.997732, -0.0, 0.0, 0.0, 0.0, 1.0],
                [0.999955, -0.000316, 0.009537, -0.0, 0.000723, 0.999088, -0.042701, 0.419267, -0.009515, 0.042706, 0.999042, -0.0, 0.0, 0.0, 0.0, 1.0],
                [0.999964, -0.000157, 0.008505, -0.0, 0.000318, 0.999821, -0.018905, 0.419267, -0.0085, 0.018907, 0.999785, 0.0, 0.0, 0.0, 0.0, 1.0],
                [0.999972, 2.5e-05, 0.007476, 0.0, -6.2e-05, 0.999988, 0.004899, 0.419268, -0.007476, -0.004899, 0.99996, 0.0, 0.0, 0.0, 0.0, 1.0],
                [0.999979, 0.000232, 0.006453, 0.0, -0.000417, 0.999588, 0.028691, 0.419267, -0.006444, -0.028693, 0.999568, -0.0, 0.0, 0.0, 0.0, 1.0],
                [0.999985, 0.000463, 0.005436, -0.0, -0.000748, 0.998623, 0.052449, 0.419268, -0.005404, -0.052453, 0.998609, -0.0, 0.0, 0.0, 0.0, 1.0],
                [0.99999, 0.000718, 0.004425, -0.0, -0.001053, 0.997095, 0.076155, 0.419267, -0.004358, -0.076159, 0.997086, -0.0, 0.0, 0.0, 0.0, 1.0],
                [0.999994, 0.000997, 0.003422, -0.0, -0.001334, 0.995008, 0.099788, 0.419268, -0.003306, -0.099792, 0.995003, -0.0, 0.0, 0.0, 0.0, 1.0],
                [0.999991, 0.00079, 0.004158, 0.0, -0.00113, 0.996595, 0.082441, 0.419267, -0.004079, -0.082445, 0.996587, 0.0, 0.0, 0.0, 0.0, 1.0],
                [0.999988, 0.000596, 0.004898, 0.0, -0.000913, 0.997881, 0.065058, 0.419267, -0.004848, -0.065062, 0.997869, 0.0, 0.0, 0.0, 0.0, 1.0],
                [0.999984, 0.000415, 0.005641, 0.0, -0.000683, 0.998864, 0.047648, 0.419267, -0.005615, -0.047651, 0.998848, -0.0, 0.0, 0.0, 0.0, 1.0],
                [0.99998, 0.000246, 0.006387, 0.0, -0.000439, 0.999543, 0.030218, 0.419268, -0.006377, -0.03022, 0.999523, -0.0, 0.0, 0.0, 0.0, 1.0],
                [0.999975, 9.1e-05, 0.007137, 0.0, -0.000182, 0.999918, 0.012777, 0.419267, -0.007135, -0.012777, 0.999893, -0.0, 0.0, 0.0, 0.0, 1.0],
                [0.999969, -5.1e-05, 0.007889, 0.0, 8.8e-05, 0.999989, -0.004669, 0.419268, -0.007889, 0.004669, 0.999958, -0.0, 0.0, 0.0, 0.0, 1.0],
                [0.999963, -0.00018, 0.008643, -0.0, 0.000371, 0.999756, -0.02211, 0.419268, -0.008637, 0.022112, 0.999718, -0.0, 0.0, 0.0, 0.0, 1.0],
                [0.999956, -0.000296, 0.0094, 0.0, 0.000667, 0.999218, -0.039538, 0.419267, -0.009381, 0.039543, 0.999174, -0.0, 0.0, 0.0, 0.0, 1.0],
                [0.999948, -0.000399, 0.010158, -0.0, 0.000976, 0.998377, -0.056947, 0.419268, -0.010118, 0.056954, 0.998326, -0.0, 0.0, 0.0, 0.0, 1.0],
                [0.99994, -0.000488, 0.010917, 0.0, 0.001298, 0.997233, -0.074327, 0.419268, -0.01085, 0.074337, 0.997174, -0.0, 0.0, 0.0, 0.0, 1.0],
                [0.99994, -0.000488, 0.010917, -0.0, 0.001298, 0.997233, -0.074327, 0.419268, -0.01085, 0.074337, 0.997174, -0.0, 0.0, 0.0, 0.0, 1.0]
            ]
        },
        {
            "name": "Shoulder_FR",
            "time": [0.0, 0.0333, 0.0667, 0.1, 0.1333, 0.1667, 1.2],
            "transform": [
                [0.359856, 0.324445, 0.874779, -0.0, -0.924807, 1e-06, 0.380436, 0.299477, 0.12343, -0.945905, 0.300049, -0.0, 0.0, 0.0, 0.0, 1.0],
                [0.359856, 0.324445, 0.874779, 0.0, -0.924807, 1e-06, 0.380436, 0.299477, 0.12343, -0.945904, 0.300049, -0.0, 0.0, 0.0, 0.0, 1.0],
                [0.359856, 0.324445, 0.87478, 0.0, -0.924808, 1e-06, 0.380436, 0.299477, 0.12343, -0.945905, 0.30005, -0.0, 0.0, 0.0, 0.0, 1.0],
                [0.359856, 0.324445, 0.87478, 0.0, -0.924807, 1e-06, 0.380436, 0.299477, 0.12343, -0.945905, 0.300049, 0.0, 0.0, 0.0, 0.0, 1.0],
                [0.359856, 0.324445, 0.874779, -0.0, -0.924807, 1e-06, 0.380436, 0.299477, 0.12343, -0.945904, 0.300049, -0.0, 0.0, 0.0, 0.0, 1.0],
                [0.359856, 0.324445, 0.87478, 0.0, -0.924807, 1e-06, 0.380436, 0.299477, 0.12343, -0.945904, 0.300049, -0.0, 0.0, 0.0, 0.0, 1.0],
                [0.359856, 0.324445, 0.87478, -0.0, -0.924807, 1e-06, 0.380436, 0.299477, 0.12343, -0.945904, 0.300049, -0.0, 0.0, 0.0, 0.0, 1.0]
            ]
        },
        {
            "name": "Thigh_FR",
            "time": [0.0, 0.0333, 0.0667, 0.1, 0.1333, 0.1667, 0.2, 0.2333, 0.2667, 0.3, 0.3333, 0.3667, 0.4, 0.4333, 0.4667, 0.5, 0.5333, 0.5667, 0.6, 0.6333, 0.6667, 0.7, 0.7333, 0.7667, 0.8, 0.8333, 0.8667, 0.9, 1.2],
            "transform": [
                [0.897859, 0.062634, 0.435805, -0.0, -0.214864, 0.926292, 0.309543, 0.189962, -0.384295, -0.371565, 0.845137, -0.0, 0.0, 0.0, 0.0, 1.0],
                [0.892253, 0.119445, 0.435452, 0.0, -0.271007, 0.913027, 0.304856, 0.189962, -0.361166, -0.390019, 0.847021, 0.0, 0.0, 0.0, 0.0, 1.0],
                [0.892701, 0.115922, 0.435484, -0.0, -0.26749, 0.914005, 0.305031, 0.189962, -0.362675, -0.388789, 0.846941, -0.0, 0.0, 0.0, 0.0, 1.0],
                [0.895015, 0.095722, 0.435643, -0.0, -0.247488, 0.919134, 0.306498, 0.189962, -0.371076, -0.382137, 0.84633, 0.0, 0.0, 0.0, 0.0, 1.0],
                [0.898844, 0.045767, 0.435873, -0.0, -0.197952, 0.929703, 0.310591, 0.189962, -0.391018, -0.365455, 0.844717, 0.0, 0.0, 0.0, 0.0, 1.0],
                [0.898846, -0.047633, 0.435669, -0.0, -0.104572, 0.942055, 0.318744, 0.189962, -0.425607, -0.33206, 0.841781, 0.0, 0.0, 0.0, 0.0, 1.0],
                [0.881332, -0.191451, 0.431973, 0.0, 0.040487, 0.941469, 0.334658, 0.189962, -0.47076, -0.277456, 0.837498, 0.0, 0.0, 0.0, 0.0, 1.0],
                [0.832343, -0.35926, 0.422062, -0.0, 0.212095, 0.909979, 0.356307, 0.189962, -0.512075, -0.207053, 0.833612, -0.0, 0.0, 0.0, 0.0, 1.0],
                [0.754045, -0.515059, 0.407591, 0.0, 0.37493, 0.847043, 0.376757, 0.189962, -0.539299, -0.131273, 0.83182, -0.0, 0.0, 0.0, 0.0, 1.0],
                [0.664415, -0.63604, 0.392436, 0.0, 0.505025, 0.769162, 0.391586, 0.189962, -0.550911, -0.061985, 0.832259, 0.0, 0.0, 0.0, 0.0, 1.0],
                [0.578352, -0.722455, 0.378903, -0.0, 0.600901, 0.691405, 0.401096, 0.189962, -0.551749, -0.004292, 0.833999, -0.0, 0.0, 0.0, 0.0, 1.0],
                [0.506761, -0.779469, 0.368268, 0.0, 0.66619, 0.625207, 0.406579, 0.189962, -0.547159, 0.039298, 0.836105, -0.0, 0.0, 0.0, 0.0, 1.0],
                [0.458682, -0.811774, 0.361432, 0.0, 0.704258, 0.580134, 0.409225, 0.189962, -0.541877, 0.066837, 0.837796, -0.0, 0.0, 0.0, 0.0, 1.0],
                [0.441388, -0.822354, 0.359042, 0.0, 0.716966, 0.563815, 0.409966, 0.189962, -0.53957, 0.076467, 0.838461, -0.0, 0.0, 0.0, 0.0, 1.0],
                [0.442803, -0.821491, 0.359276, 0.0, 0.715921, 0.565175, 0.40992, 0.189962, -0.539799, 0.0757, 0.838383, 0.0, 0.0, 0.0, 0.0, 1.0],
                [0.446756, -0.81906, 0.359931, -0.0, 0.712982, 0.568974, 0.409787, 0.189962, -0.540431, 0.073549, 0.838167, 0.0, 0.0, 0.0, 0.0, 1.0],
                [0.452802, -0.815289, 0.360936, 0.0, 0.708433, 0.574778, 0.409577, 0.189962, -0.541381, 0.070242, 0.837838, -0.0, 0.0, 0.0, 0.0, 1.0],
                [0.460489, -0.810399, 0.36222, 0.0, 0.702552, 0.582149, 0.409297, 0.189962, -0.542559, 0.066001, 0.837421, -0.0, 0.0, 0.0, 0.0, 1.0],
                [0.46937, -0.804616, 0.363711, 0.0, 0.695622, 0.590648, 0.408955, 0.189962, -0.543877, 0.061054, 0.836941, 0.0, 0.0, 0.0, 0.0, 1.0],
                [0.479, -0.798177, 0.365339, -0.0, 0.687938, 0.599849, 0.408562, 0.189962, -0.545253, 0.055629, 0.836424, 0.0, 0.0, 0.0, 0.0, 1.0],
                [0.488949, -0.791338, 0.367033, -0.0, 0.679809, 0.609335, 0.40813, 0.189962, -0.546615, 0.049957, 0.835893, 0.0, 0.0, 0.0, 0.0, 1.0],
                [0.498801, -0.784374, 0.368722, 0.0, 0.671566, 0.618707, 0.407677, 0.189962, -0.547902, 0.044271, 0.83537, -0.0, 0.0, 0.0, 0.0, 1.0],
                [0.508153, -0.77758, 0.370337, 0.0, 0.663556, 0.627585, 0.407222, 0.189962, -0.549066, 0.038808, 0.834877, -0.0, 0.0, 0.0, 0.0, 1.0],
                [0.516621, -0.771272, 0.371809, -0.0, 0.656144, 0.635608, 0.406789, 0.189962, -0.55007, 0.033804, 0.834434, 0.0, 0.0, 0.0, 0.0, 1.0],
                [0.523835, -0.765777, 0.373071, 0.0, 0.649708, 0.642429, 0.406404, 0.189962, -0.550887, 0.029499, 0.834058, -0.0, 0.0, 0.0, 0.0, 1.0],
                [0.529433, -0.761435, 0.374055, -0.0, 0.644634, 0.647714, 0.406095, 0.189962, -0.551496, 0.026129, 0.833768, -0.0, 0.0, 0.0, 0.0, 1.0],
                [0.533058, -0.758586, 0.374695, 0.0, 0.641311, 0.651133, 0.405889, 0.189962, -0.551878, 0.023934, 0.833581, -0.0, 0.0, 0.0, 0.0, 1.0],
                [0.534348, -0.757565, 0.374923, 0.0, 0.64012, 0.652349, 0.405815, 0.189962, -0.552012, 0.023149, 0.833515, -0.0, 0.0, 0.0, 0.0, 1.0],
                [0.534348, -0.757565, 0.374923, 1e-06, 0.64012, 0.652349, 0.405815, 0.189962, -0.552012, 0.023149, 0.833515, 0.0, 0.0, 0.0, 0.0, 1.0]
            ]
        },
        {
            "name": "Leg_FR",
            "time": [0.0, 0.0333, 0.0667, 0.1, 0.1333, 0.1667, 0.2, 0.2333, 0.2667, 0.3, 0.3333, 0.3667, 0.4, 0.4333, 0.4667, 0.5, 0.5333, 0.5667, 0.6, 0.6333, 0.6667, 0.7, 0.7333, 0.7667, 0.8, 0.8333, 0.8667, 0.9, 1.2],
            "transform": [
                [0.984848, -0.173419, -0.000915, -0.0, 0.173419, 0.984792, 0.010482, 0.239581, -0.000916, -0.010482, 0.999945, -0.0, 0.0, 0.0, 0.0, 1.0],
                [0.999672, -0.025561, 0.001368, 0.0, 0.025566, 0.999665, -0.004108, 0.239581, -0.001262, 0.004142, 0.999991, -0.0, 0.0, 0.0, 0.0, 1.0],
                [0.991672, 0.128783, 0.001421, 0.0, -0.128731, 0.991489, -0.019465, 0.239581, -0.003916, 0.01912, 0.99981, -0.0, 0.0, 0.0, 0.0, 1.0],
                [0.958762, 0.284208, -0.000991, 0.0, -0.284067, 0.958163, -0.035063, 0.239581, -0.009015, 0.033899, 0.999385, 0.0, 0.0, 0.0, 0.0, 1.0],
                [0.900601, 0.434606, -0.005937, 0.0, -0.434333, 0.899347, -0.050298, 0.239581, -0.01652, 0.047877, 0.998717, 0.0, 0.0, 0.0, 0.0, 1.0],
                [0.818825, 0.573889, -0.013288, 0.0, -0.573445, 0.816697, -0.064556, 0.239581, -0.026196, 0.06048, 0.997826, -0.0, 0.0, 0.0, 0.0, 1.0],
                [0.864286, 0.50286, -0.011888, -0.0, -0.502695, 0.862698, -0.055227, 0.239581, -0.017516, 0.053708, 0.998403, -0.0, 0.0, 0.0, 0.0, 1.0],
                [0.904019, 0.427343, -0.011278, 0.0, -0.42739, 0.902912, -0.045697, 0.239581, -0.009345, 0.046132, 0.998892, 0.0, 0.0, 0.0, 0.0, 1.0],
                [0.937401, 0.348064, -0.01149, 0.0, -0.348249, 0.936708, -0.036069, 0.239581, -0.001792, 0.037812, 0.999283, -0.0, 0.0, 0.0, 0.0, 1.0],
                [0.963932, 0.265854, -0.012534, 0.0, -0.266102, 0.963582, -0.026449, 0.239581, 0.005046, 0.028831, 0.999572, -0.0, 0.0, 0.0, 0.0, 1.0],
                [0.983261, 0.181629, -0.014407, -0.0, -0.181862, 0.983178, -0.016948, 0.239581, 0.011086, 0.019285, 0.999753, 0.0, 0.0, 0.0, 0.0, 1.0],
                [0.995201, 0.09635, -0.017082, -0.0, -0.096492, 0.995304, -0.007673, 0.239581, 0.016263, 0.009285, 0.999825, -0.0, 0.0, 0.0, 0.0, 1.0],
                [0.999729, 0.010991, -0.020519, 0.0, -0.010967, 0.999939, 0.001276, 0.239581, 0.020532, -0.001051, 0.999789, 0.0, 0.0, 0.0, 0.0, 1.0],
                [0.99699, -0.073503, -0.024658, -0.0, 0.073763, 0.997228, 0.009808, 0.239581, 0.023869, -0.011597, 0.999648, -0.0, 0.0, 0.0, 0.0, 1.0],
                [0.99973, -0.008069, -0.02177, 0.0, 0.008138, 0.999962, 0.00307, 0.239581, 0.021745, -0.003246, 0.999758, -0.0, 0.0, 0.0, 0.0, 1.0],
                [0.998112, 0.058314, -0.019299, -0.0, -0.0584, 0.998285, -0.003939, 0.239581, 0.019037, 0.005058, 0.999806, -0.0, 0.0, 0.0, 0.0, 1.0],
                [0.99198, 0.125211, -0.017279, -0.0, -0.125414, 0.992042, -0.011178, 0.239581, 0.015742, 0.013256, 0.999788, 0.0, 0.0, 0.0, 0.0, 1.0],
                [0.981237, 0.192162, -0.015738, -0.0, -0.19244, 0.981132, -0.018605, 0.239581, 0.011865, 0.021285, 0.999703, 0.0, 0.0, 0.0, 0.0, 1.0],
                [0.965849, 0.258688, -0.014697, -0.0, -0.258999, 0.965523, -0.02617, 0.239582, 0.007421, 0.029083, 0.99955, -0.0, 0.0, 0.0, 0.0, 1.0],
                [0.945848, 0.324301, -0.014175, 0.0, -0.324602, 0.945246, -0.033821, 0.239581, 0.002431, 0.03659, 0.999327, 0.0, 0.0, 0.0, 0.0, 1.0],
                [0.921331, 0.388521, -0.014179, -0.0, -0.388768, 0.920401, -0.041503, 0.239582, -0.003074, 0.04375, 0.999038, -0.0, 0.0, 0.0, 0.0, 1.0],
                [0.892462, 0.450882, -0.014711, -1e-06, -0.451031, 0.891154, -0.049162, 0.239582, -0.009056, 0.05051, 0.998682, -0.0, 0.0, 0.0, 0.0, 1.0],
                [0.85947, 0.510943, -0.015765, 0.0, -0.510953, 0.857734, -0.056743, 0.239581, -0.01547, 0.056824, 0.998264, 0.0, 0.0, 0.0, 0.0, 1.0],
                [0.822635, 0.568306, -0.017327, -0.0, -0.568134, 0.820429, -0.064192, 0.239581, -0.022265, 0.06265, 0.997787, -0.0, 0.0, 0.0, 0.0, 1.0],
                [0.78229, 0.622613, -0.019377, -0.0, -0.622221, 0.779573, -0.071459, 0.239581, -0.029386, 0.067958, 0.997255, -0.0, 0.0, 0.0, 0.0, 1.0],
                [0.738805, 0.673564, -0.021887, 0.0, -0.672915, 0.735543, -0.078499, 0.239581, -0.036775, 0.072724, 0.996674, 0.0, 0.0, 0.0, 0.0, 1.0],
                [0.69258, 0.720914, -0.024827, 0.0, -0.719975, 0.688742, -0.08527, 0.239581, -0.044373, 0.076931, 0.996048, -0.0, 0.0, 0.0, 0.0, 1.0],
                [0.644034, 0.764478, -0.02816, -0.0, -0.763219, 0.639595, -0.091736, 0.239581, -0.052119, 0.080573, 0.995385, 0.0, 0.0, 0.0, 0.0, 1.0],
                [0.644034, 0.764478, -0.02816, 0.0, -0.763219, 0.639595, -0.091736, 0.239582, -0.052119, 0.080573, 0.995385, 0.0, 0.0, 0.0, 0.0, 1.0]
            ]
        },
        {
            "name": "Shoulder_FL",
            "time": [0.0, 0.0333, 0.0667, 0.1, 0.1333, 0.1667, 1.2],
            "transform": [
                [0.537518, -0.324445, -0.778338, -0.0, 0.82285, 1e-06, 0.568258, 0.299477, -0.184368, -0.945905, 0.26697, -0.0, 0.0, 0.0, 0.0, 1.0],
                [0.537518, -0.324445, -0.778338, 0.0, 0.82285, 1e-06, 0.568258, 0.299477, -0.184368, -0.945904, 0.26697, -0.0, 0.0, 0.0, 0.0, 1.0],
                [0.537518, -0.324445, -0.778338, 0.0, 0.82285, 1e-06, 0.568258, 0.299477, -0.184368, -0.945905, 0.26697, -0.0, 0.0, 0.0, 0.0, 1.0],
                [0.537518, -0.324445, -0.778338, 0.0, 0.82285, 1e-06, 0.568258, 0.299477, -0.184368, -0.945905, 0.26697, 0.0, 0.0, 0.0, 0.0, 1.0],
                [0.537518, -0.324445, -0.778338, -0.0, 0.82285, 1e-06, 0.568258, 0.299477, -0.184368, -0.945904, 0.26697, -0.0, 0.0, 0.0, 0.0, 1.0],
                [0.537518, -0.324445, -0.778338, 0.0, 0.82285, 1e-06, 0.568258, 0.299477, -0.184368, -0.945905, 0.26697, -0.0, 0.0, 0.0, 0.0, 1.0],
                [0.537518, -0.324445, -0.778338, -0.0, 0.822851, 1e-06, 0.568258, 0.299477, -0.184368, -0.945905, 0.26697, -0.0, 0.0, 0.0, 0.0, 1.0]
            ]
        },
        {
            "name": "Thigh_FL",
            "time": [0.0, 0.0333, 0.0667, 0.1, 0.1333, 0.1667, 0.2, 0.2333, 0.2667, 0.3, 0.3333, 0.3667, 0.4, 0.4333, 1.2],
            "transform": [
                [0.851599, 0.521262, -0.055366, 0.0, -0.520663, 0.85337, 0.025876, 0.189962, 0.060735, 0.006791, 0.998131, 0.0, 0.0, 0.0, 0.0, 1.0],
                [0.817774, 0.570019, -0.07953, 0.0, -0.572509, 0.819826, -0.0109, 0.189962, 0.058987, 0.054446, 0.996773, -0.0, 0.0, 0.0, 0.0, 1.0],
                [0.838153, 0.541675, -0.063935, 0.0, -0.542055, 0.840246, 0.012753, 0.189962, 0.06063, 0.023967, 0.997872, 0.0, 0.0, 0.0, 0.0, 1.0],
                [0.879239, 0.475269, -0.032547, 0.0, -0.47255, 0.878777, 0.066693, 0.189962, 0.060299, -0.043259, 0.997243, 0.0, 0.0, 0.0, 0.0, 1.0],
                [0.914671, 0.404161, -0.005555, -0.0, -0.400498, 0.908066, 0.122551, 0.189962, 0.054574, -0.109869, 0.992447, 0.0, 0.0, 0.0, 0.0, 1.0],
                [0.928779, 0.370598, 0.005163, -0.0, -0.367215, 0.918232, 0.148334, 0.189962, 0.050231, -0.139665, 0.988924, -0.0, 0.0, 0.0, 0.0, 1.0],
                [0.896095, 0.443417, -0.019871, 0.0, -0.44004, 0.893351, 0.091041, 0.189962, 0.058121, -0.072837, 0.995649, 0.0, 0.0, 0.0, 0.0, 1.0],
                [0.807254, 0.583535, -0.088469, -0.0, -0.587443, 0.808882, -0.024913, 0.189962, 0.057023, 0.072081, 0.995767, -0.0, 0.0, 0.0, 0.0, 1.0],
                [0.705324, 0.688767, -0.167682, 0.0, -0.708043, 0.696019, -0.119305, 0.189962, 0.034536, 0.202874, 0.978596, 0.0, 0.0, 0.0, 0.0, 1.0],
                [0.635425, 0.739436, -0.222418, 0.0, -0.772075, 0.612753, -0.168622, 0.189962, 0.011602, 0.27887, 0.960259, -0.0, 0.0, 0.0, 0.0, 1.0],
                [0.589757, 0.765054, -0.25861, -0.0, -0.807561, 0.556437, -0.19551, 0.189962, -0.005676, 0.324146, 0.94599, -0.0, 0.0, 0.0, 0.0, 1.0],
                [0.564532, 0.776836, -0.278979, 0.0, -0.825264, 0.524842, -0.208519, 0.189962, -0.015565, 0.347947, 0.937385, 0.0, 0.0, 0.0, 0.0, 1.0],
                [0.554075, 0.78116, -0.287732, -0.0, -0.83224, 0.511723, -0.213344, 0.189962, -0.019417, 0.357671, 0.933646, -0.0, 0.0, 0.0, 0.0, 1.0],
                [0.552047, 0.781916, -0.289571, 0.0, -0.833573, 0.509215, -0.21414, 0.189962, -0.019986, 0.359594, 0.932895, 0.0, 0.0, 0.0, 0.0, 1.0],
                [0.552047, 0.781916, -0.289571, 0.0, -0.833573, 0.509215, -0.21414, 0.189962, -0.019986, 0.359593, 0.932895, 0.0, 0.0, 0.0, 0.0, 1.0]
            ]
        },
        {
            "name": "Leg_FL",
            "time": [0.0, 0.0333, 0.0667, 0.1, 0.1333, 0.1667, 0.2, 0.2333, 0.2667, 0.3, 0.3333, 0.3667, 0.4, 0.4333, 0.4667, 0.5, 0.5333, 0.5667, 0.6, 0.6333, 0.6667, 0.7, 0.7333, 0.7667, 0.8, 0.8333, 0.8667, 0.9, 1.2],
            "transform": [
                [0.682575, -0.694557, -0.227334, 0.0, 0.694558, 0.519763, 0.49743, 0.239581, -0.227334, -0.49743, 0.837188, 0.0, 0.0, 0.0, 0.0, 1.0],
                [0.66949, -0.704113, -0.236659, -0.0, 0.704114, 0.500033, 0.504174, 0.239581, -0.236659, -0.504175, 0.830543, -0.0, 0.0, 0.0, 0.0, 1.0],
                [0.755414, -0.631336, -0.175401, 0.0, 0.631336, 0.629628, 0.45275, 0.239581, -0.1754, -0.452751, 0.874215, -0.0, 0.0, 0.0, 0.0, 1.0],
                [0.832795, -0.54038, -0.120171, 0.0, 0.54038, 0.746428, 0.388373, 0.239581, -0.12017, -0.388373, 0.913633, 0.0, 0.0, 0.0, 0.0, 1.0],
                [0.897991, -0.433821, -0.073567, 0.0, 0.433821, 0.844937, 0.312859, 0.239581, -0.073566, -0.312859, 0.946946, 0.0, 0.0, 0.0, 0.0, 1.0],
                [0.948138, -0.315623, -0.037632, -0.0, 0.315623, 0.920833, 0.229016, 0.239581, -0.03763, -0.229017, 0.972695, -0.0, 0.0, 0.0, 0.0, 1.0],
                [0.967227, -0.252639, -0.025394, -0.0, 0.253016, 0.950593, 0.179877, 0.239581, -0.021305, -0.180407, 0.983361, -0.0, 0.0, 0.0, 0.0, 1.0],
                [0.982185, -0.187197, -0.016417, 0.0, 0.187739, 0.973719, 0.128942, 0.239581, -0.008152, -0.129727, 0.991516, 0.0, 0.0, 0.0, 0.0, 1.0],
                [0.992718, -0.119968, -0.010902, 0.0, 0.120452, 0.989749, 0.076737, 0.239581, 0.001584, -0.077492, 0.996992, -0.0, 0.0, 0.0, 0.0, 1.0],
                [0.998623, -0.051685, -0.008975, 0.0, 0.051886, 0.998369, 0.023833, 0.239581, 0.007728, -0.024266, 0.999676, -0.0, 0.0, 0.0, 0.0, 1.0],
                [0.9998, 0.016884, -0.010684, 0.0, -0.01719, 0.999426, -0.029173, 0.239581, 0.010186, 0.029351, 0.999517, -0.0, 0.0, 0.0, 0.0, 1.0],
                [0.996256, 0.084962, -0.015995, 0.0, -0.085991, 0.992942, -0.081682, 0.239581, 0.008943, 0.082752, 0.99653, 0.0, 0.0, 0.0, 0.0, 1.0],
                [0.988102, 0.151791, -0.024794, -0.0, -0.153749, 0.979103, -0.133111, 0.239581, 0.004071, 0.135339, 0.990791, -0.0, 0.0, 0.0, 0.0, 1.0],
                [0.975549, 0.216665, -0.03689, -0.0, -0.219742, 0.958256, -0.182919, 0.239581, -0.004282, 0.186553, 0.982436, 0.0, 0.0, 0.0, 0.0, 1.0],
                [0.985647, 0.166543, -0.027629, -0.0, -0.168794, 0.975025, -0.144342, 0.239581, 0.0029, 0.146934, 0.989142, -0.0, 0.0, 0.0, 0.0, 1.0],
                [0.993166, 0.11493, -0.020302, 0.0, -0.116433, 0.98768, -0.104556, 0.239581, 0.008035, 0.106205, 0.994312, -0.0, 0.0, 0.0, 0.0, 1.0],
                [0.997955, 0.062136, -0.015034, 0.0, -0.062974, 0.995974, -0.063796, 0.239581, 0.011009, 0.064612, 0.99785, 0.0, 0.0, 0.0, 0.0, 1.0],
                [0.999893, 0.0085, -0.011927, -0.0, -0.008764, 0.999712, -0.022323, 0.239581, 0.011733, 0.022425, 0.99968, 0.0, 0.0, 0.0, 0.0, 1.0],
                [0.998898, -0.045614, -0.011055, 0.0, 0.045824, 0.998758, 0.019582, 0.239581, 0.010148, -0.020067, 0.999747, -0.0, 0.0, 0.0, 0.0, 1.0],
                [0.994927, -0.099823, -0.012463, 0.0, 0.100405, 0.993036, 0.061626, 0.239581, 0.006225, -0.062565, 0.998022, -0.0, 0.0, 0.0, 0.0, 1.0],
                [0.987979, -0.153738, -0.016165, 0.0, 0.154585, 0.982542, 0.103507, 0.239581, -3e-05, -0.104761, 0.994497, -0.0, 0.0, 0.0, 0.0, 1.0],
                [0.978097, -0.20697, -0.022138, -0.0, 0.207974, 0.967339, 0.144922, 0.239581, -0.00858, -0.146352, 0.989195, -0.0, 0.0, 0.0, 0.0, 1.0],
                [0.965363, -0.259141, -0.03033, 0.0, 0.260191, 0.947555, 0.185578, 0.239581, -0.019351, -0.187042, 0.982161, -0.0, 0.0, 0.0, 0.0, 1.0],
                [0.949902, -0.309891, -0.040658, 0.0, 0.31088, 0.923386, 0.225193, 0.239582, -0.032243, -0.226551, 0.973466, 0.0, 0.0, 0.0, 0.0, 1.0],
                [0.931874, -0.358889, -0.053008, -0.0, 0.359709, 0.895083, 0.263507, 0.239581, -0.047123, -0.264622, 0.9632, -0.0, 0.0, 0.0, 0.0, 1.0],
                [0.911469, -0.405836, -0.067243, -0.0, 0.406385, 0.862949, 0.300284, 0.239581, -0.063839, -0.301026, 0.951477, -0.0, 0.0, 0.0, 0.0, 1.0],
                [0.888904, -0.450474, -0.083205, -0.0, 0.450655, 0.827327, 0.335322, 0.239581, -0.082216, -0.335565, 0.938422, -0.0, 0.0, 0.0, 0.0, 1.0],
                [0.864415, -0.492588, -0.100719, 0.0, 0.49231, 0.788592, 0.368447, 0.239581, -0.102066, -0.368076, 0.924177, 0.0, 0.0, 0.0, 0.0, 1.0],
                [0.864415, -0.492588, -0.100719, -0.0, 0.49231, 0.788592, 0.368447, 0.239581, -0.102066, -0.368076, 0.924177, 0.0, 0.0, 0.0, 0.0, 1.0]
            ]
        },
        {
            "name": "Head",
            "time": [0.0, 0.0333, 0.0667, 0.1, 0.1333, 0.1667, 0.2, 0.2333, 0.2667, 0.3, 0.3333, 1.2],
            "transform": [
                [1.0, -0.0, -0.0, -0.0, -0.0, 1.0, -0.0, 0.299477, -0.0, -0.0, 1.0, -0.0, 0.0, 0.0, 0.0, 1.0],
                [1.0, 0.0, 0.0, 0.0, -0.0, 1.0, 0.0, 0.299477, -0.0, 0.0, 1.0, -0.0, 0.0, 0.0, 0.0, 1.0],
                [1.0, 0.0, 0.0, 0.0, 0.0, 1.0, 0.0, 0.299477, 0.0, -0.0, 1.0, -0.0, 0.0, 0.0, 0.0, 1.0],
                [1.0, 0.0, -0.0, 0.0, 0.0, 1.0, 0.0, 0.299477, 0.0, 0.0, 1.0, 0.0, 0.0, 0.0, 0.0, 1.0],
                [1.0, -0.0, 0.0, -0.0, 0.0, 1.0, -0.0, 0.299477, -0.0, -0.0, 1.0, -0.0, 0.0, 0.0, 0.0, 1.0],
                [1.0, 0.0, 0.0, 0.0, 0.0, 1.0, 0.0, 0.299477, 0.0, 0.0, 1.0, -0.0, 0.0, 0.0, 0.0, 1.0],
                [0.999999, 0.000572, -0.001493, 0.0, -0.00052, 0.999393, 0.034842, 0.299477, 0.001512, -0.034841, 0.999392, 0.0, 0.0, 0.0, 0.0, 1.0],
                [0.999995, 0.001196, -0.002967, 0.0, -0.000987, 0.997569, 0.069674, 0.299477, 0.003043, -0.069671, 0.997566, -0.0, 0.0, 0.0, 0.0, 1.0],
                [0.999988, 0.001872, -0.004419, -0.0, -0.0014, 0.994531, 0.104433, 0.299477, 0.00459, -0.104425, 0.994522, -0.0, 0.0, 0.0, 0.0, 1.0],
                [0.99998, 0.002597, -0.005845, -0.0, -0.001759, 0.990283, 0.139054, 0.299477, 0.00615, -0.139041, 0.990268, 0.0, 0.0, 0.0, 0.0, 1.0],
                [0.999968, 0.003371, -0.007244, 0.0, -0.002063, 0.984836, 0.173476, 0.299477, 0.007719, -0.173455, 0.984811, -0.0, 0.0, 0.0, 0.0, 1.0],
                [0.999968, 0.003371, -0.007244, -0.0, -0.002063, 0.984836, 0.173476, 0.299477, 0.007719, -0.173455, 0.984811, -0.0, 0.0, 0.0, 0.0, 1.0]
            ]
        },
        {
            "name": "Snout",
            "time": [0.0, 0.0333, 0.0667, 0.1, 0.1333, 0.1667, 1.2],
            "transform": [
                [1.0, -0.0, -0.0, -0.0, -0.0, 1.0, -0.0, 0.145995, -0.0, -0.0, 1.0, -0.0, 0.0, 0.0, 0.0, 1.0],
                [0.999999, -6.8e-05, 0.001417, 0.0, 0.000142, 0.998634, -0.052245, 0.145995, -0.001411, 0.052245, 0.998633, -0.0, 0.0, 0.0, 0.0, 1.0],
                [0.999996, -6.1e-05, 0.002838, -0.0, 0.000357, 0.99453, -0.104454, 0.145995, -0.002816, 0.104455, 0.994526, -0.0, 0.0, 0.0, 0.0, 1.0],
                [0.999991, 2e-05, 0.004258, -0.0, 0.000647, 0.987692, -0.156412, 0.145995, -0.004209, 0.156413, 0.987683, 0.0, 0.0, 0.0, 0.0, 1.0],
                [0.999984, 0.000175, 0.005671, 0.0, 0.001008, 0.978149, -0.207904, 0.145995, -0.005583, 0.207907, 0.978133, -0.0, 0.0, 0.0, 0.0, 1.0],
                [0.999975, 0.000403, 0.007071, 0.0, 0.00144, 0.965951, -0.258722, 0.145995, -0.006934, 0.258726, 0.965926, 0.0, 0.0, 0.0, 0.0, 1.0],
                [0.999975, 0.000403, 0.007071, -0.0, 0.00144, 0.965951, -0.258722, 0.145995, -0.006934, 0.258726, 0.965926, 0.0, 0.0, 0.0, 0.0, 1.0]
            ]
        },
        {
            "name": "Jaw",
            "time": [0.0, 0.0333, 0.0667, 0.1, 0.1333, 0.1667, 0.2, 0.2333, 0.2667, 0.3, 0.3333, 0.3667, 0.4, 0.4333, 0.4667, 0.5, 0.5333, 1.2],
            "transform": [
                [1.0, 0.0, 0.0, -0.0, -0.0, 0.913288, 0.407314, 0.145995, -0.0, -0.407314, 0.913288, -0.0, 0.0, 0.0, 0.0, 1.0],
                [1.0, 0.000228, -0.000415, 0.0, -3.1e-05, 0.906044, 0.423183, 0.145995, 0.000472, -0.423182, 0.906044, -0.0, 0.0, 0.0, 0.0, 1.0],
                [1.0, 0.000463, -0.000826, -0.0, -5.4e-05, 0.898523, 0.438926, 0.145995, 0.000945, -0.438926, 0.898523, -0.0, 0.0, 0.0, 0.0, 1.0],
                [0.999999, 0.000705, -0.001233, -0.0, -6.8e-05, 0.890728, 0.454537, 0.145995, 0.001419, -0.454537, 0.890727, 0.0, 0.0, 0.0, 0.0, 1.0],
                [0.999998, 0.000955, -0.001635, 0.0, -7.4e-05, 0.882661, 0.470009, 0.145995, 0.001892, -0.470008, 0.88266, -0.0, 0.0, 0.0, 0.0, 1.0],
                [0.999997, 0.001211, -0.002033, 0.0, -7.2e-05, 0.874329, 0.485334, 0.145995, 0.002365, -0.485333, 0.874326, 0.0, 0.0, 0.0, 0.0, 1.0],
                [0.999999, 0.000107, -0.001309, 0.0, 0.000504, 0.889219, 0.457482, 0.145995, 0.001213, -0.457482, 0.889218, 0.0, 0.0, 0.0, 0.0, 1.0],
                [0.999999, -0.000975, -0.000548, 0.0, 0.001116, 0.903252, 0.429109, 0.145995, 7.7e-05, -0.429109, 0.903253, 0.0, 0.0, 0.0, 0.0, 1.0],
                [0.999998, -0.002035, 0.000248, -0.0, 0.001766, 0.916402, 0.400255, 0.145995, -0.001042, -0.400254, 0.916404, -0.0, 0.0, 0.0, 0.0, 1.0],
                [0.999995, -0.003071, 0.001078, 0.0, 0.002452, 0.928645, 0.370962, 0.145995, -0.00214, -0.370958, 0.928647, 0.0, 0.0, 0.0, 0.0, 1.0],
                [0.99999, -0.00408, 0.001941, -0.0, 0.003173, 0.939959, 0.341273, 0.145995, -0.003217, -0.341264, 0.939962, -0.0, 0.0, 0.0, 0.0, 1.0],
                [0.999983, -0.005062, 0.002836, 0.0, 0.003928, 0.950326, 0.311233, 0.145995, -0.004271, -0.311217, 0.950329, -0.0, 0.0, 0.0, 0.0, 1.0],
                [0.999975, -0.006014, 0.003762, -0.0, 0.004715, 0.959729, 0.280887, 0.145995, -0.0053, -0.280862, 0.959734, -0.0, 0.0, 0.0, 0.0, 1.0],
                [0.999965, -0.006936, 0.004717, -0.0, 0.005535, 0.968157, 0.250281, 0.145995, -0.006303, -0.250246, 0.968162, 0.0, 0.0, 0.0, 0.0, 1.0],
                [0.999953, -0.007826, 0.005699, 0.0, 0.006384, 0.9756, 0.219463, 0.145995, -0.007278, -0.219416, 0.975604, -0.0, 0.0, 0.0, 0.0, 1.0],
                [0.99994, -0.008683, 0.006707, -0.0, 0.007263, 0.98205, 0.188479, 0.145995, -0.008223, -0.188419, 0.982054, 0.0, 0.0, 0.0, 0.0, 1.0],
                [0.999925, -0.009505, 0.00774, 0.0, 0.008169, 0.987504, 0.157379, 0.145995, -0.009139, -0.157304, 0.987508, -0.0, 0.0, 0.0, 0.0, 1.0],
                [0.999925, -0.009505, 0.00774, -0.0, 0.008169, 0.987504, 0.157379, 0.145995, -0.009139, -0.157304, 0.987508, 0.0, 0.0, 0.0, 0.0, 1.0]
            ]
        },
        {
            "name": "Ear_L",
            "time": [0.0, 0.0333, 0.0667, 0.1, 0.1333, 0.1667, 1.2],
            "transform": [
                [0.893079, -0.054898, 0.446538, -0.096958, 0.447213, -0.0, -0.894428, 0.087677, 0.049102, 0.998492, 0.024551, 0.150216, 0.0, 0.0, 0.0, 1.0],
                [0.893079, -0.054898, 0.446538, -0.096958, 0.447213, -0.0, -0.894428, 0.087677, 0.049102, 0.998492, 0.024551, 0.150216, 0.0, 0.0, 0.0, 1.0],
                [0.893079, -0.054898, 0.446538, -0.096958, 0.447213, -0.0, -0.894428, 0.087677, 0.049102, 0.998492, 0.024551, 0.150216, 0.0, 0.0, 0.0, 1.0],
                [0.893079, -0.054898, 0.446538, -0.096958, 0.447213, -0.0, -0.894428, 0.087677, 0.049102, 0.998492, 0.024551, 0.150216, 0.0, 0.0, 0.0, 1.0],
