{
    "animation": [
        {
            "name": "Root",
            "time": [0.0, 0.0417, 0.0833, 0.125, 0.1667, 0.2083, 0.25, 0.2917, 0.3333, 0.375, 0.4167, 0.4583, 0.5, 0.5417, 0.5833, 0.625, 0.6667, 0.7083, 0.75, 0.7917, 0.8333, 0.875, 0.9167, 0.9583, 1.0, 1.0417, 1.0833, 1.125, 1.1667, 1.2083, 1.25, 1.2917, 1.3333, 1.375, 1.4167, 1.4583, 1.5, 1.5417, 1.5833, 1.625, 1.6667, 1.7083, 1.75, 1.7917, 1.8333, 1.875, 1.9167, 1.9583, 2.0, 2.0417, 2.0833, 2.125, 2.1667, 2.2083, 2.25, 2.2917, 2.3333, 2.375, 2.4167, 2.4583, 2.5, 2.5417, 2.5833, 2.625, 2.6667, 2.7083, 2.75, 2.7917, 2.8333, 2.875, 2.9167, 2.9583, 3.0, 3.0417, 3.0833, 3.125, 3.1667, 3.2083, 3.25, 3.2917, 3.3333, 3.375, 3.4167, 3.4583, 3.5, 3.5417, 3.5833, 3.625, 3.6667, 3.7083, 3.75, 3.7917, 3.8333, 3.875, 3.9167, 3.9583, 4.0, 4.0417, 4.0833, 4.125, 4.1667, 4.2083, 4.25, 4.2917, 4.3333, 4.375, 4.4167, 4.4583, 4.5, 4.5417, 4.5833, 4.625, 4.6667, 4.7083, 4.75, 4.7917, 4.8333, 4.875, 4.9167, 4.9583, 5.0, 5.0417, 5.0833, 5.125, 5.1667, 5.2083, 5.25, 5.2917, 5.3333, 5.375, 5.4167, 5.4583, 5.5, 5.5417, 5.5833, 5.625, 5.6667, 5.7083, 5.75, 5.7917, 5.8333, 5.875, 5.9167, 5.9583, 6.0, 6.0417, 6.0833, 6.125, 6.1667, 6.2083, 6.25, 6.2917, 6.3333, 6.375, 6.4167, 6.4583, 6.5, 6.5417, 6.5833, 6.625, 6.6667, 6.7083, 6.75, 6.7917, 6.8333, 6.875, 6.9167, 6.9583, 7.0, 7.0417, 7.0833, 7.125, 7.1667, 7.2083, 7.25, 7.2917, 7.3333, 7.375, 7.4167, 7.4583, 7.5, 7.5417, 7.5833, 7.625, 7.6667, 7.7083, 7.75, 7.7917, 7.8333, 7.875, 7.9167, 7.9583, 8.0, 8.0417, 8.0833, 8.125, 8.1667, 8.2083, 8.25, 8.2917, 8.3333, 8.375, 8.4167, 8.4583, 8.5, 8.5417, 8.5833, 8.625, 8.6667, 8.7083, 8.75, 8.7917, 8.8333, 8.875, 8.9167],
            "transform": [
                [1.0, 0.0, 0.0, 0.0, 0.0, 1.0, 0.0, -0.309147, -0.0, 0.0, 1.0, 0.419691, 0.0, 0.0, 0.0, 1.0],
                [1.0, 0.0, 0.0, 0.0, 0.0, 1.0, 0.0, -0.309147, -0.0, 0.0, 1.0, 0.419691, 0.0, 0.0, 0.0, 1.0],
                [1.0, 0.0, 0.0, 0.0, 0.0, 1.0, 0.0, -0.309147, -0.0, 0.0, 1.0, 0.419691, 0.0, 0.0, 0.0, 1.0],
                [1.0, 0.0, 0.0, 0.0, 0.0, 1.0, 0.0, -0.309147, -0.0, 0.0, 1.0, 0.419691, 0.0, 0.0, 0.0, 1.0],
                [1.0, 0.0, 0.0, 0.0, 0.0, 1.0, 0.0, -0.309147, -0.0, 0.0, 1.0, 0.419691, 0.0, 0.0, 0.0, 1.0],
                [1.0, 0.0, 0.0, 0.0, 0.0, 1.0, 0.0, -0.309147, -0.0, 0.0, 1.0, 0.419691, 0.0, 0.0, 0.0, 1.0],
                [1.0, 0.0, 0.0, 0.0, 0.0, 1.0, 0.0, -0.309147, -0.0, 0.0, 1.0, 0.419691, 0.0, 0.0, 0.0, 1.0],
                [1.0, 0.0, 0.0, 0.0, 0.0, 1.0, 0.0, -0.309147, -0.0, 0.0, 1.0, 0.419691, 0.0, 0.0, 0.0, 1.0],
                [1.0, 0.0, 0.0, 0.0, 0.0, 1.0, 0.0, -0.309147, -0.0, 0.0, 1.0, 0.419691, 0.0, 0.0, 0.0, 1.0],
                [1.0, 0.0, 0.0, 0.0, 0.0, 1.0, 0.0, -0.309147, -0.0, 0.0, 1.0, 0.419691, 0.0, 0.0, 0.0, 1.0],
                [1.0, 0.0, 0.0, 0.0, 0.0, 1.0, 0.0, -0.309147, -0.0, 0.0, 1.0, 0.419691, 0.0, 0.0, 0.0, 1.0],
                [1.0, 0.0, 0.0, 0.0, 0.0, 1.0, 0.0, -0.309147, -0.0, 0.0, 1.0, 0.419691, 0.0, 0.0, 0.0, 1.0],
                [1.0, 0.0, 0.0, 0.0, 0.0, 1.0, 0.0, -0.309147, -0.0, 0.0, 1.0, 0.419691, 0.0, 0.0, 0.0, 1.0],
                [1.0, 0.0, 0.0, 0.0, 0.0, 1.0, 0.0, -0.309147, -0.0, 0.0, 1.0, 0.419691, 0.0, 0.0, 0.0, 1.0],
                [1.0, 0.0, 0.0, 0.0, 0.0, 1.0, 0.0, -0.309147, -0.0, 0.0, 1.0, 0.419691, 0.0, 0.0, 0.0, 1.0],
                [1.0, 0.0, 0.0, 0.0, 0.0, 1.0, 0.0, -0.309147, -0.0, 0.0, 1.0, 0.419691, 0.0, 0.0, 0.0, 1.0],
                [1.0, 0.0, 0.0, 0.0, 0.0, 1.0, 0.0, -0.309147, -0.0, 0.0, 1.0, 0.419691, 0.0, 0.0, 0.0, 1.0],
                [1.0, 0.0, 0.0, 0.0, 0.0, 1.0, 0.0, -0.309147, -0.0, 0.0, 1.0, 0.419691, 0.0, 0.0, 0.0, 1.0],
                [1.0, 0.0, 0.0, 0.0, 0.0, 1.0, 0.0, -0.309147, -0.0, 0.0, 1.0, 0.419691, 0.0, 0.0, 0.0, 1.0],
                [1.0, 0.0, 0.0, 0.0, 0.0, 1.0, 0.0, -0.309147, -0.0, 0.0, 1.0, 0.419691, 0.0, 0.0, 0.0, 1.0],
                [1.0, 0.0, 0.0, 0.0, 0.0, 1.0, 0.0, -0.309147, -0.0, 0.0, 1.0, 0.419691, 0.0, 0.0, 0.0, 1.0],
                [1.0, 0.0, 0.0, 0.0, 0.0, 1.0, 0.0, -0.309147, -0.0, 0.0, 1.0, 0.419691, 0.0, 0.0, 0.0, 1.0],
                [1.0, 0.0, 0.0, 0.0, 0.0, 1.0, 0.0, -0.309147, -0.0, 0.0, 1.0, 0.419691, 0.0, 0.0, 0.0, 1.0],
                [1.0, 0.0, 0.0, 0.0, 0.0, 1.0, 0.0, -0.309147, -0.0, 0.0, 1.0, 0.419691, 0.0, 0.0, 0.0, 1.0],
                [1.0, 0.0, 0.0, 0.0, 0.0, 1.0, 0.0, -0.309147, -0.0, 0.0, 1.0, 0.419691, 0.0, 0.0, 0.0, 1.0],
                [1.0, 0.0, 0.0, 0.0, 0.0, 1.0, 0.0, -0.309147, -0.0, 0.0, 1.0, 0.419691, 0.0, 0.0, 0.0, 1.0],
                [1.0, 0.0, 0.0, 0.0, 0.0, 1.0, 0.0, -0.309147, -0.0, 0.0, 1.0, 0.419691, 0.0, 0.0, 0.0, 1.0],
                [1.0, 0.0, 0.0, 0.0, 0.0, 1.0, 0.0, -0.309147, -0.0, 0.0, 1.0, 0.419691, 0.0, 0.0, 0.0, 1.0],
                [1.0, 0.0, 0.0, 0.0, 0.0, 1.0, 0.0, -0.309147, -0.0, 0.0, 1.0, 0.419691, 0.0, 0.0, 0.0, 1.0],
                [1.0, 0.0, 0.0, 0.0, 0.0, 1.0, 0.0, -0.309147, -0.0, 0.0, 1.0, 0.419691, 0.0, 0.0, 0.0, 1.0],
                [1.0, 0.0, 0.0, 0.0, 0.0, 1.0, 0.0, -0.309147, -0.0, 0.0, 1.0, 0.419691, 0.0, 0.0, 0.0, 1.0],
                [1.0, 0.0, 0.0, 0.0, 0.0, 1.0, 0.0, -0.309147, -0.0, 0.0, 1.0, 0.419691, 0.0, 0.0, 0.0, 1.0],
                [1.0, 0.0, 0.0, 0.0, 0.0, 1.0, 0.0, -0.309147, -0.0, 0.0, 1.0, 0.419691, 0.0, 0.0, 0.0, 1.0],
                [1.0, 0.0, 0.0, 0.0, 0.0, 1.0, 0.0, -0.309147, -0.0, 0.0, 1.0, 0.419691, 0.0, 0.0, 0.0, 1.0],
                [1.0, 0.0, 0.0, 0.0, 0.0, 1.0, 0.0, -0.309147, -0.0, 0.0, 1.0, 0.419691, 0.0, 0.0, 0.0, 1.0],
                [1.0, 0.0, 0.0, 0.0, 0.0, 1.0, 0.0, -0.309147, -0.0, 0.0, 1.0, 0.419691, 0.0, 0.0, 0.0, 1.0],
                [1.0, 0.0, 0.0, 0.0, 0.0, 1.0, 0.0, -0.309147, -0.0, 0.0, 1.0, 0.419691, 0.0, 0.0, 0.0, 1.0],
                [1.0, 0.0, 0.0, 0.0, 0.0, 1.0, 0.0, -0.309147, -0.0, 0.0, 1.0, 0.419691, 0.0, 0.0, 0.0, 1.0],
                [1.0, 0.0, 0.0, 0.0, 0.0, 1.0, 0.0, -0.309147, -0.0, 0.0, 1.0, 0.419691, 0.0, 0.0, 0.0, 1.0],
                [1.0, 0.0, 0.0, 0.0, 0.0, 1.0, 0.0, -0.309147, -0.0, 0.0, 1.0, 0.419691, 0.0, 0.0, 0.0, 1.0],
                [1.0, 0.0, 0.0, 0.0, 0.0, 1.0, 0.0, -0.309147, -0.0, 0.0, 1.0, 0.419691, 0.0, 0.0, 0.0, 1.0],
                [1.0, 0.0, 0.0, 0.0, 0.0, 1.0, 0.0, -0.309147, -0.0, 0.0, 1.0, 0.419691, 0.0, 0.0, 0.0, 1.0],
                [1.0, 0.0, 0.0, 0.0, 0.0, 1.0, 0.0, -0.309147, -0.0, 0.0, 1.0, 0.419691, 0.0, 0.0, 0.0, 1.0],
                [1.0, 0.0, 0.0, 0.0, 0.0, 1.0, 0.0, -0.309147, -0.0, 0.0, 1.0, 0.419691, 0.0, 0.0, 0.0, 1.0],
                [1.0, 0.0, 0.0, 0.0, 0.0, 1.0, 0.0, -0.309147, -0.0, 0.0, 1.0, 0.419691, 0.0, 0.0, 0.0, 1.0],
                [1.0, 0.0, 0.0, 0.0, 0.0, 1.0, 0.0, -0.309147, -0.0, 0.0, 1.0, 0.419691, 0.0, 0.0, 0.0, 1.0],
                [1.0, 0.0, 0.0, 0.0, 0.0, 1.0, 0.0, -0.309147, -0.0, 0.0, 1.0, 0.419691, 0.0, 0.0, 0.0, 1.0],
                [1.0, 0.0, 0.0, 0.0, 0.0, 1.0, 0.0, -0.309147, -0.0, 0.0, 1.0, 0.419691, 0.0, 0.0, 0.0, 1.0],
                [1.0, 0.0, 0.0, 0.0, 0.0, 1.0, 0.0, -0.309147, -0.0, 0.0, 1.0, 0.419691, 0.0, 0.0, 0.0, 1.0],
                [1.0, 0.0, 0.0, 0.0, 0.0, 1.0, 0.0, -0.309147, -0.0, 0.0, 1.0, 0.419691, 0.0, 0.0, 0.0, 1.0],
                [1.0, 0.0, 0.0, 0.0, 0.0, 1.0, 0.0, -0.309147, -0.0, 0.0, 1.0, 0.419691, 0.0, 0.0, 0.0, 1.0],
                [1.0, 0.0, 0.0, 0.0, 0.0, 1.0, 0.0, -0.309147, -0.0, 0.0, 1.0, 0.419691, 0.0, 0.0, 0.0, 1.0],
                [1.0, 0.0, 0.0, 0.0, 0.0, 1.0, 0.0, -0.309147, -0.0, 0.0, 1.0, 0.419691, 0.0, 0.0, 0.0, 1.0],
                [1.0, 0.0, 0.0, 0.0, 0.0, 1.0, 0.0, -0.309147, -0.0, 0.0, 1.0, 0.419691, 0.0, 0.0, 0.0, 1.0],
                [1.0, 0.0, 0.0, 0.0, 0.0, 1.0, 0.0, -0.309147, -0.0, 0.0, 1.0, 0.419691, 0.0, 0.0, 0.0, 1.0],
                [1.0, 0.0, 0.0, 0.0, 0.0, 1.0, 0.0, -0.309147, -0.0, 0.0, 1.0, 0.419691, 0.0, 0.0, 0.0, 1.0],
                [1.0, 0.0, 0.0, 0.0, 0.0, 1.0, 0.0, -0.309147, -0.0, 0.0, 1.0, 0.419691, 0.0, 0.0, 0.0, 1.0],
                [1.0, 0.0, 0.0, 0.0, 0.0, 1.0, 0.0, -0.309147, -0.0, 0.0, 1.0, 0.419691, 0.0, 0.0, 0.0, 1.0],
                [1.0, 0.0, 0.0, 0.0, 0.0, 1.0, 0.0, -0.309147, -0.0, 0.0, 1.0, 0.419691, 0.0, 0.0, 0.0, 1.0],
                [1.0, 0.0, 0.0, 0.0, 0.0, 1.0, 0.0, -0.309147, -0.0, 0.0, 1.0, 0.419691, 0.0, 0.0, 0.0, 1.0],
                [1.0, 0.0, 0.0, 0.0, 0.0, 1.0, 0.0, -0.309147, -0.0, 0.0, 1.0, 0.419691, 0.0, 0.0, 0.0, 1.0],
                [1.0, 0.0, 0.0, 0.0, 0.0, 1.0, 0.0, -0.309147, -0.0, 0.0, 1.0, 0.419691, 0.0, 0.0, 0.0, 1.0],
                [1.0, 0.0, 0.0, 0.0, 0.0, 1.0, 0.0, -0.309147, -0.0, 0.0, 1.0, 0.419691, 0.0, 0.0, 0.0, 1.0],
                [1.0, 0.0, 0.0, 0.0, 0.0, 1.0, 0.0, -0.309147, -0.0, 0.0, 1.0, 0.419691, 0.0, 0.0, 0.0, 1.0],
                [1.0, 0.0, 0.0, 0.0, 0.0, 1.0, 0.0, -0.309147, -0.0, 0.0, 1.0, 0.419691, 0.0, 0.0, 0.0, 1.0],
                [1.0, 0.0, 0.0, 0.0, 0.0, 1.0, 0.0, -0.309147, -0.0, 0.0, 1.0, 0.419691, 0.0, 0.0, 0.0, 1.0],
                [1.0, 0.0, 0.0, 0.0, 0.0, 1.0, 0.0, -0.309147, -0.0, 0.0, 1.0, 0.419691, 0.0, 0.0, 0.0, 1.0],
                [1.0, 0.0, 0.0, 0.0, 0.0, 1.0, 0.0, -0.309147, -0.0, 0.0, 1.0, 0.419691, 0.0, 0.0, 0.0, 1.0],
                [1.0, 0.0, 0.0, 0.0, 0.0, 1.0, 0.0, -0.309147, -0.0, 0.0, 1.0, 0.419691, 0.0, 0.0, 0.0, 1.0],
                [1.0, 0.0, 0.0, 0.0, 0.0, 1.0, 0.0, -0.309147, -0.0, 0.0, 1.0, 0.419691, 0.0, 0.0, 0.0, 1.0],
                [1.0, 0.0, 0.0, 0.0, 0.0, 1.0, 0.0, -0.309147, -0.0, 0.0, 1.0, 0.419691, 0.0, 0.0, 0.0, 1.0],
                [1.0, 0.0, 0.0, 0.0, 0.0, 1.0, 0.0, -0.309147, -0.0, 0.0, 1.0, 0.419691, 0.0, 0.0, 0.0, 1.0],
                [1.0, 0.0, 0.0, 0.0, 0.0, 1.0, 0.0, -0.309147, -0.0, 0.0, 1.0, 0.419691, 0.0, 0.0, 0.0, 1.0],
                [1.0, 0.0, 0.0, 0.0, 0.0, 1.0, 0.0, -0.309147, -0.0, 0.0, 1.0, 0.419691, 0.0, 0.0, 0.0, 1.0],
                [1.0, 0.0, 0.0, 0.0, 0.0, 1.0, 0.0, -0.309147, -0.0, 0.0, 1.0, 0.419691, 0.0, 0.0, 0.0, 1.0],
                [1.0, 0.0, 0.0, 0.0, 0.0, 1.0, 0.0, -0.309147, -0.0, 0.0, 1.0, 0.419691, 0.0, 0.0, 0.0, 1.0],
                [1.0, 0.0, 0.0, 0.0, 0.0, 1.0, 0.0, -0.309147, -0.0, 0.0, 1.0, 0.419691, 0.0, 0.0, 0.0, 1.0],
                [1.0, 0.0, 0.0, 0.0, 0.0, 1.0, 0.0, -0.309147, -0.0, 0.0, 1.0, 0.419691, 0.0, 0.0, 0.0, 1.0],
                [1.0, 0.0, 0.0, 0.0, 0.0, 1.0, 0.0, -0.309147, -0.0, 0.0, 1.0, 0.419691, 0.0, 0.0, 0.0, 1.0],
                [1.0, 0.0, 0.0, 0.0, 0.0, 1.0, 0.0, -0.309147, -0.0, 0.0, 1.0, 0.419691, 0.0, 0.0, 0.0, 1.0],
                [1.0, 0.0, 0.0, 0.0, 0.0, 1.0, 0.0, -0.309147, -0.0, 0.0, 1.0, 0.419691, 0.0, 0.0, 0.0, 1.0],
                [1.0, 0.0, 0.0, 0.0, 0.0, 1.0, 0.0, -0.309147, -0.0, 0.0, 1.0, 0.419691, 0.0, 0.0, 0.0, 1.0],
                [1.0, 0.0, 0.0, 0.0, 0.0, 1.0, 0.0, -0.309147, -0.0, 0.0, 1.0, 0.419691, 0.0, 0.0, 0.0, 1.0],
                [1.0, 0.0, 0.0, 0.0, 0.0, 1.0, 0.0, -0.309147, -0.0, 0.0, 1.0, 0.419691, 0.0, 0.0, 0.0, 1.0],
                [1.0, 0.0, 0.0, 0.0, 0.0, 1.0, 0.0, -0.309147, -0.0, 0.0, 1.0, 0.419691, 0.0, 0.0, 0.0, 1.0],
                [1.0, 0.0, 0.0, 0.0, 0.0, 1.0, 0.0, -0.309147, -0.0, 0.0, 1.0, 0.419691, 0.0, 0.0, 0.0, 1.0],
                [1.0, 0.0, 0.0, 0.0, 0.0, 1.0, 0.0, -0.309147, -0.0, 0.0, 1.0, 0.419691, 0.0, 0.0, 0.0, 1.0],
                [1.0, 0.0, 0.0, 0.0, 0.0, 1.0, 0.0, -0.309147, -0.0, 0.0, 1.0, 0.419691, 0.0, 0.0, 0.0, 1.0],
                [1.0, 0.0, 0.0, 0.0, 0.0, 1.0, 0.0, -0.309147, -0.0, 0.0, 1.0, 0.419691, 0.0, 0.0, 0.0, 1.0],
                [1.0, 0.0, 0.0, 0.0, 0.0, 1.0, 0.0, -0.309147, -0.0, 0.0, 1.0, 0.419691, 0.0, 0.0, 0.0, 1.0],
                [1.0, 0.0, 0.0, 0.0, 0.0, 1.0, 0.0, -0.309147, -0.0, 0.0, 1.0, 0.419691, 0.0, 0.0, 0.0, 1.0],
                [1.0, 0.0, 0.0, 0.0, 0.0, 1.0, 0.0, -0.309147, -0.0, 0.0, 1.0, 0.419691, 0.0, 0.0, 0.0, 1.0],
                [1.0, 0.0, 0.0, 0.0, 0.0, 1.0, 0.0, -0.309147, -0.0, 0.0, 1.0, 0.419691, 0.0, 0.0, 0.0, 1.0],
                [1.0, 0.0, 0.0, 0.0, 0.0, 1.0, 0.0, -0.309147, -0.0, 0.0, 1.0, 0.419691, 0.0, 0.0, 0.0, 1.0],
                [1.0, 0.0, 0.0, 0.0, 0.0, 1.0, 0.0, -0.309147, -0.0, 0.0, 1.0, 0.419691, 0.0, 0.0, 0.0, 1.0],
                [1.0, 0.0, 0.0, 0.0, 0.0, 1.0, 0.0, -0.309147, -0.0, 0.0, 1.0, 0.419691, 0.0, 0.0, 0.0, 1.0],
                [1.0, 0.0, 0.0, 0.0, 0.0, 1.0, 0.0, -0.309147, -0.0, 0.0, 1.0, 0.419691, 0.0, 0.0, 0.0, 1.0],
                [1.0, 0.0, 0.0, 0.0, 0.0, 1.0, 0.0, -0.309147, -0.0, 0.0, 1.0, 0.419691, 0.0, 0.0, 0.0, 1.0],
                [1.0, 0.0, 0.0, 0.0, 0.0, 1.0, 0.0, -0.309147, -0.0, 0.0, 1.0, 0.419691, 0.0, 0.0, 0.0, 1.0],
                [1.0, 0.0, 0.0, 0.0, 0.0, 1.0, 0.0, -0.309147, -0.0, 0.0, 1.0, 0.419691, 0.0, 0.0, 0.0, 1.0],
                [1.0, 0.0, 0.0, 0.0, 0.0, 1.0, 0.0, -0.309147, -0.0, 0.0, 1.0, 0.419691, 0.0, 0.0, 0.0, 1.0],
                [1.0, 0.0, 0.0, 0.0, 0.0, 1.0, 0.0, -0.309147, -0.0, 0.0, 1.0, 0.419691, 0.0, 0.0, 0.0, 1.0],
                [1.0, 0.0, 0.0, 0.0, 0.0, 1.0, 0.0, -0.309147, -0.0, 0.0, 1.0, 0.419691, 0.0, 0.0, 0.0, 1.0],
                [1.0, 0.0, 0.0, 0.0, 0.0, 1.0, 0.0, -0.309147, -0.0, 0.0, 1.0, 0.419691, 0.0, 0.0, 0.0, 1.0],
                [1.0, 0.0, 0.0, 0.0, 0.0, 1.0, 0.0, -0.309147, -0.0, 0.0, 1.0, 0.419691, 0.0, 0.0, 0.0, 1.0],
                [1.0, 0.0, 0.0, 0.0, 0.0, 1.0, 0.0, -0.309147, -0.0, 0.0, 1.0, 0.419691, 0.0, 0.0, 0.0, 1.0],
                [1.0, 0.0, 0.0, 0.0, 0.0, 1.0, 0.0, -0.309147, -0.0, 0.0, 1.0, 0.419691, 0.0, 0.0, 0.0, 1.0],
                [1.0, 0.0, 0.0, 0.0, 0.0, 1.0, 0.0, -0.309147, -0.0, 0.0, 1.0, 0.419691, 0.0, 0.0, 0.0, 1.0],
                [1.0, 0.0, 0.0, 0.0, 0.0, 1.0, 0.0, -0.309147, -0.0, 0.0, 1.0, 0.419691, 0.0, 0.0, 0.0, 1.0],
                [1.0, 0.0, 0.0, 0.0, 0.0, 1.0, 0.0, -0.309147, -0.0, 0.0, 1.0, 0.419691, 0.0, 0.0, 0.0, 1.0],
                [1.0, 0.0, 0.0, 0.0, 0.0, 1.0, 0.0, -0.309147, -0.0, 0.0, 1.0, 0.419691, 0.0, 0.0, 0.0, 1.0],
                [1.0, 0.0, 0.0, 0.0, 0.0, 1.0, 0.0, -0.309147, -0.0, 0.0, 1.0, 0.419691, 0.0, 0.0, 0.0, 1.0],
                [1.0, 0.0, 0.0, 0.0, 0.0, 1.0, 0.0, -0.309147, -0.0, 0.0, 1.0, 0.419691, 0.0, 0.0, 0.0, 1.0],
                [1.0, 0.0, 0.0, 0.0, 0.0, 1.0, 0.0, -0.309147, -0.0, 0.0, 1.0, 0.419691, 0.0, 0.0, 0.0, 1.0],
                [1.0, 0.0, 0.0, 0.0, 0.0, 1.0, 0.0, -0.309147, -0.0, 0.0, 1.0, 0.419691, 0.0, 0.0, 0.0, 1.0],
                [1.0, 0.0, 0.0, 0.0, 0.0, 1.0, 0.0, -0.309147, -0.0, 0.0, 1.0, 0.419691, 0.0, 0.0, 0.0, 1.0],
                [1.0, 0.0, 0.0, 0.0, 0.0, 1.0, 0.0, -0.309147, -0.0, 0.0, 1.0, 0.419691, 0.0, 0.0, 0.0, 1.0],
                [1.0, 0.0, 0.0, 0.0, 0.0, 1.0, 0.0, -0.309147, -0.0, 0.0, 1.0, 0.419691, 0.0, 0.0, 0.0, 1.0],
                [1.0, 0.0, 0.0, 0.0, 0.0, 1.0, 0.0, -0.309147, -0.0, 0.0, 1.0, 0.419691, 0.0, 0.0, 0.0, 1.0],
                [1.0, 0.0, 0.0, 0.0, 0.0, 1.0, 0.0, -0.309147, -0.0, 0.0, 1.0, 0.419691, 0.0, 0.0, 0.0, 1.0],
                [1.0, 0.0, 0.0, 0.0, 0.0, 1.0, 0.0, -0.309147, -0.0, 0.0, 1.0, 0.419691, 0.0, 0.0, 0.0, 1.0],
                [1.0, 0.0, 0.0, 0.0, 0.0, 1.0, 0.0, -0.309147, -0.0, 0.0, 1.0, 0.419691, 0.0, 0.0, 0.0, 1.0],
                [1.0, 0.0, 0.0, 0.0, 0.0, 1.0, 0.0, -0.309147, -0.0, 0.0, 1.0, 0.419691, 0.0, 0.0, 0.0, 1.0],
                [1.0, 0.0, 0.0, 0.0, 0.0, 1.0, 0.0, -0.309147, -0.0, 0.0, 1.0, 0.419691, 0.0, 0.0, 0.0, 1.0],
                [1.0, 0.0, 0.0, 0.0, 0.0, 1.0, 0.0, -0.309147, -0.0, 0.0, 1.0, 0.419691, 0.0, 0.0, 0.0, 1.0],
                [1.0, 0.0, 0.0, 0.0, 0.0, 1.0, 0.0, -0.309147, -0.0, 0.0, 1.0, 0.419691, 0.0, 0.0, 0.0, 1.0],
                [1.0, 0.0, 0.0, 0.0, 0.0, 1.0, 0.0, -0.309147, -0.0, 0.0, 1.0, 0.419691, 0.0, 0.0, 0.0, 1.0],
                [1.0, 0.0, 0.0, 0.0, 0.0, 1.0, 0.0, -0.309147, -0.0, 0.0, 1.0, 0.419691, 0.0, 0.0, 0.0, 1.0],
                [1.0, 0.0, 0.0, 0.0, 0.0, 1.0, 0.0, -0.309147, -0.0, 0.0, 1.0, 0.419691, 0.0, 0.0, 0.0, 1.0],
                [1.0, 0.0, 0.0, 0.0, 0.0, 1.0, 0.0, -0.309147, -0.0, 0.0, 1.0, 0.419691, 0.0, 0.0, 0.0, 1.0],
                [1.0, 0.0, 0.0, 0.0, 0.0, 1.0, 0.0, -0.309147, -0.0, 0.0, 1.0, 0.419691, 0.0, 0.0, 0.0, 1.0],
                [1.0, 0.0, 0.0, 0.0, 0.0, 1.0, 0.0, -0.309147, -0.0, 0.0, 1.0, 0.419691, 0.0, 0.0, 0.0, 1.0],
                [1.0, 0.0, 0.0, 0.0, 0.0, 1.0, 0.0, -0.309147, -0.0, 0.0, 1.0, 0.419691, 0.0, 0.0, 0.0, 1.0],
                [1.0, 0.0, 0.0, 0.0, 0.0, 1.0, 0.0, -0.309147, -0.0, 0.0, 1.0, 0.419691, 0.0, 0.0, 0.0, 1.0],
                [1.0, 0.0, 0.0, 0.0, 0.0, 1.0, 0.0, -0.309147, -0.0, 0.0, 1.0, 0.419691, 0.0, 0.0, 0.0, 1.0],
                [1.0, 0.0, 0.0, 0.0, 0.0, 1.0, 0.0, -0.309147, -0.0, 0.0, 1.0, 0.419691, 0.0, 0.0, 0.0, 1.0],
                [1.0, 0.0, 0.0, 0.0, 0.0, 1.0, 0.0, -0.309147, -0.0, 0.0, 1.0, 0.419691, 0.0, 0.0, 0.0, 1.0],
                [1.0, 0.0, 0.0, 0.0, 0.0, 1.0, 0.0, -0.309147, -0.0, 0.0, 1.0, 0.419691, 0.0, 0.0, 0.0, 1.0],
                [1.0, 0.0, 0.0, 0.0, 0.0, 1.0, 0.0, -0.309147, -0.0, 0.0, 1.0, 0.419691, 0.0, 0.0, 0.0, 1.0],
                [1.0, 0.0, 0.0, 0.0, 0.0, 1.0, 0.0, -0.309147, -0.0, 0.0, 1.0, 0.419691, 0.0, 0.0, 0.0, 1.0],
                [1.0, 0.0, 0.0, 0.0, 0.0, 1.0, 0.0, -0.309147, -0.0, 0.0, 1.0, 0.419691, 0.0, 0.0, 0.0, 1.0],
                [1.0, 0.0, 0.0, 0.0, 0.0, 1.0, 0.0, -0.309147, -0.0, 0.0, 1.0, 0.419691, 0.0, 0.0, 0.0, 1.0],
                [1.0, 0.0, 0.0, 0.0, 0.0, 1.0, 0.0, -0.309147, -0.0, 0.0, 1.0, 0.419691, 0.0, 0.0, 0.0, 1.0],
                [1.0, 0.0, 0.0, 0.0, 0.0, 1.0, 0.0, -0.309147, -0.0, 0.0, 1.0, 0.419691, 0.0, 0.0, 0.0, 1.0],
                [1.0, 0.0, 0.0, 0.0, 0.0, 1.0, 0.0, -0.309147, -0.0, 0.0, 1.0, 0.419691, 0.0, 0.0, 0.0, 1.0],
                [1.0, 0.0, 0.0, 0.0, 0.0, 1.0, 0.0, -0.309147, -0.0, 0.0, 1.0, 0.419691, 0.0, 0.0, 0.0, 1.0],
                [1.0, 0.0, 0.0, 0.0, 0.0, 1.0, 0.0, -0.309147, -0.0, 0.0, 1.0, 0.419691, 0.0, 0.0, 0.0, 1.0],
                [1.0, 0.0, 0.0, 0.0, 0.0, 1.0, 0.0, -0.309147, -0.0, 0.0, 1.0, 0.419691, 0.0, 0.0, 0.0, 1.0],
                [1.0, 0.0, 0.0, 0.0, 0.0, 1.0, 0.0, -0.309147, -0.0, 0.0, 1.0, 0.419691, 0.0, 0.0, 0.0, 1.0],
                [1.0, 0.0, 0.0, 0.0, 0.0, 1.0, 0.0, -0.309147, -0.0, 0.0, 1.0, 0.419691, 0.0, 0.0, 0.0, 1.0],
                [1.0, 0.0, 0.0, 0.0, 0.0, 1.0, 0.0, -0.309147, -0.0, 0.0, 1.0, 0.419691, 0.0, 0.0, 0.0, 1.0],
                [1.0, 0.0, 0.0, 0.0, 0.0, 1.0, 0.0, -0.309147, -0.0, 0.0, 1.0, 0.419691, 0.0, 0.0, 0.0, 1.0],
                [1.0, 0.0, 0.0, 0.0, 0.0, 1.0, 0.0, -0.309147, -0.0, 0.0, 1.0, 0.419691, 0.0, 0.0, 0.0, 1.0],
                [1.0, 0.0, 0.0, 0.0, 0.0, 1.0, 0.0, -0.309147, -0.0, 0.0, 1.0, 0.419691, 0.0, 0.0, 0.0, 1.0],
                [1.0, 0.0, 0.0, 0.0, 0.0, 1.0, 0.0, -0.309147, -0.0, 0.0, 1.0, 0.419691, 0.0, 0.0, 0.0, 1.0],
                [1.0, 0.0, 0.0, 0.0, 0.0, 1.0, 0.0, -0.309147, -0.0, 0.0, 1.0, 0.419691, 0.0, 0.0, 0.0, 1.0],
                [1.0, 0.0, 0.0, 0.0, 0.0, 1.0, 0.0, -0.309147, -0.0, 0.0, 1.0, 0.419691, 0.0, 0.0, 0.0, 1.0],
                [1.0, 0.0, 0.0, 0.0, 0.0, 1.0, 0.0, -0.309147, -0.0, 0.0, 1.0, 0.419691, 0.0, 0.0, 0.0, 1.0],
                [1.0, 0.0, 0.0, 0.0, 0.0, 1.0, 0.0, -0.309147, -0.0, 0.0, 1.0, 0.419691, 0.0, 0.0, 0.0, 1.0],
                [1.0, 0.0, 0.0, 0.0, 0.0, 1.0, 0.0, -0.309147, -0.0, 0.0, 1.0, 0.419691, 0.0, 0.0, 0.0, 1.0],
                [1.0, 0.0, 0.0, 0.0, 0.0, 1.0, 0.0, -0.309147, -0.0, 0.0, 1.0, 0.419691, 0.0, 0.0, 0.0, 1.0],
                [1.0, 0.0, 0.0, 0.0, 0.0, 1.0, 0.0, -0.309147, -0.0, 0.0, 1.0, 0.419691, 0.0, 0.0, 0.0, 1.0],
                [1.0, 0.0, 0.0, 0.0, 0.0, 1.0, 0.0, -0.309147, -0.0, 0.0, 1.0, 0.419691, 0.0, 0.0, 0.0, 1.0],
                [1.0, 0.0, 0.0, 0.0, 0.0, 1.0, 0.0, -0.309147, -0.0, 0.0, 1.0, 0.419691, 0.0, 0.0, 0.0, 1.0],
                [1.0, 0.0, 0.0, 0.0, 0.0, 1.0, 0.0, -0.309147, -0.0, 0.0, 1.0, 0.419691, 0.0, 0.0, 0.0, 1.0],
                [1.0, 0.0, 0.0, 0.0, 0.0, 1.0, 0.0, -0.309147, -0.0, 0.0, 1.0, 0.419691, 0.0, 0.0, 0.0, 1.0],
                [1.0, 0.0, 0.0, 0.0, 0.0, 1.0, 0.0, -0.309147, -0.0, 0.0, 1.0, 0.419691, 0.0, 0.0, 0.0, 1.0],
                [1.0, 0.0, 0.0, 0.0, 0.0, 1.0, 0.0, -0.309147, -0.0, 0.0, 1.0, 0.419691, 0.0, 0.0, 0.0, 1.0],
                [1.0, 0.0, 0.0, 0.0, 0.0, 1.0, 0.0, -0.309147, -0.0, 0.0, 1.0, 0.419691, 0.0, 0.0, 0.0, 1.0],
                [1.0, 0.0, 0.0, 0.0, 0.0, 1.0, 0.0, -0.309147, -0.0, 0.0, 1.0, 0.419691, 0.0, 0.0, 0.0, 1.0],
                [1.0, 0.0, 0.0, 0.0, 0.0, 1.0, 0.0, -0.309147, -0.0, 0.0, 1.0, 0.419691, 0.0, 0.0, 0.0, 1.0],
                [1.0, 0.0, 0.0, 0.0, 0.0, 1.0, 0.0, -0.309147, -0.0, 0.0, 1.0, 0.419691, 0.0, 0.0, 0.0, 1.0],
                [1.0, 0.0, 0.0, 0.0, 0.0, 1.0, 0.0, -0.309147, -0.0, 0.0, 1.0, 0.419691, 0.0, 0.0, 0.0, 1.0],
                [1.0, 0.0, 0.0, 0.0, 0.0, 1.0, 0.0, -0.309147, -0.0, 0.0, 1.0, 0.419691, 0.0, 0.0, 0.0, 1.0],
                [1.0, 0.0, 0.0, 0.0, 0.0, 1.0, 0.0, -0.309147, -0.0, 0.0, 1.0, 0.419691, 0.0, 0.0, 0.0, 1.0],
                [1.0, 0.0, 0.0, 0.0, 0.0, 1.0, 0.0, -0.309147, -0.0, 0.0, 1.0, 0.419691, 0.0, 0.0, 0.0, 1.0],
                [1.0, 0.0, 0.0, 0.0, 0.0, 1.0, 0.0, -0.309147, -0.0, 0.0, 1.0, 0.419691, 0.0, 0.0, 0.0, 1.0],
                [1.0, 0.0, 0.0, 0.0, 0.0, 1.0, 0.0, -0.309147, -0.0, 0.0, 1.0, 0.419691, 0.0, 0.0, 0.0, 1.0],
                [1.0, 0.0, 0.0, 0.0, 0.0, 1.0, 0.0, -0.309147, -0.0, 0.0, 1.0, 0.419691, 0.0, 0.0, 0.0, 1.0],
                [1.0, 0.0, 0.0, 0.0, 0.0, 1.0, 0.0, -0.309147, -0.0, 0.0, 1.0, 0.419691, 0.0, 0.0, 0.0, 1.0],
                [1.0, 0.0, 0.0, 0.0, 0.0, 1.0, 0.0, -0.309147, -0.0, 0.0, 1.0, 0.419691, 0.0, 0.0, 0.0, 1.0],
                [1.0, 0.0, 0.0, 0.0, 0.0, 1.0, 0.0, -0.309147, -0.0, 0.0, 1.0, 0.419691, 0.0, 0.0, 0.0, 1.0],
                [1.0, 0.0, 0.0, 0.0, 0.0, 1.0, 0.0, -0.309147, -0.0, 0.0, 1.0, 0.419691, 0.0, 0.0, 0.0, 1.0],
                [1.0, 0.0, 0.0, 0.0, 0.0, 1.0, 0.0, -0.309147, -0.0, 0.0, 1.0, 0.419691, 0.0, 0.0, 0.0, 1.0],
                [1.0, 0.0, 0.0, 0.0, 0.0, 1.0, 0.0, -0.309147, -0.0, 0.0, 1.0, 0.419691, 0.0, 0.0, 0.0, 1.0],
                [1.0, 0.0, 0.0, 0.0, 0.0, 1.0, 0.0, -0.309147, -0.0, 0.0, 1.0, 0.419691, 0.0, 0.0, 0.0, 1.0],
                [1.0, 0.0, 0.0, 0.0, 0.0, 1.0, 0.0, -0.309147, -0.0, 0.0, 1.0, 0.419691, 0.0, 0.0, 0.0, 1.0],
                [1.0, 0.0, 0.0, 0.0, 0.0, 1.0, 0.0, -0.309147, -0.0, 0.0, 1.0, 0.419691, 0.0, 0.0, 0.0, 1.0],
                [1.0, 0.0, 0.0, 0.0, 0.0, 1.0, 0.0, -0.309147, -0.0, 0.0, 1.0, 0.419691, 0.0, 0.0, 0.0, 1.0],
                [1.0, 0.0, 0.0, 0.0, 0.0, 1.0, 0.0, -0.309147, -0.0, 0.0, 1.0, 0.419691, 0.0, 0.0, 0.0, 1.0],
                [1.0, 0.0, 0.0, 0.0, 0.0, 1.0, 0.0, -0.309147, -0.0, 0.0, 1.0, 0.419691, 0.0, 0.0, 0.0, 1.0],
                [1.0, 0.0, 0.0, 0.0, 0.0, 1.0, 0.0, -0.309147, -0.0, 0.0, 1.0, 0.419691, 0.0, 0.0, 0.0, 1.0],
                [1.0, 0.0, 0.0, 0.0, 0.0, 1.0, 0.0, -0.309147, -0.0, 0.0, 1.0, 0.419691, 0.0, 0.0, 0.0, 1.0],
                [1.0, 0.0, 0.0, 0.0, 0.0, 1.0, 0.0, -0.309147, -0.0, 0.0, 1.0, 0.419691, 0.0, 0.0, 0.0, 1.0],
                [1.0, 0.0, 0.0, 0.0, 0.0, 1.0, 0.0, -0.309147, -0.0, 0.0, 1.0, 0.419691, 0.0, 0.0, 0.0, 1.0],
                [1.0, 0.0, 0.0, 0.0, 0.0, 1.0, 0.0, -0.309147, -0.0, 0.0, 1.0, 0.419691, 0.0, 0.0, 0.0, 1.0],
                [1.0, 0.0, 0.0, 0.0, 0.0, 1.0, 0.0, -0.309147, -0.0, 0.0, 1.0, 0.419691, 0.0, 0.0, 0.0, 1.0],
                [1.0, 0.0, 0.0, 0.0, 0.0, 1.0, 0.0, -0.309147, -0.0, 0.0, 1.0, 0.419691, 0.0, 0.0, 0.0, 1.0],
                [1.0, 0.0, 0.0, 0.0, 0.0, 1.0, 0.0, -0.309147, -0.0, 0.0, 1.0, 0.419691, 0.0, 0.0, 0.0, 1.0],
                [1.0, 0.0, 0.0, 0.0, 0.0, 1.0, 0.0, -0.309147, -0.0, 0.0, 1.0, 0.419691, 0.0, 0.0, 0.0, 1.0],
                [1.0, 0.0, 0.0, 0.0, 0.0, 1.0, 0.0, -0.309147, -0.0, 0.0, 1.0, 0.419691, 0.0, 0.0, 0.0, 1.0],
                [1.0, 0.0, 0.0, 0.0, 0.0, 1.0, 0.0, -0.309147, -0.0, 0.0, 1.0, 0.419691, 0.0, 0.0, 0.0, 1.0],
                [1.0, 0.0, 0.0, 0.0, 0.0, 1.0, 0.0, -0.309147, -0.0, 0.0, 1.0, 0.419691, 0.0, 0.0, 0.0, 1.0],
                [1.0, 0.0, 0.0, 0.0, 0.0, 1.0, 0.0, -0.309147, -0.0, 0.0, 1.0, 0.419691, 0.0, 0.0, 0.0, 1.0],
                [1.0, 0.0, 0.0, 0.0, 0.0, 1.0, 0.0, -0.309147, -0.0, 0.0, 1.0, 0.419691, 0.0, 0.0, 0.0, 1.0],
                [1.0, 0.0, 0.0, 0.0, 0.0, 1.0, 0.0, -0.309147, -0.0, 0.0, 1.0, 0.419691, 0.0, 0.0, 0.0, 1.0],
                [1.0, 0.0, 0.0, 0.0, 0.0, 1.0, 0.0, -0.309147, -0.0, 0.0, 1.0, 0.419691, 0.0, 0.0, 0.0, 1.0],
                [1.0, 0.0, 0.0, 0.0, 0.0, 1.0, 0.0, -0.309147, -0.0, 0.0, 1.0, 0.419691, 0.0, 0.0, 0.0, 1.0],
                [1.0, 0.0, 0.0, 0.0, 0.0, 1.0, 0.0, -0.309147, -0.0, 0.0, 1.0, 0.419691, 0.0, 0.0, 0.0, 1.0],
                [1.0, 0.0, 0.0, 0.0, 0.0, 1.0, 0.0, -0.309147, -0.0, 0.0, 1.0, 0.419691, 0.0, 0.0, 0.0, 1.0],
                [1.0, 0.0, 0.0, 0.0, 0.0, 1.0, 0.0, -0.309147, -0.0, 0.0, 1.0, 0.419691, 0.0, 0.0, 0.0, 1.0],
                [1.0, 0.0, 0.0, 0.0, 0.0, 1.0, 0.0, -0.309147, -0.0, 0.0, 1.0, 0.419691, 0.0, 0.0, 0.0, 1.0],
                [1.0, 0.0, 0.0, 0.0, 0.0, 1.0, 0.0, -0.309147, -0.0, 0.0, 1.0, 0.419691, 0.0, 0.0, 0.0, 1.0],
                [1.0, 0.0, 0.0, 0.0, 0.0, 1.0, 0.0, -0.309147, -0.0, 0.0, 1.0, 0.419691, 0.0, 0.0, 0.0, 1.0],
                [1.0, 0.0, 0.0, 0.0, 0.0, 1.0, 0.0, -0.309147, -0.0, 0.0, 1.0, 0.419691, 0.0, 0.0, 0.0, 1.0]
            ]
        },
        {
            "name": "Torso",
            "time": [0.0, 0.0417, 0.0833, 0.125, 0.1667, 0.2083, 0.25, 0.2917, 0.3333, 0.375, 0.4167, 0.4583, 0.5, 0.5417, 0.5833, 0.625, 0.6667, 0.7083, 0.75, 0.7917, 0.8333, 0.875, 0.9167, 0.9583, 1.0, 1.0417, 1.0833, 1.125, 1.1667, 1.2083, 1.25, 1.2917, 1.3333, 1.375, 1.4167, 1.4583, 1.5, 1.5417, 1.5833, 1.625, 1.6667, 1.7083, 1.75, 1.7917, 1.8333, 1.875, 1.9167, 1.9583, 2.0, 2.0417, 2.0833, 2.125, 2.1667, 2.2083, 2.25, 2.2917, 2.3333, 2.375, 2.4167, 2.4583, 2.5, 2.5417, 2.5833, 2.625, 2.6667, 2.7083, 2.75, 2.7917, 2.8333, 2.875, 2.9167, 2.9583, 3.0, 3.0417, 3.0833, 3.125, 3.1667, 3.2083, 3.25, 3.2917, 3.3333, 3.375, 3.4167, 3.4583, 3.5, 3.5417, 3.5833, 3.625, 3.6667, 3.7083, 3.75, 3.7917, 3.8333, 3.875, 3.9167, 3.9583, 4.0, 4.0417, 4.0833, 4.125, 4.1667, 4.2083, 4.25, 4.2917, 4.3333, 4.375, 4.4167, 4.4583, 4.5, 4.5417, 4.5833, 4.625, 4.6667, 4.7083, 4.75, 4.7917, 4.8333, 4.875, 4.9167, 4.9583, 5.0, 5.0417, 5.0833, 5.125, 5.1667, 5.2083, 5.25, 5.2917, 5.3333, 5.375, 5.4167, 5.4583, 5.5, 5.5417, 5.5833, 5.625, 5.6667, 5.7083, 5.75, 5.7917, 5.8333, 5.875, 5.9167, 5.9583, 6.0, 6.0417, 6.0833, 6.125, 6.1667, 6.2083, 6.25, 6.2917, 6.3333, 6.375, 6.4167, 6.4583, 6.5, 6.5417, 6.5833, 6.625, 6.6667, 6.7083, 6.75, 6.7917, 6.8333, 6.875, 6.9167, 6.9583, 7.0, 7.0417, 7.0833, 7.125, 7.1667, 7.2083, 7.25, 7.2917, 7.3333, 7.375, 7.4167, 7.4583, 7.5, 7.5417, 7.5833, 7.625, 7.6667, 7.7083, 7.75, 7.7917, 7.8333, 7.875, 7.9167, 7.9583, 8.0, 8.0417, 8.0833, 8.125, 8.1667, 8.2083, 8.25, 8.2917, 8.3333, 8.375, 8.4167, 8.4583, 8.5, 8.5417, 8.5833, 8.625, 8.6667, 8.7083, 8.75, 8.7917, 8.8333, 8.875, 8.9167],
            "transform": [
                [1.0, -0.0, 0.0, 0.0, 0.0, 0.996195, -0.087155, 0.086063, 0.0, 0.087155, 0.996195, 0.0, 0.0, 0.0, 0.0, 1.0],
                [1.0, -0.0, 0.0, 0.0, 0.0, 0.9962, -0.087093, 0.086063, 0.0, 0.087093, 0.9962, 0.0, 0.0, 0.0, 0.0, 1.0],
                [1.0, -0.0, 0.0, 0.0, 0.0, 0.996216, -0.086912, 0.086063, 0.0, 0.086912, 0.996216, 0.0, 0.0, 0.0, 0.0, 1.0],
                [1.0, -0.0, 0.0, 0.0, 0.0, 0.996242, -0.08662, 0.086063, 0.0, 0.08662, 0.996241, 0.0, 0.0, 0.0, 0.0, 1.0],
                [1.0, -0.0, 0.0, 0.0, 0.0, 0.996276, -0.086224, 0.086063, 0.0, 0.086224, 0.996276, 0.0, 0.0, 0.0, 0.0, 1.0],
                [1.0, -0.0, 0.0, 0.0, 0.0, 0.996318, -0.085733, 0.086063, 0.0, 0.085733, 0.996318, 0.0, 0.0, 0.0, 0.0, 1.0],
                [1.0, -0.0, 0.0, 0.0, 0.0, 0.996368, -0.085155, 0.086063, 0.0, 0.085155, 0.996368, 0.0, 0.0, 0.0, 0.0, 1.0],
                [1.0, -0.0, 0.0, 0.0, 0.0, 0.996424, -0.084497, 0.086063, 0.0, 0.084497, 0.996424, 0.0, 0.0, 0.0, 0.0, 1.0],
                [1.0, -0.0, 0.0, 0.0, 0.0, 0.996485, -0.083768, 0.086063, 0.0, 0.083768, 0.996485, 0.0, 0.0, 0.0, 0.0, 1.0],
                [1.0, -0.0, 0.0, 0.0, 0.0, 0.996552, -0.082975, 0.086063, 0.0, 0.082975, 0.996552, 0.0, 0.0, 0.0, 0.0, 1.0],
                [1.0, -0.0, 0.0, 0.0, 0.0, 0.996622, -0.082126, 0.086063, 0.0, 0.082126, 0.996622, 0.0, 0.0, 0.0, 0.0, 1.0],
                [1.0, -0.0, 0.0, 0.0, 0.0, 0.996695, -0.08123, 0.086063, 0.0, 0.08123, 0.996695, 0.0, 0.0, 0.0, 0.0, 1.0],
                [1.0, -0.0, 0.0, 0.0, 0.0, 0.996771, -0.080294, 0.086063, 0.0, 0.080294, 0.996771, 0.0, 0.0, 0.0, 0.0, 1.0],
                [1.0, -0.0, 0.0, 0.0, 0.0, 0.996849, -0.079326, 0.086063, 0.0, 0.079326, 0.996849, 0.0, 0.0, 0.0, 0.0, 1.0],
                [1.0, -0.0, 0.0, 0.0, 0.0, 0.996927, -0.078335, 0.086063, 0.0, 0.078335, 0.996927, 0.0, 0.0, 0.0, 0.0, 1.0],
                [1.0, -0.0, 0.0, 0.0, 0.0, 0.997006, -0.077327, 0.086063, 0.0, 0.077327, 0.997006, 0.0, 0.0, 0.0, 0.0, 1.0],
                [1.0, -0.0, 0.0, 0.0, 0.0, 0.997084, -0.076311, 0.086063, 0.0, 0.076311, 0.997084, 0.0, 0.0, 0.0, 0.0, 1.0],
                [1.0, -0.0, 0.0, 0.0, 0.0, 0.997161, -0.075295, 0.086063, 0.0, 0.075295, 0.997161, 0.0, 0.0, 0.0, 0.0, 1.0],
                [1.0, -0.0, 0.0, 0.0, 0.0, 0.997237, -0.074287, 0.086063, 0.0, 0.074287, 0.997237, 0.0, 0.0, 0.0, 0.0, 1.0],
                [1.0, -0.0, 0.0, 0.0, 0.0, 0.99731, -0.073295, 0.086063, 0.0, 0.073295, 0.99731, 0.0, 0.0, 0.0, 0.0, 1.0],
                [1.0, -0.0, 0.0, 0.0, 0.0, 0.997381, -0.072327, 0.086063, 0.0, 0.072327, 0.997381, 0.0, 0.0, 0.0, 0.0, 1.0],
                [1.0, -0.0, 0.0, 0.0, 0.0, 0.997449, -0.07139, 0.086063, 0.0, 0.07139, 0.997448, 0.0, 0.0, 0.0, 0.0, 1.0],
                [1.0, -0.0, 0.0, 0.0, 0.0, 0.997512, -0.070493, 0.086063, 0.0, 0.070493, 0.997512, 0.0, 0.0, 0.0, 0.0, 1.0],
                [1.0, -0.0, 0.0, 0.0, 0.0, 0.997572, -0.069644, 0.086063, 0.0, 0.069644, 0.997572, 0.0, 0.0, 0.0, 0.0, 1.0],
                [1.0, -0.0, 0.0, 0.0, 0.0, 0.997627, -0.06885, 0.086063, 0.0, 0.06885, 0.997627, 0.0, 0.0, 0.0, 0.0, 1.0],
                [1.0, -0.0, 0.0, 0.0, 0.0, 0.997677, -0.06812, 0.086063, 0.0, 0.06812, 0.997677, 0.0, 0.0, 0.0, 0.0, 1.0],
                [1.0, -0.0, 0.0, 0.0, 0.0, 0.997722, -0.067461, 0.086063, 0.0, 0.067461, 0.997722, 0.0, 0.0, 0.0, 0.0, 1.0],
                [1.0, -0.0, 0.0, 0.0, 0.0, 0.997761, -0.066882, 0.086063, 0.0, 0.066882, 0.997761, 0.0, 0.0, 0.0, 0.0, 1.0],
                [1.0, -0.0, 0.0, 0.0, 0.0, 0.997794, -0.066391, 0.086063, 0.0, 0.066391, 0.997794, 0.0, 0.0, 0.0, 0.0, 1.0],
                [1.0, -0.0, 0.0, 0.0, 0.0, 0.99782, -0.065994, 0.086063, 0.0, 0.065994, 0.99782, 0.0, 0.0, 0.0, 0.0, 1.0],
                [1.0, -0.0, 0.0, 0.0, 0.0, 0.997839, -0.065701, 0.086063, 0.0, 0.065701, 0.997839, 0.0, 0.0, 0.0, 0.0, 1.0],
                [1.0, -0.0, 0.0, 0.0, 0.0, 0.997851, -0.06552, 0.086063, 0.0, 0.06552, 0.997851, 0.0, 0.0, 0.0, 0.0, 1.0],
                [1.0, -0.0, 0.0, 0.0, 0.0, 0.997855, -0.065458, 0.086063, 0.0, 0.065458, 0.997855, 0.0, 0.0, 0.0, 0.0, 1.0],
                [1.0, -0.0, 0.0, 0.0, 0.0, 0.997855, -0.065469, 0.086063, 0.0, 0.065469, 0.997855, 0.0, 0.0, 0.0, 0.0, 1.0],
                [1.0, -0.0, 0.0, 0.0, 0.0, 0.997852, -0.065503, 0.086063, 0.0, 0.065503, 0.997852, 0.0, 0.0, 0.0, 0.0, 1.0],
                [1.0, -0.0, 0.0, 0.0, 0.0, 0.997849, -0.065559, 0.086063, 0.0, 0.065559, 0.997849, 0.0, 0.0, 0.0, 0.0, 1.0],
                [1.0, -0.0, 0.0, 0.0, 0.0, 0.997844, -0.065636, 0.086063, 0.0, 0.065636, 0.997844, 0.0, 0.0, 0.0, 0.0, 1.0],
                [1.0, -0.0, 0.0, 0.0, 0.0, 0.997837, -0.065734, 0.086063, 0.0, 0.065734, 0.997837, 0.0, 0.0, 0.0, 0.0, 1.0],
                [1.0, -0.0, 0.0, 0.0, 0.0, 0.997829, -0.065852, 0.086063, 0.0, 0.065852, 0.997829, 0.0, 0.0, 0.0, 0.0, 1.0],
                [1.0, -0.0, 0.0, 0.0, 0.0, 0.99782, -0.06599, 0.086063, 0.0, 0.06599, 0.99782, 0.0, 0.0, 0.0, 0.0, 1.0],
                [1.0, -0.0, 0.0, 0.0, 0.0, 0.99781, -0.066146, 0.086063, 0.0, 0.066146, 0.99781, 0.0, 0.0, 0.0, 0.0, 1.0],
                [1.0, -0.0, 0.0, 0.0, 0.0, 0.997798, -0.066321, 0.086063, 0.0, 0.066321, 0.997798, 0.0, 0.0, 0.0, 0.0, 1.0],
                [1.0, -0.0, 0.0, 0.0, 0.0, 0.997786, -0.066513, 0.086063, 0.0, 0.066513, 0.997786, 0.0, 0.0, 0.0, 0.0, 1.0],
                [1.0, -0.0, 0.0, 0.0, 0.0, 0.997772, -0.066722, 0.086063, 0.0, 0.066722, 0.997772, 0.0, 0.0, 0.0, 0.0, 1.0],
                [1.0, -0.0, 0.0, 0.0, 0.0, 0.997757, -0.066947, 0.086063, 0.0, 0.066947, 0.997756, 0.0, 0.0, 0.0, 0.0, 1.0],
                [1.0, -0.0, 0.0, 0.0, 0.0, 0.99774, -0.067189, 0.086063, 0.0, 0.067189, 0.99774, 0.0, 0.0, 0.0, 0.0, 1.0],
                [1.0, -0.0, 0.0, 0.0, 0.0, 0.997723, -0.067445, 0.086063, 0.0, 0.067445, 0.997723, 0.0, 0.0, 0.0, 0.0, 1.0],
                [1.0, -0.0, 0.0, 0.0, 0.0, 0.997705, -0.067716, 0.086063, 0.0, 0.067716, 0.997705, 0.0, 0.0, 0.0, 0.0, 1.0],
                [1.0, -0.0, 0.0, 0.0, 0.0, 0.997685, -0.068001, 0.086063, 0.0, 0.068001, 0.997685, 0.0, 0.0, 0.0, 0.0, 1.0],
                [1.0, -0.0, 0.0, 0.0, 0.0, 0.997665, -0.068299, 0.086063, 0.0, 0.068299, 0.997665, 0.0, 0.0, 0.0, 0.0, 1.0],
                [1.0, -0.0, 0.0, 0.0, 0.0, 0.997644, -0.068609, 0.086063, 0.0, 0.068609, 0.997644, 0.0, 0.0, 0.0, 0.0, 1.0],
                [1.0, -0.0, 0.0, 0.0, 0.0, 0.997621, -0.068932, 0.086063, 0.0, 0.068932, 0.997621, 0.0, 0.0, 0.0, 0.0, 1.0],
                [1.0, -0.0, 0.0, 0.0, 0.0, 0.997598, -0.069266, 0.086063, 0.0, 0.069266, 0.997598, 0.0, 0.0, 0.0, 0.0, 1.0],
                [1.0, -0.0, 0.0, 0.0, 0.0, 0.997574, -0.069611, 0.086063, 0.0, 0.069611, 0.997574, 0.0, 0.0, 0.0, 0.0, 1.0],
                [1.0, -0.0, 0.0, 0.0, 0.0, 0.997549, -0.069966, 0.086063, 0.0, 0.069966, 0.997549, 0.0, 0.0, 0.0, 0.0, 1.0],
                [1.0, -0.0, 0.0, 0.0, 0.0, 0.997524, -0.070331, 0.086063, 0.0, 0.070331, 0.997524, 0.0, 0.0, 0.0, 0.0, 1.0],
                [1.0, -0.0, 0.0, 0.0, 0.0, 0.997497, -0.070704, 0.086063, 0.0, 0.070704, 0.997497, 0.0, 0.0, 0.0, 0.0, 1.0],
                [1.0, -0.0, 0.0, 0.0, 0.0, 0.99747, -0.071086, 0.086063, 0.0, 0.071086, 0.99747, 0.0, 0.0, 0.0, 0.0, 1.0],
                [1.0, -0.0, 0.0, 0.0, 0.0, 0.997442, -0.071476, 0.086063, 0.0, 0.071476, 0.997442, 0.0, 0.0, 0.0, 0.0, 1.0],
                [1.0, -0.0, 0.0, 0.0, 0.0, 0.997414, -0.071873, 0.086063, 0.0, 0.071873, 0.997414, 0.0, 0.0, 0.0, 0.0, 1.0],
                [1.0, -0.0, 0.0, 0.0, 0.0, 0.997385, -0.072276, 0.086063, 0.0, 0.072276, 0.997385, 0.0, 0.0, 0.0, 0.0, 1.0],
                [1.0, -0.0, 0.0, 0.0, 0.0, 0.997355, -0.072685, 0.086063, 0.0, 0.072685, 0.997355, 0.0, 0.0, 0.0, 0.0, 1.0],
                [1.0, -0.0, 0.0, 0.0, 0.0, 0.997325, -0.073099, 0.086063, 0.0, 0.073099, 0.997325, 0.0, 0.0, 0.0, 0.0, 1.0],
                [1.0, -0.0, 0.0, 0.0, 0.0, 0.997294, -0.073518, 0.086063, 0.0, 0.073518, 0.997294, 0.0, 0.0, 0.0, 0.0, 1.0],
                [1.0, -0.0, 0.0, 0.0, 0.0, 0.997263, -0.073941, 0.086063, 0.0, 0.073941, 0.997263, 0.0, 0.0, 0.0, 0.0, 1.0],
                [1.0, -0.0, 0.0, 0.0, 0.0, 0.997231, -0.074367, 0.086063, 0.0, 0.074367, 0.997231, 0.0, 0.0, 0.0, 0.0, 1.0],
                [1.0, -0.0, 0.0, 0.0, 0.0, 0.997199, -0.074796, 0.086063, 0.0, 0.074796, 0.997199, 0.0, 0.0, 0.0, 0.0, 1.0],
                [1.0, -0.0, 0.0, 0.0, 0.0, 0.997166, -0.075228, 0.086063, 0.0, 0.075228, 0.997166, 0.0, 0.0, 0.0, 0.0, 1.0],
                [1.0, -0.0, 0.0, 0.0, 0.0, 0.997134, -0.07566, 0.086063, 0.0, 0.07566, 0.997134, 0.0, 0.0, 0.0, 0.0, 1.0],
                [1.0, -0.0, 0.0, 0.0, 0.0, 0.997101, -0.076094, 0.086063, 0.0, 0.076094, 0.997101, 0.0, 0.0, 0.0, 0.0, 1.0],
                [1.0, -0.0, 0.0, 0.0, 0.0, 0.997067, -0.076528, 0.086063, 0.0, 0.076528, 0.997067, 0.0, 0.0, 0.0, 0.0, 1.0],
                [1.0, -0.0, 0.0, 0.0, 0.0, 0.997034, -0.076962, 0.086063, 0.0, 0.076962, 0.997034, 0.0, 0.0, 0.0, 0.0, 1.0],
                [1.0, -0.0, 0.0, 0.0, 0.0, 0.997001, -0.077394, 0.086063, 0.0, 0.077394, 0.997001, 0.0, 0.0, 0.0, 0.0, 1.0],
                [1.0, -0.0, 0.0, 0.0, 0.0, 0.996967, -0.077825, 0.086063, 0.0, 0.077825, 0.996967, 0.0, 0.0, 0.0, 0.0, 1.0],
                [1.0, -0.0, 0.0, 0.0, 0.0, 0.996933, -0.078254, 0.086063, 0.0, 0.078254, 0.996933, 0.0, 0.0, 0.0, 0.0, 1.0],
                [1.0, -0.0, 0.0, 0.0, 0.0, 0.9969, -0.078681, 0.086063, 0.0, 0.078681, 0.9969, 0.0, 0.0, 0.0, 0.0, 1.0],
                [1.0, -0.0, 0.0, 0.0, 0.0, 0.996866, -0.079103, 0.086063, 0.0, 0.079103, 0.996866, 0.0, 0.0, 0.0, 0.0, 1.0],
                [1.0, -0.0, 0.0, 0.0, 0.0, 0.996833, -0.079522, 0.086063, 0.0, 0.079522, 0.996833, 0.0, 0.0, 0.0, 0.0, 1.0],
                [1.0, -0.0, 0.0, 0.0, 0.0, 0.9968, -0.079936, 0.086063, 0.0, 0.079936, 0.9968, 0.0, 0.0, 0.0, 0.0, 1.0],
                [1.0, -0.0, 0.0, 0.0, 0.0, 0.996767, -0.080345, 0.086063, 0.0, 0.080345, 0.996767, 0.0, 0.0, 0.0, 0.0, 1.0],
                [1.0, -0.0, 0.0, 0.0, 0.0, 0.996735, -0.080748, 0.086063, 0.0, 0.080748, 0.996735, 0.0, 0.0, 0.0, 0.0, 1.0],
                [1.0, -0.0, 0.0, 0.0, 0.0, 0.996702, -0.081144, 0.086063, 0.0, 0.081144, 0.996702, 0.0, 0.0, 0.0, 0.0, 1.0],
                [1.0, -0.0, 0.0, 0.0, 0.0, 0.996671, -0.081534, 0.086063, 0.0, 0.081534, 0.996671, 0.0, 0.0, 0.0, 0.0, 1.0],
                [1.0, -0.0, 0.0, 0.0, 0.0, 0.996639, -0.081915, 0.086063, 0.0, 0.081915, 0.996639, 0.0, 0.0, 0.0, 0.0, 1.0],
                [1.0, -0.0, 0.0, 0.0, 0.0, 0.996609, -0.082289, 0.086063, 0.0, 0.082289, 0.996608, 0.0, 0.0, 0.0, 0.0, 1.0],
                [1.0, -0.0, 0.0, 0.0, 0.0, 0.996578, -0.082653, 0.086063, 0.0, 0.082653, 0.996578, 0.0, 0.0, 0.0, 0.0, 1.0],
                [1.0, -0.0, 0.0, 0.0, 0.0, 0.996549, -0.083008, 0.086063, 0.0, 0.083008, 0.996549, 0.0, 0.0, 0.0, 0.0, 1.0],
                [1.0, -0.0, 0.0, 0.0, 0.0, 0.99652, -0.083352, 0.086063, 0.0, 0.083352, 0.99652, 0.0, 0.0, 0.0, 0.0, 1.0],
                [1.0, -0.0, 0.0, 0.0, 0.0, 0.996492, -0.083686, 0.086063, 0.0, 0.083686, 0.996492, 0.0, 0.0, 0.0, 0.0, 1.0],
                [1.0, -0.0, 0.0, 0.0, 0.0, 0.996465, -0.084008, 0.086063, 0.0, 0.084008, 0.996465, 0.0, 0.0, 0.0, 0.0, 1.0],
                [1.0, -0.0, 0.0, 0.0, 0.0, 0.996439, -0.084319, 0.086063, 0.0, 0.084319, 0.996439, 0.0, 0.0, 0.0, 0.0, 1.0],
                [1.0, -0.0, 0.0, 0.0, 0.0, 0.996414, -0.084616, 0.086063, 0.0, 0.084616, 0.996414, 0.0, 0.0, 0.0, 0.0, 1.0],
                [1.0, -0.0, 0.0, 0.0, 0.0, 0.996389, -0.084901, 0.086063, 0.0, 0.084901, 0.996389, 0.0, 0.0, 0.0, 0.0, 1.0],
                [1.0, -0.0, 0.0, 0.0, 0.0, 0.996366, -0.085171, 0.086063, 0.0, 0.085171, 0.996366, 0.0, 0.0, 0.0, 0.0, 1.0],
                [1.0, -0.0, 0.0, 0.0, 0.0, 0.996344, -0.085427, 0.086063, 0.0, 0.085427, 0.996344, 0.0, 0.0, 0.0, 0.0, 1.0],
                [1.0, -0.0, 0.0, 0.0, 0.0, 0.996324, -0.085668, 0.086063, 0.0, 0.085668, 0.996324, 0.0, 0.0, 0.0, 0.0, 1.0],
                [1.0, -0.0, 0.0, 0.0, 0.0, 0.996304, -0.085893, 0.086063, 0.0, 0.085893, 0.996304, 0.0, 0.0, 0.0, 0.0, 1.0],
                [1.0, -0.0, 0.0, 0.0, 0.0, 0.996286, -0.086102, 0.086063, 0.0, 0.086102, 0.996286, 0.0, 0.0, 0.0, 0.0, 1.0],
                [1.0, -0.0, 0.0, 0.0, 0.0, 0.99627, -0.086294, 0.086063, 0.0, 0.086294, 0.99627, 0.0, 0.0, 0.0, 0.0, 1.0],
                [1.0, -0.0, 0.0, 0.0, 0.0, 0.996255, -0.086468, 0.086063, 0.0, 0.086468, 0.996255, 0.0, 0.0, 0.0, 0.0, 1.0],
                [1.0, -0.0, 0.0, 0.0, 0.0, 0.996241, -0.086624, 0.086063, 0.0, 0.086624, 0.996241, 0.0, 0.0, 0.0, 0.0, 1.0],
                [1.0, -0.0, 0.0, 0.0, 0.0, 0.996229, -0.086761, 0.086063, 0.0, 0.086761, 0.996229, 0.0, 0.0, 0.0, 0.0, 1.0],
                [1.0, -0.0, 0.0, 0.0, 0.0, 0.996219, -0.086879, 0.086063, 0.0, 0.086879, 0.996219, 0.0, 0.0, 0.0, 0.0, 1.0],
