{
    "animation": [
        {
            "name": "Root",
            "time": [0.0, 0.0417, 0.0833, 0.125, 0.1667, 0.2083, 0.25, 0.2917, 0.3333, 0.375, 0.4167, 0.4583, 0.5, 0.5417, 0.5833, 0.625, 0.6667, 0.7083, 0.75, 0.7917, 0.8333, 0.875, 0.9167, 0.9583, 1.0, 1.0417, 1.0833, 1.125, 1.1667, 1.2083, 1.25, 1.2917, 1.3333, 1.375, 1.4167, 1.4583, 1.5, 1.5417, 1.5833, 1.625, 1.6667, 1.7083, 1.75, 1.7917, 1.8333, 1.875, 1.9167, 1.9583, 2.0, 2.0417, 2.0833, 2.125, 2.1667, 2.2083, 2.25],
            "transform": [
                [1.0, 0.0, 0.0, 0.0, 0.0, 1.0, 0.0, -0.309147, -0.0, 0.0, 1.0, 0.419691, 0.0, 0.0, 0.0, 1.0],
                [1.0, 0.0, 0.0, 0.0, 0.0, 1.0, 0.0, -0.309147, -0.0, 0.0, 1.0, 0.419691, 0.0, 0.0, 0.0, 1.0],
                [1.0, 0.0, 0.0, 0.0, 0.0, 1.0, 0.0, -0.309147, -0.0, 0.0, 1.0, 0.419691, 0.0, 0.0, 0.0, 1.0],
                [1.0, 0.0, 0.0, 0.0, 0.0, 1.0, 0.0, -0.309147, -0.0, 0.0, 1.0, 0.419691, 0.0, 0.0, 0.0, 1.0],
                [1.0, 0.0, 0.0, 0.0, 0.0, 1.0, 0.0, -0.309147, -0.0, 0.0, 1.0, 0.419691, 0.0, 0.0, 0.0, 1.0],
                [1.0, 0.0, 0.0, 0.0, 0.0, 1.0, 0.0, -0.309147, -0.0, 0.0, 1.0, 0.419691, 0.0, 0.0, 0.0, 1.0],
                [1.0, 0.0, 0.0, 0.0, 0.0, 1.0, 0.0, -0.309147, -0.0, 0.0, 1.0, 0.419691, 0.0, 0.0, 0.0, 1.0],
                [1.0, 0.0, 0.0, 0.0, 0.0, 1.0, 0.0, -0.309147, -0.0, 0.0, 1.0, 0.419691, 0.0, 0.0, 0.0, 1.0],
                [1.0, 0.0, 0.0, 0.0, 0.0, 1.0, 0.0, -0.309147, -0.0, 0.0, 1.0, 0.419691, 0.0, 0.0, 0.0, 1.0],
                [1.0, 0.0, 0.0, 0.0, 0.0, 1.0, 0.0, -0.309147, -0.0, 0.0, 1.0, 0.419691, 0.0, 0.0, 0.0, 1.0],
                [1.0, 0.0, 0.0, 0.0, 0.0, 1.0, 0.0, -0.309147, -0.0, 0.0, 1.0, 0.419691, 0.0, 0.0, 0.0, 1.0],
                [1.0, 0.0, 0.0, 0.0, 0.0, 1.0, 0.0, -0.309147, -0.0, 0.0, 1.0, 0.419691, 0.0, 0.0, 0.0, 1.0],
                [1.0, 0.0, 0.0, 0.0, 0.0, 1.0, 0.0, -0.309147, -0.0, 0.0, 1.0, 0.419691, 0.0, 0.0, 0.0, 1.0],
                [1.0, 0.0, 0.0, 0.0, 0.0, 1.0, 0.0, -0.309147, -0.0, 0.0, 1.0, 0.419691, 0.0, 0.0, 0.0, 1.0],
                [1.0, 0.0, 0.0, 0.0, 0.0, 1.0, 0.0, -0.309147, -0.0, 0.0, 1.0, 0.419691, 0.0, 0.0, 0.0, 1.0],
                [1.0, 0.0, 0.0, 0.0, 0.0, 1.0, 0.0, -0.309147, -0.0, 0.0, 1.0, 0.419691, 0.0, 0.0, 0.0, 1.0],
                [1.0, 0.0, 0.0, 0.0, 0.0, 1.0, 0.0, -0.309147, -0.0, 0.0, 1.0, 0.419691, 0.0, 0.0, 0.0, 1.0],
                [1.0, 0.0, 0.0, 0.0, 0.0, 1.0, 0.0, -0.309147, -0.0, 0.0, 1.0, 0.419691, 0.0, 0.0, 0.0, 1.0],
                [1.0, 0.0, 0.0, 0.0, 0.0, 1.0, 0.0, -0.309147, -0.0, 0.0, 1.0, 0.419691, 0.0, 0.0, 0.0, 1.0],
                [1.0, 0.0, 0.0, 0.0, 0.0, 1.0, 0.0, -0.309147, -0.0, 0.0, 1.0, 0.419691, 0.0, 0.0, 0.0, 1.0],
                [1.0, 0.0, 0.0, 0.0, 0.0, 1.0, 0.0, -0.309147, -0.0, 0.0, 1.0, 0.419691, 0.0, 0.0, 0.0, 1.0],
                [1.0, 0.0, 0.0, 0.0, 0.0, 1.0, 0.0, -0.309147, -0.0, 0.0, 1.0, 0.419691, 0.0, 0.0, 0.0, 1.0],
                [1.0, 0.0, 0.0, 0.0, 0.0, 1.0, 0.0, -0.309147, -0.0, 0.0, 1.0, 0.419691, 0.0, 0.0, 0.0, 1.0],
                [1.0, 0.0, 0.0, 0.0, 0.0, 1.0, 0.0, -0.309147, -0.0, 0.0, 1.0, 0.419691, 0.0, 0.0, 0.0, 1.0],
                [1.0, 0.0, 0.0, 0.0, 0.0, 1.0, 0.0, -0.309147, -0.0, 0.0, 1.0, 0.419691, 0.0, 0.0, 0.0, 1.0],
                [1.0, 0.0, 0.0, 0.0, 0.0, 1.0, 0.0, -0.309147, -0.0, 0.0, 1.0, 0.419691, 0.0, 0.0, 0.0, 1.0],
                [1.0, 0.0, 0.0, 0.0, 0.0, 1.0, 0.0, -0.309147, -0.0, 0.0, 1.0, 0.419691, 0.0, 0.0, 0.0, 1.0],
                [1.0, 0.0, 0.0, 0.0, 0.0, 1.0, 0.0, -0.309147, -0.0, 0.0, 1.0, 0.419691, 0.0, 0.0, 0.0, 1.0],
                [1.0, 0.0, 0.0, 0.0, 0.0, 1.0, 0.0, -0.309147, -0.0, 0.0, 1.0, 0.419691, 0.0, 0.0, 0.0, 1.0],
                [1.0, 0.0, 0.0, 0.0, 0.0, 1.0, 0.0, -0.309147, -0.0, 0.0, 1.0, 0.419691, 0.0, 0.0, 0.0, 1.0],
                [1.0, 0.0, 0.0, 0.0, 0.0, 1.0, 0.0, -0.309147, -0.0, 0.0, 1.0, 0.419691, 0.0, 0.0, 0.0, 1.0],
                [1.0, 0.0, 0.0, 0.0, 0.0, 1.0, 0.0, -0.309147, -0.0, 0.0, 1.0, 0.419691, 0.0, 0.0, 0.0, 1.0],
                [1.0, 0.0, 0.0, 0.0, 0.0, 1.0, 0.0, -0.309147, -0.0, 0.0, 1.0, 0.419691, 0.0, 0.0, 0.0, 1.0],
                [1.0, 0.0, 0.0, 0.0, 0.0, 1.0, 0.0, -0.309147, -0.0, 0.0, 1.0, 0.419691, 0.0, 0.0, 0.0, 1.0],
                [1.0, 0.0, 0.0, 0.0, 0.0, 1.0, 0.0, -0.309147, -0.0, 0.0, 1.0, 0.419691, 0.0, 0.0, 0.0, 1.0],
                [1.0, 0.0, 0.0, 0.0, 0.0, 1.0, 0.0, -0.309147, -0.0, 0.0, 1.0, 0.419691, 0.0, 0.0, 0.0, 1.0],
                [1.0, 0.0, 0.0, 0.0, 0.0, 1.0, 0.0, -0.309147, -0.0, 0.0, 1.0, 0.419691, 0.0, 0.0, 0.0, 1.0],
                [1.0, 0.0, 0.0, 0.0, 0.0, 1.0, 0.0, -0.309147, -0.0, 0.0, 1.0, 0.419691, 0.0, 0.0, 0.0, 1.0],
                [1.0, 0.0, 0.0, 0.0, 0.0, 1.0, 0.0, -0.309147, -0.0, 0.0, 1.0, 0.419691, 0.0, 0.0, 0.0, 1.0],
                [1.0, 0.0, 0.0, 0.0, 0.0, 1.0, 0.0, -0.309147, -0.0, 0.0, 1.0, 0.419691, 0.0, 0.0, 0.0, 1.0],
                [1.0, 0.0, 0.0, 0.0, 0.0, 1.0, 0.0, -0.309147, -0.0, 0.0, 1.0, 0.419691, 0.0, 0.0, 0.0, 1.0],
                [1.0, 0.0, 0.0, 0.0, 0.0, 1.0, 0.0, -0.309147, -0.0, 0.0, 1.0, 0.419691, 0.0, 0.0, 0.0, 1.0],
                [1.0, 0.0, 0.0, 0.0, 0.0, 1.0, 0.0, -0.309147, -0.0, 0.0, 1.0, 0.419691, 0.0, 0.0, 0.0, 1.0],
                [1.0, 0.0, 0.0, 0.0, 0.0, 1.0, 0.0, -0.309147, -0.0, 0.0, 1.0, 0.419691, 0.0, 0.0, 0.0, 1.0],
                [1.0, 0.0, 0.0, 0.0, 0.0, 1.0, 0.0, -0.309147, -0.0, 0.0, 1.0, 0.419691, 0.0, 0.0, 0.0, 1.0],
                [1.0, 0.0, 0.0, 0.0, 0.0, 1.0, 0.0, -0.309147, -0.0, 0.0, 1.0, 0.419691, 0.0, 0.0, 0.0, 1.0],
                [1.0, 0.0, 0.0, 0.0, 0.0, 1.0, 0.0, -0.309147, -0.0, 0.0, 1.0, 0.419691, 0.0, 0.0, 0.0, 1.0],
                [1.0, 0.0, 0.0, 0.0, 0.0, 1.0, 0.0, -0.309147, -0.0, 0.0, 1.0, 0.419691, 0.0, 0.0, 0.0, 1.0],
                [1.0, 0.0, 0.0, 0.0, 0.0, 1.0, 0.0, -0.309147, -0.0, 0.0, 1.0, 0.419691, 0.0, 0.0, 0.0, 1.0],
                [1.0, 0.0, 0.0, 0.0, 0.0, 1.0, 0.0, -0.309147, -0.0, 0.0, 1.0, 0.419691, 0.0, 0.0, 0.0, 1.0],
                [1.0, 0.0, 0.0, 0.0, 0.0, 1.0, 0.0, -0.309147, -0.0, 0.0, 1.0, 0.419691, 0.0, 0.0, 0.0, 1.0],
                [1.0, 0.0, 0.0, 0.0, 0.0, 1.0, 0.0, -0.309147, -0.0, 0.0, 1.0, 0.419691, 0.0, 0.0, 0.0, 1.0],
                [1.0, 0.0, 0.0, 0.0, 0.0, 1.0, 0.0, -0.309147, -0.0, 0.0, 1.0, 0.419691, 0.0, 0.0, 0.0, 1.0],
                [1.0, 0.0, 0.0, 0.0, 0.0, 1.0, 0.0, -0.309147, -0.0, 0.0, 1.0, 0.419691, 0.0, 0.0, 0.0, 1.0],
                [1.0, 0.0, 0.0, 0.0, 0.0, 1.0, 0.0, -0.309147, -0.0, 0.0, 1.0, 0.419691, 0.0, 0.0, 0.0, 1.0]
            ]
        },
        {
            "name": "Torso",
            "time": [0.0, 0.0417, 0.0833, 0.125, 0.1667, 0.2083, 0.25, 0.2917, 0.3333, 0.375, 0.4167, 0.4583, 0.5, 0.5417, 0.5833, 0.625, 0.6667, 0.7083, 0.75, 0.7917, 0.8333, 0.875, 0.9167, 0.9583, 1.0, 1.0417, 1.0833, 1.125, 1.1667, 1.2083, 1.25, 1.2917, 1.3333, 1.375, 1.4167, 1.4583, 1.5, 1.5417, 1.5833, 1.625, 1.6667, 1.7083, 1.75, 1.7917, 1.8333, 1.875, 1.9167, 1.9583, 2.0, 2.0417, 2.0833, 2.125, 2.1667, 2.2083, 2.25],
            "transform": [
                [1.0, 0.0, 0.0, 0.0, -0.0, 1.0, 0.0, 0.086063, -0.0, -0.0, 1.0, 0.0, 0.0, 0.0, 0.0, 1.0],
                [1.0, -2.1e-05, -0.000209, 0.0, 2e-05, 0.999979, -0.006545, 0.086063, 0.00021, 0.006545, 0.999979, 0.0, 0.0, 0.0, 0.0, 1.0],
                [1.0, -4.3e-05, -0.000419, 0.0, 3.8e-05, 0.999914, -0.013091, 0.086063, 0.000419, 0.013091, 0.999914, 0.0, 0.0, 0.0, 0.0, 1.0],
                [1.0, -6.7e-05, -0.000628, 0.0, 5.4e-05, 0.999807, -0.019637, 0.086063, 0.000629, 0.019637, 0.999807, 0.0, 0.0, 0.0, 0.0, 1.0],
                [1.0, -9.2e-05, -0.000837, 0.0, 7e-05, 0.999657, -0.026182, 0.086063, 0.000839, 0.026182, 0.999657, 0.0, 0.0, 0.0, 0.0, 1.0],
                [0.999999, -0.000118, -0.001046, 0.0, 8.4e-05, 0.999464, -0.032726, 0.086063, 0.001049, 0.032726, 0.999464, 0.0, 0.0, 0.0, 0.0, 1.0],
                [0.999999, -0.000146, -0.001254, 0.0, 9.6e-05, 0.999229, -0.039269, 0.086063, 0.001259, 0.039269, 0.999228, 0.0, 0.0, 0.0, 0.0, 1.0],
                [0.999999, -0.000175, -0.001463, 0.0, 0.000108, 0.99895, -0.04581, 0.086063, 0.001469, 0.045809, 0.998949, 0.0, 0.0, 0.0, 0.0, 1.0],
                [0.999999, -0.000205, -0.001671, 0.0, 0.000118, 0.998629, -0.052348, 0.086063, 0.001679, 0.052348, 0.998627, 0.0, 0.0, 0.0, 0.0, 1.0],
                [0.999998, -0.000237, -0.001879, 0.0, 0.000126, 0.998265, -0.058884, 0.086063, 0.001889, 0.058883, 0.998263, 0.0, 0.0, 0.0, 0.0, 1.0],
                [0.999998, -0.000615, -0.001863, 0.0, 0.000504, 0.998266, -0.058872, 0.086063, 0.001896, 0.05887, 0.998264, 0.0, 0.0, 0.0, 0.0, 1.0],
                [0.999997, -0.001545, -0.001822, 0.0, 0.001436, 0.99827, -0.058785, 0.086063, 0.00191, 0.058782, 0.998269, 0.0, 0.0, 0.0, 0.0, 1.0],
                [0.999994, -0.002904, -0.001757, 0.0, 0.002796, 0.998281, -0.05855, 0.086063, 0.001924, 0.058545, 0.998283, 0.0, 0.0, 0.0, 0.0, 1.0],
                [0.999988, -0.004566, -0.001672, 0.0, 0.004461, 0.998301, -0.058091, 0.086063, 0.001934, 0.058083, 0.99831, 0.0, 0.0, 0.0, 0.0, 1.0],
                [0.999978, -0.006408, -0.001569, 0.0, 0.006307, 0.998335, -0.057333, 0.086063, 0.001934, 0.057322, 0.998354, 0.0, 0.0, 0.0, 0.0, 1.0],
                [0.999964, -0.008306, -0.001451, 0.0, 0.008211, 0.998386, -0.056202, 0.086063, 0.001916, 0.056188, 0.998418, 0.0, 0.0, 0.0, 0.0, 1.0],
                [0.999948, -0.010135, -0.001323, 0.0, 0.010048, 0.998457, -0.054622, 0.086063, 0.001874, 0.054606, 0.998506, 0.0, 0.0, 0.0, 0.0, 1.0],
                [0.99993, -0.011773, -0.001186, 0.0, 0.011694, 0.998551, -0.052519, 0.086063, 0.001803, 0.052502, 0.998619, 0.0, 0.0, 0.0, 0.0, 1.0],
                [0.999914, -0.013095, -0.001045, 0.0, 0.013026, 0.998673, -0.049818, 0.086063, 0.001696, 0.0498, 0.998758, 0.0, 0.0, 0.0, 0.0, 1.0],
                [0.999902, -0.013976, -0.0009, 0.0, 0.01392, 0.998824, -0.046443, 0.086063, 0.001548, 0.046426, 0.998921, 0.0, 0.0, 0.0, 0.0, 1.0],
                [0.999898, -0.014294, -0.000752, 0.0, 0.01425, 0.999003, -0.042321, 0.086063, 0.001356, 0.042305, 0.999104, 0.0, 0.0, 0.0, 0.0, 1.0],
                [0.999909, -0.013498, -0.000615, 0.0, 0.013467, 0.999237, -0.036654, 0.086063, 0.001109, 0.036643, 0.999328, 0.0, 0.0, 0.0, 0.0, 1.0],
                [0.999934, -0.011454, -0.000492, 0.0, 0.011435, 0.999505, -0.029317, 0.086063, 0.000827, 0.029309, 0.99957, 0.0, 0.0, 0.0, 0.0, 1.0],
                [0.999962, -0.008661, -0.000369, 0.0, 0.008652, 0.999737, -0.021234, 0.086063, 0.000553, 0.02123, 0.999774, 0.0, 0.0, 0.0, 0.0, 1.0],
                [0.999984, -0.00562, -0.000244, 0.0, 0.005617, 0.999895, -0.013334, 0.086063, 0.000319, 0.013332, 0.999911, 0.0, 0.0, 0.0, 0.0, 1.0],
                [0.999996, -0.00283, -0.000125, 0.0, 0.00283, 0.999975, -0.006543, 0.086063, 0.000144, 0.006543, 0.999979, 0.0, 0.0, 0.0, 0.0, 1.0],
                [1.0, -0.000791, -3.5e-05, 0.0, 0.000791, 0.999998, -0.00179, 0.086063, 3.7e-05, 0.00179, 0.999998, 0.0, 0.0, 0.0, 0.0, 1.0],
                [1.0, 0.0, 0.0, 0.0, -0.0, 1.0, 0.0, 0.086063, -0.0, -0.0, 1.0, 0.0, 0.0, 0.0, 0.0, 1.0],
                [1.0, -2.1e-05, -0.000209, 0.0, 2e-05, 0.999979, -0.006545, 0.086063, 0.00021, 0.006545, 0.999979, 0.0, 0.0, 0.0, 0.0, 1.0],
                [1.0, -4.3e-05, -0.000419, 0.0, 3.8e-05, 0.999914, -0.013091, 0.086063, 0.000419, 0.013091, 0.999914, 0.0, 0.0, 0.0, 0.0, 1.0],
                [1.0, -6.7e-05, -0.000628, 0.0, 5.4e-05, 0.999807, -0.019637, 0.086063, 0.000629, 0.019637, 0.999807, 0.0, 0.0, 0.0, 0.0, 1.0],
                [1.0, -9.2e-05, -0.000837, 0.0, 7e-05, 0.999657, -0.026182, 0.086063, 0.000839, 0.026182, 0.999657, 0.0, 0.0, 0.0, 0.0, 1.0],
                [0.999999, -0.000118, -0.001046, 0.0, 8.4e-05, 0.999464, -0.032726, 0.086063, 0.001049, 0.032726, 0.999464, 0.0, 0.0, 0.0, 0.0, 1.0],
                [0.999999, -0.000146, -0.001254, 0.0, 9.6e-05, 0.999229, -0.039269, 0.086063, 0.001259, 0.039269, 0.999228, 0.0, 0.0, 0.0, 0.0, 1.0],
                [0.999999, -0.000175, -0.001463, 0.0, 0.000108, 0.99895, -0.04581, 0.086063, 0.001469, 0.045809, 0.998949, 0.0, 0.0, 0.0, 0.0, 1.0],
                [0.999999, -0.000205, -0.001671, 0.0, 0.000118, 0.998629, -0.052348, 0.086063, 0.001679, 0.052348, 0.998627, 0.0, 0.0, 0.0, 0.0, 1.0],
                [0.999998, -0.000237, -0.001879, 0.0, 0.000126, 0.998265, -0.058884, 0.086063, 0.001889, 0.058883, 0.998263, 0.0, 0.0, 0.0, 0.0, 1.0],
                [0.999998, -0.00068, -0.001857, 0.0, 0.00057, 0.998266, -0.058867, 0.086063, 0.001894, 0.058866, 0.998264, 0.0, 0.0, 0.0, 0.0, 1.0],
                [0.999997, -0.001779, -0.0018, 0.0, 0.00167, 0.998271, -0.058753, 0.086063, 0.001901, 0.058749, 0.998271, 0.0, 0.0, 0.0, 0.0, 1.0],
                [0.999993, -0.003366, -0.001712, 0.0, 0.003261, 0.998286, -0.058439, 0.086063, 0.001906, 0.058433, 0.998289, 0.0, 0.0, 0.0, 0.0, 1.0],
                [0.999985, -0.005278, -0.001599, 0.0, 0.005177, 0.998313, -0.057828, 0.086063, 0.001902, 0.057819, 0.998325, 0.0, 0.0, 0.0, 0.0, 1.0],
                [0.999972, -0.007349, -0.001468, 0.0, 0.007253, 0.998358, -0.056819, 0.086063, 0.001883, 0.056807, 0.998383, 0.0, 0.0, 0.0, 0.0, 1.0],
                [0.999955, -0.009412, -0.001325, 0.0, 0.009325, 0.998426, -0.055312, 0.086063, 0.001843, 0.055298, 0.998468, 0.0, 0.0, 0.0, 0.0, 1.0],
                [0.999935, -0.011304, -0.001176, 0.0, 0.011225, 0.99852, -0.053209, 0.086063, 0.001776, 0.053193, 0.998583, 0.0, 0.0, 0.0, 0.0, 1.0],
                [0.999917, -0.012858, -0.001029, 0.0, 0.01279, 0.998647, -0.050409, 0.086063, 0.001675, 0.050392, 0.998728, 0.0, 0.0, 0.0, 0.0, 1.0],
                [0.999903, -0.01391, -0.000886, 0.0, 0.013854, 0.998808, -0.046813, 0.086063, 0.001536, 0.046796, 0.998903, 0.0, 0.0, 0.0, 0.0, 1.0],
                [0.999898, -0.014294, -0.000752, 0.0, 0.01425, 0.999003, -0.042321, 0.086063, 0.001356, 0.042305, 0.999104, 0.0, 0.0, 0.0, 0.0, 1.0],
                [0.999906, -0.013676, -0.000632, 0.0, 0.013644, 0.999233, -0.036694, 0.086063, 0.001133, 0.036682, 0.999326, 0.0, 0.0, 0.0, 0.0, 1.0],
                [0.999927, -0.012054, -0.000523, 0.0, 0.012033, 0.999474, -0.030112, 0.086063, 0.000885, 0.030104, 0.999546, 0.0, 0.0, 0.0, 0.0, 1.0],
                [0.999952, -0.009764, -0.000415, 0.0, 0.009752, 0.999686, -0.023101, 0.086063, 0.00064, 0.023096, 0.999733, 0.0, 0.0, 0.0, 0.0, 1.0],
                [0.999974, -0.007141, -0.000304, 0.0, 0.007135, 0.999844, -0.016185, 0.086063, 0.00042, 0.016183, 0.999869, 0.0, 0.0, 0.0, 0.0, 1.0],
                [0.99999, -0.004518, -0.000195, 0.0, 0.004516, 0.999941, -0.009892, 0.086063, 0.00024, 0.009891, 0.999951, 0.0, 0.0, 0.0, 0.0, 1.0],
                [0.999997, -0.002231, -9.8e-05, 0.0, 0.00223, 0.999986, -0.004746, 0.086063, 0.000108, 0.004746, 0.999989, 0.0, 0.0, 0.0, 0.0, 1.0],
                [1.0, -0.000613, -2.7e-05, 0.0, 0.000613, 0.999999, -0.001274, 0.086063, 2.8e-05, 0.001274, 0.999999, 0.0, 0.0, 0.0, 0.0, 1.0],
                [1.0, 0.0, 0.0, 0.0, -0.0, 1.0, 0.0, 0.086063, -0.0, -0.0, 1.0, 0.0, 0.0, 0.0, 0.0, 1.0]
            ]
        },
        {
            "name": "Chest",
            "time": [0.0, 0.0417, 0.0833, 0.125, 0.1667, 0.2083, 0.25, 0.2917, 0.3333, 0.375, 0.4167, 0.4583, 0.5, 0.5417, 0.5833, 0.625, 0.6667, 0.7083, 0.75, 0.7917, 0.8333, 0.875, 0.9167, 0.9583, 1.0, 1.0417, 1.0833, 1.125, 1.1667, 1.2083, 1.25, 1.2917, 1.3333, 1.375, 1.4167, 1.4583, 1.5, 1.5417, 1.5833, 1.625, 1.6667, 1.7083, 1.75, 1.7917, 1.8333, 1.875, 1.9167, 1.9583, 2.0, 2.0417, 2.0833, 2.125, 2.1667, 2.2083, 2.25],
            "transform": [
                [1.0, 0.0, 0.0, -0.0, -0.0, 0.998326, 0.057837, 0.183738, 0.0, -0.057837, 0.998326, 0.0, 0.0, 0.0, 0.0, 1.0],
                [0.999993, 0.003685, 0.000242, 0.0, -0.003693, 0.997827, 0.065778, 0.183738, 1e-06, -0.065779, 0.997834, 0.0, 0.0, 0.0, 0.0, 1.0],
                [0.999973, 0.007368, 0.000513, -0.0, -0.007385, 0.997252, 0.073715, 0.183738, 3.2e-05, -0.073717, 0.997279, 0.0, 0.0, 0.0, 0.0, 1.0],
                [0.999939, 0.011048, 0.000813, 0.0, -0.011078, 0.9966, 0.081647, 0.183738, 9.2e-05, -0.081651, 0.996661, 0.0, 0.0, 0.0, 0.0, 1.0],
                [0.999891, 0.014727, 0.001142, -0.0, -0.01477, 0.995871, 0.089574, 0.183738, 0.000181, -0.089581, 0.99598, -0.0, 0.0, 0.0, 0.0, 1.0],
                [0.99983, 0.018402, 0.001501, -0.0, -0.018461, 0.995065, 0.097493, 0.183738, 0.0003, -0.097504, 0.995235, 0.0, 0.0, 0.0, 0.0, 1.0],
                [0.999755, 0.022074, 0.001889, 0.0, -0.02215, 0.994183, 0.105404, 0.183738, 0.000448, -0.10542, 0.994428, -0.0, 0.0, 0.0, 0.0, 1.0],
                [0.999666, 0.025742, 0.002307, -0.0, -0.025838, 0.993224, 0.113306, 0.183738, 0.000626, -0.113328, 0.993557, -0.0, 0.0, 0.0, 0.0, 1.0],
                [0.999564, 0.029406, 0.002753, -0.0, -0.029523, 0.992189, 0.121199, 0.183738, 0.000833, -0.121228, 0.992624, 0.0, 0.0, 0.0, 0.0, 1.0],
                [0.999523, 0.030751, 0.002784, 0.0, -0.030865, 0.992542, 0.117929, 0.183738, 0.000864, -0.117959, 0.993018, 0.0, 0.0, 0.0, 0.0, 1.0],
                [0.999491, 0.031772, 0.002705, 0.0, -0.031878, 0.993497, 0.109305, 0.183738, 0.000786, -0.109336, 0.994005, -0.0, 0.0, 0.0, 0.0, 1.0],
                [0.999468, 0.032513, 0.002542, 0.0, -0.032607, 0.994741, 0.097099, 0.183738, 0.000628, -0.09713, 0.995271, -0.0, 0.0, 0.0, 0.0, 1.0],
                [0.999452, 0.033017, 0.002328, -0.0, -0.033096, 0.995993, 0.083086, 0.183738, 0.000424, -0.083117, 0.99654, -0.0, 0.0, 0.0, 0.0, 1.0],
                [0.999442, 0.033327, 0.002097, -0.0, -0.033392, 0.997054, 0.069055, 0.183738, 0.000211, -0.069087, 0.997611, -0.0, 0.0, 0.0, 0.0, 1.0],
                [0.999437, 0.033489, 0.001883, -0.0, -0.033542, 0.997822, 0.056805, 0.183738, 2.3e-05, -0.056836, 0.998384, -0.0, 0.0, 0.0, 0.0, 1.0],
                [0.999435, 0.033551, 0.00172, 0.0, -0.033595, 0.998276, 0.048135, 0.183738, -0.000102, -0.048165, 0.998839, -0.0, 0.0, 0.0, 0.0, 1.0],
                [0.999435, 0.033561, 0.00164, 0.0, -0.033601, 0.998429, 0.044844, 0.183738, -0.000132, -0.044874, 0.998993, 0.0, 0.0, 0.0, 0.0, 1.0],
                [0.999461, 0.032779, 0.001578, 0.0, -0.032817, 0.998454, 0.044854, 0.183738, -0.000106, -0.044882, 0.998992, -0.0, 0.0, 0.0, 0.0, 1.0],
                [0.99953, 0.030636, 0.00146, -0.0, -0.030671, 0.998519, 0.044925, 0.183738, -8.2e-05, -0.044948, 0.998989, 0.0, 0.0, 0.0, 0.0, 1.0],
                [0.999623, 0.027434, 0.001299, -0.0, -0.027465, 0.998604, 0.045113, 0.183738, -5.9e-05, -0.045132, 0.998981, 0.0, 0.0, 0.0, 0.0, 1.0],
                [0.999724, 0.023476, 0.001108, 0.0, -0.023502, 0.998689, 0.045478, 0.183738, -3.9e-05, -0.045491, 0.998965, 0.0, 0.0, 0.0, 0.0, 1.0],
                [0.999818, 0.019064, 0.000901, 0.0, -0.019085, 0.998755, 0.046076, 0.183738, -2.1e-05, -0.046085, 0.998937, -0.0, 0.0, 0.0, 0.0, 1.0],
                [0.999895, 0.0145, 0.000688, 0.0, -0.014516, 0.998791, 0.046967, 0.183738, -7e-06, -0.046972, 0.998896, 0.0, 0.0, 0.0, 0.0, 1.0],
                [0.999949, 0.010086, 0.000483, 0.0, -0.010098, 0.998786, 0.048207, 0.183738, 3e-06, -0.048209, 0.998837, -0.0, 0.0, 0.0, 0.0, 1.0],
                [0.999981, 0.006127, 0.000298, 0.0, -0.006134, 0.998737, 0.049856, 0.183738, 8e-06, -0.049857, 0.998756, 0.0, 0.0, 0.0, 0.0, 1.0],
                [0.999996, 0.002925, 0.000145, 0.0, -0.002928, 0.998644, 0.051971, 0.183738, 7e-06, -0.051971, 0.998649, -0.0, 0.0, 0.0, 0.0, 1.0],
                [1.0, 0.000782, 4e-05, 0.0, -0.000783, 0.998507, 0.054612, 0.183738, 3e-06, -0.054612, 0.998508, -0.0, 0.0, 0.0, 0.0, 1.0],
                [1.0, 0.0, 0.0, -0.0, -0.0, 0.998326, 0.057837, 0.183738, 0.0, -0.057837, 0.998326, 0.0, 0.0, 0.0, 0.0, 1.0],
                [0.999995, 0.003275, 0.000213, 0.0, -0.003282, 0.997887, 0.064896, 0.183738, -0.0, -0.064896, 0.997892, 0.0, 0.0, 0.0, 0.0, 1.0],
                [0.999978, 0.006549, 0.00045, -0.0, -0.006565, 0.997386, 0.071952, 0.183738, 2.3e-05, -0.071953, 0.997408, 0.0, 0.0, 0.0, 0.0, 1.0],
                [0.999952, 0.009822, 0.00071, 0.0, -0.009847, 0.996826, 0.079004, 0.183738, 6.9e-05, -0.079007, 0.996874, 0.0, 0.0, 0.0, 0.0, 1.0],
                [0.999914, 0.013092, 0.000992, -0.0, -0.013129, 0.996204, 0.086052, 0.183738, 0.000138, -0.086057, 0.99629, -0.0, 0.0, 0.0, 0.0, 1.0],
                [0.999865, 0.016361, 0.001298, -0.0, -0.01641, 0.995522, 0.093094, 0.183738, 0.000231, -0.093103, 0.995656, 0.0, 0.0, 0.0, 0.0, 1.0],
                [0.999806, 0.019627, 0.001627, 0.0, -0.019691, 0.994779, 0.100131, 0.183738, 0.000346, -0.100143, 0.994973, -0.0, 0.0, 0.0, 0.0, 1.0],
                [0.999736, 0.02289, 0.00198, -0.0, -0.02297, 0.993976, 0.107161, 0.183738, 0.000485, -0.107178, 0.99424, -0.0, 0.0, 0.0, 0.0, 1.0],
                [0.999655, 0.02615, 0.002355, -0.0, -0.026248, 0.993113, 0.114184, 0.183738, 0.000647, -0.114206, 0.993457, 0.0, 0.0, 0.0, 0.0, 1.0],
                [0.999564, 0.029406, 0.002753, 0.0, -0.029523, 0.992189, 0.121199, 0.183738, 0.000833, -0.121228, 0.992624, 0.0, 0.0, 0.0, 0.0, 1.0],
                [0.999523, 0.030751, 0.002784, 0.0, -0.030865, 0.992542, 0.117929, 0.183738, 0.000864, -0.117959, 0.993018, 0.0, 0.0, 0.0, 0.0, 1.0],
                [0.999491, 0.031772, 0.002705, -0.0, -0.031878, 0.993497, 0.109306, 0.183738, 0.000786, -0.109336, 0.994004, 0.0, 0.0, 0.0, 0.0, 1.0],
                [0.999468, 0.032513, 0.002542, -0.0, -0.032607, 0.99474, 0.097099, 0.183738, 0.000628, -0.09713, 0.995272, -0.0, 0.0, 0.0, 0.0, 1.0],
                [0.999452, 0.033017, 0.002328, -0.0, -0.033096, 0.995993, 0.083086, 0.183738, 0.000424, -0.083118, 0.99654, -0.0, 0.0, 0.0, 0.0, 1.0],
                [0.999442, 0.033327, 0.002097, 0.0, -0.033392, 0.997054, 0.069056, 0.183738, 0.000211, -0.069087, 0.997611, -0.0, 0.0, 0.0, 0.0, 1.0],
                [0.999437, 0.03349, 0.001883, 0.0, -0.033542, 0.997822, 0.056805, 0.183738, 2.3e-05, -0.056836, 0.998384, -0.0, 0.0, 0.0, 0.0, 1.0],
                [0.999435, 0.033551, 0.00172, 0.0, -0.033595, 0.998276, 0.048135, 0.183738, -0.000102, -0.048165, 0.998839, -0.0, 0.0, 0.0, 0.0, 1.0],
                [0.999435, 0.033561, 0.00164, -0.0, -0.033601, 0.998429, 0.044844, 0.183738, -0.000132, -0.044874, 0.998993, 0.0, 0.0, 0.0, 0.0, 1.0],
                [0.999467, 0.03262, 0.001577, 0.0, -0.032658, 0.998444, 0.045208, 0.183738, -0.0001, -0.045235, 0.998976, 0.0, 0.0, 0.0, 0.0, 1.0],
                [0.999547, 0.030069, 0.001453, 0.0, -0.030104, 0.998479, 0.046197, 0.183738, -6.2e-05, -0.046219, 0.998931, 0.0, 0.0, 0.0, 0.0, 1.0],
                [0.999653, 0.02631, 0.001281, 0.0, -0.026341, 0.998516, 0.047654, 0.183738, -2.5e-05, -0.047671, 0.998863, -0.0, 0.0, 0.0, 0.0, 1.0],
                [0.999763, 0.021746, 0.001071, -0.0, -0.021772, 0.998541, 0.049423, 0.183738, 5e-06, -0.049434, 0.998777, 0.0, 0.0, 0.0, 0.0, 1.0],
                [0.999859, 0.016779, 0.000839, -0.0, -0.016799, 0.998539, 0.051346, 0.183738, 2.4e-05, -0.051353, 0.998681, -0.0, 0.0, 0.0, 0.0, 1.0],
                [0.99993, 0.011812, 0.0006, -0.0, -0.011827, 0.99851, 0.053269, 0.183738, 3e-05, -0.053273, 0.99858, 0.0, 0.0, 0.0, 0.0, 1.0],
                [0.999974, 0.007248, 0.000373, -0.0, -0.007257, 0.998458, 0.055035, 0.183738, 2.6e-05, -0.055036, 0.998484, 0.0, 0.0, 0.0, 0.0, 1.0],
                [0.999994, 0.003489, 0.000182, -0.0, -0.003494, 0.998397, 0.056488, 0.183738, 1.6e-05, -0.056488, 0.998403, -0.0, 0.0, 0.0, 0.0, 1.0],
                [1.0, 0.000939, 4.9e-05, -0.0, -0.000941, 0.998347, 0.057474, 0.183738, 5e-06, -0.057474, 0.998347, -0.0, 0.0, 0.0, 0.0, 1.0],
                [1.0, 0.0, 0.0, -0.0, -0.0, 0.998326, 0.057837, 0.183738, 0.0, -0.057837, 0.998326, 0.0, 0.0, 0.0, 0.0, 1.0]
            ]
        },
        {
            "name": "Chest_Upper",
            "time": [0.0, 0.0417, 0.0833, 0.125, 0.1667, 0.2083, 0.25, 0.2917, 0.3333, 0.375, 0.4167, 0.4583, 0.5, 0.5417, 0.5833, 0.625, 0.6667, 0.7083, 0.75, 0.7917, 0.8333, 0.875, 0.9167, 0.9583, 1.0, 1.0417, 1.0833, 1.125, 1.1667, 1.2083, 1.25, 1.2917, 1.3333, 1.375, 1.4167, 1.4583, 1.5, 1.5417, 1.5833, 1.625, 1.6667, 1.7083, 1.75, 1.7917, 1.8333, 1.875, 1.9167, 1.9583, 2.0, 2.0417, 2.0833, 2.125, 2.1667, 2.2083, 2.25],
            "transform": [
                [1.0, -0.0, 0.0, 0.0, 0.0, 0.991943, -0.126682, 0.222961, 0.0, 0.126682, 0.991943, -0.0, 0.0, 0.0, 0.0, 1.0],
                [0.999998, -0.001836, -8.5e-05, -0.0, 0.001813, 0.993057, -0.117624, 0.222961, 0.000301, 0.117624, 0.993058, -0.0, 0.0, 0.0, 0.0, 1.0],
                [0.999993, -0.003671, -0.000187, 0.0, 0.003629, 0.994084, -0.108554, 0.222961, 0.000585, 0.108553, 0.994091, -0.0, 0.0, 0.0, 0.0, 1.0],
                [0.999985, -0.005505, -0.000306, 0.0, 0.005448, 0.995025, -0.099474, 0.222961, 0.000852, 0.09947, 0.99504, -0.0, 0.0, 0.0, 0.0, 1.0],
                [0.999973, -0.007339, -0.000442, 0.0, 0.007269, 0.995881, -0.090384, 0.222961, 0.001103, 0.090378, 0.995907, -0.0, 0.0, 0.0, 0.0, 1.0],
                [0.999958, -0.009172, -0.000594, 0.0, 0.009093, 0.99665, -0.081285, 0.222961, 0.001338, 0.081277, 0.996691, -0.0, 0.0, 0.0, 0.0, 1.0],
                [0.999939, -0.011003, -0.000763, 0.0, 0.010919, 0.997332, -0.07218, 0.222961, 0.001555, 0.072167, 0.997391, 0.0, 0.0, 0.0, 0.0, 1.0],
                [0.999917, -0.012832, -0.000949, 0.0, 0.012747, 0.997928, -0.063069, 0.222961, 0.001756, 0.063051, 0.998009, 0.0, 0.0, 0.0, 0.0, 1.0],
                [0.999892, -0.01466, -0.001152, -0.0, 0.014576, 0.998437, -0.053953, 0.222961, 0.001941, 0.05393, 0.998543, -0.0, 0.0, 0.0, 0.0, 1.0],
                [0.999863, -0.016486, -0.001371, 0.0, 0.016408, 0.99886, -0.044833, 0.222961, 0.002108, 0.044805, 0.998994, 0.0, 0.0, 0.0, 0.0, 1.0],
                [0.999831, -0.018309, -0.001607, 0.0, 0.01824, 0.999196, -0.035712, 0.222961, 0.002259, 0.035676, 0.999361, 0.0, 0.0, 0.0, 0.0, 1.0],
                [0.999775, -0.021158, -0.001401, 0.0, 0.021086, 0.998986, -0.039787, 0.222961, 0.002242, 0.039748, 0.999207, -0.0, 0.0, 0.0, 0.0, 1.0],
                [0.999711, -0.024006, -0.001184, 0.0, 0.023931, 0.998751, -0.043861, 0.222961, 0.002236, 0.04382, 0.999037, -0.0, 0.0, 0.0, 0.0, 1.0],
                [0.999639, -0.026854, -0.000956, -0.0, 0.026777, 0.998492, -0.047934, 0.222961, 0.002242, 0.047891, 0.99885, -0.0, 0.0, 0.0, 0.0, 1.0],
                [0.999559, -0.0297, -0.000716, 0.0, 0.029623, 0.998207, -0.052006, 0.222961, 0.002259, 0.051962, 0.998646, -0.0, 0.0, 0.0, 0.0, 1.0],
                [0.99947, -0.032545, -0.000464, 0.0, 0.032468, 0.997898, -0.056076, 0.222961, 0.002288, 0.056031, 0.998426, -0.0, 0.0, 0.0, 0.0, 1.0],
                [0.999374, -0.035389, -0.000201, -0.0, 0.035313, 0.997565, -0.060144, 0.222961, 0.002328, 0.0601, 0.99819, -0.0, 0.0, 0.0, 0.0, 1.0],
                [0.999269, -0.038231, 7.4e-05, 0.0, 0.038157, 0.997207, -0.064211, 0.222961, 0.002381, 0.064167, 0.997936, 0.0, 0.0, 0.0, 0.0, 1.0],
                [0.999156, -0.041072, 0.000361, 0.0, 0.041001, 0.996824, -0.068276, 0.222961, 0.002444, 0.068233, 0.997666, -0.0, 0.0, 0.0, 0.0, 1.0],
                [0.999333, -0.03651, 0.00044, -0.0, 0.03644, 0.996534, -0.074782, 0.222961, 0.002292, 0.074748, 0.9972, 0.0, 0.0, 0.0, 0.0, 1.0],
                [0.999489, -0.031946, 0.000489, -0.0, 0.03188, 0.996181, -0.081286, 0.222961, 0.002109, 0.08126, 0.996691, 0.0, 0.0, 0.0, 0.0, 1.0],
                [0.999625, -0.027381, 0.000509, -0.0, 0.02732, 0.995765, -0.087786, 0.222961, 0.001897, 0.087767, 0.996139, 0.0, 0.0, 0.0, 0.0, 1.0],
                [0.99974, -0.022816, 0.000498, -0.0, 0.022762, 0.995285, -0.094282, 0.222961, 0.001655, 0.094269, 0.995545, 0.0, 0.0, 0.0, 0.0, 1.0],
                [0.999833, -0.018251, 0.000458, 0.0, 0.018205, 0.994743, -0.100774, 0.222961, 0.001384, 0.100765, 0.994909, -0.0, 0.0, 0.0, 0.0, 1.0],
                [0.999906, -0.013687, 0.000388, 0.0, 0.013649, 0.994137, -0.10726, 0.222961, 0.001082, 0.107255, 0.994231, 0.0, 0.0, 0.0, 0.0, 1.0],
                [0.999958, -0.009123, 0.000289, -0.0, 0.009097, 0.993469, -0.113741, 0.222961, 0.000751, 0.113739, 0.99351, 0.0, 0.0, 0.0, 0.0, 1.0],
                [0.99999, -0.004561, 0.000159, 0.0, 0.004547, 0.992737, -0.120215, 0.222961, 0.00039, 0.120214, 0.992748, 0.0, 0.0, 0.0, 0.0, 1.0],
                [1.0, -0.0, 0.0, 0.0, 0.0, 0.991943, -0.126682, 0.222961, 0.0, 0.126682, 0.991943, -0.0, 0.0, 0.0, 0.0, 1.0],
                [0.999998, -0.001836, -8.5e-05, 0.0, 0.001813, 0.993056, -0.117624, 0.222961, 0.000301, 0.117624, 0.993058, -0.0, 0.0, 0.0, 0.0, 1.0],
                [0.999993, -0.003671, -0.000187, 0.0, 0.003629, 0.994084, -0.108554, 0.222961, 0.000585, 0.108553, 0.994091, -0.0, 0.0, 0.0, 0.0, 1.0],
                [0.999985, -0.005505, -0.000306, 0.0, 0.005448, 0.995025, -0.099474, 0.222961, 0.000852, 0.09947, 0.99504, 0.0, 0.0, 0.0, 0.0, 1.0],
                [0.999973, -0.007339, -0.000442, -0.0, 0.007269, 0.99588, -0.090384, 0.222961, 0.001103, 0.090378, 0.995907, 0.0, 0.0, 0.0, 0.0, 1.0],
                [0.999958, -0.009172, -0.000594, -0.0, 0.009093, 0.996649, -0.081285, 0.222961, 0.001338, 0.081277, 0.996691, 0.0, 0.0, 0.0, 0.0, 1.0],
                [0.999939, -0.011003, -0.000763, 0.0, 0.010919, 0.997332, -0.07218, 0.222961, 0.001555, 0.072167, 0.997391, -0.0, 0.0, 0.0, 0.0, 1.0],
                [0.999917, -0.012832, -0.000949, -0.0, 0.012747, 0.997928, -0.063069, 0.222961, 0.001756, 0.063051, 0.998009, -0.0, 0.0, 0.0, 0.0, 1.0],
                [0.999892, -0.01466, -0.001152, -0.0, 0.014576, 0.998437, -0.053953, 0.222961, 0.001941, 0.05393, 0.998543, 0.0, 0.0, 0.0, 0.0, 1.0],
                [0.999863, -0.016486, -0.001371, -0.0, 0.016408, 0.99886, -0.044833, 0.222961, 0.002108, 0.044805, 0.998993, -0.0, 0.0, 0.0, 0.0, 1.0],
                [0.999831, -0.018309, -0.001607, -0.0, 0.01824, 0.999196, -0.035712, 0.222961, 0.002259, 0.035676, 0.999361, -0.0, 0.0, 0.0, 0.0, 1.0],
                [0.999775, -0.021158, -0.001401, 0.0, 0.021086, 0.998986, -0.039787, 0.222961, 0.002242, 0.039748, 0.999207, -0.0, 0.0, 0.0, 0.0, 1.0],
                [0.999711, -0.024006, -0.001184, -0.0, 0.023931, 0.998751, -0.043861, 0.222961, 0.002236, 0.04382, 0.999037, -0.0, 0.0, 0.0, 0.0, 1.0],
                [0.999639, -0.026854, -0.000956, -0.0, 0.026777, 0.998492, -0.047934, 0.222961, 0.002242, 0.047891, 0.99885, -0.0, 0.0, 0.0, 0.0, 1.0],
                [0.999559, -0.0297, -0.000716, 0.0, 0.029623, 0.998207, -0.052006, 0.222961, 0.002259, 0.051962, 0.998646, -0.0, 0.0, 0.0, 0.0, 1.0],
                [0.99947, -0.032545, -0.000464, 0.0, 0.032468, 0.997898, -0.056076, 0.222961, 0.002288, 0.056031, 0.998426, -0.0, 0.0, 0.0, 0.0, 1.0],
                [0.999374, -0.035389, -0.000201, 0.0, 0.035313, 0.997565, -0.060144, 0.222961, 0.002328, 0.0601, 0.99819, 0.0, 0.0, 0.0, 0.0, 1.0],
                [0.999269, -0.038231, 7.4e-05, 0.0, 0.038157, 0.997207, -0.064211, 0.222961, 0.002381, 0.064167, 0.997936, 0.0, 0.0, 0.0, 0.0, 1.0],
                [0.999156, -0.041072, 0.000361, -0.0, 0.041001, 0.996824, -0.068276, 0.222961, 0.002444, 0.068233, 0.997666, 0.0, 0.0, 0.0, 0.0, 1.0],
                [0.999333, -0.03651, 0.00044, 0.0, 0.03644, 0.996534, -0.074782, 0.222961, 0.002292, 0.074748, 0.9972, 0.0, 0.0, 0.0, 0.0, 1.0],
                [0.999489, -0.031946, 0.000489, 0.0, 0.03188, 0.996181, -0.081286, 0.222961, 0.002109, 0.08126, 0.996691, -0.0, 0.0, 0.0, 0.0, 1.0],
                [0.999625, -0.027381, 0.000509, -0.0, 0.02732, 0.995765, -0.087786, 0.222961, 0.001897, 0.087767, 0.996139, 0.0, 0.0, 0.0, 0.0, 1.0],
                [0.99974, -0.022816, 0.000498, -0.0, 0.022762, 0.995285, -0.094282, 0.222961, 0.001655, 0.094269, 0.995545, -0.0, 0.0, 0.0, 0.0, 1.0],
                [0.999833, -0.018251, 0.000458, -0.0, 0.018205, 0.994743, -0.100774, 0.222961, 0.001384, 0.100765, 0.994909, -0.0, 0.0, 0.0, 0.0, 1.0],
                [0.999906, -0.013687, 0.000388, 0.0, 0.013649, 0.994137, -0.10726, 0.222961, 0.001082, 0.107255, 0.994231, -0.0, 0.0, 0.0, 0.0, 1.0],
                [0.999958, -0.009123, 0.000289, -0.0, 0.009097, 0.993469, -0.113741, 0.222961, 0.000751, 0.113739, 0.99351, -0.0, 0.0, 0.0, 0.0, 1.0],
                [0.99999, -0.004561, 0.000159, 0.0, 0.004547, 0.992737, -0.120215, 0.222961, 0.00039, 0.120214, 0.992748, 0.0, 0.0, 0.0, 0.0, 1.0],
                [1.0, -0.0, 0.0, 0.0, 0.0, 0.991943, -0.126682, 0.222961, 0.0, 0.126682, 0.991943, -0.0, 0.0, 0.0, 0.0, 1.0]
            ]
        },
        {
            "name": "Shoulder_FR",
            "time": [0.0, 0.0417, 0.0833, 0.125, 0.1667, 0.2083, 0.25, 0.2917, 0.3333, 0.375, 0.4167, 0.4583, 0.5, 0.5417, 0.5833, 0.625, 0.6667, 0.7083, 0.75, 0.7917, 0.8333, 0.875, 0.9167, 0.9583, 1.0, 1.0417, 1.0833, 1.125, 1.1667, 1.2083, 1.25, 1.2917, 1.3333, 1.375, 1.4167, 1.4583, 1.5, 1.5417, 1.5833, 1.625, 1.6667, 1.7083, 1.75, 1.7917, 1.8333, 1.875, 1.9167, 1.9583, 2.0, 2.0417, 2.0833, 2.125, 2.1667, 2.2083, 2.25],
            "transform": [
                [0.817589, 0.274825, 0.505984, -0.0, -0.33102, -0.494685, 0.803562, 0.222961, 0.471142, -0.824474, -0.313477, -0.0, 0.0, 0.0, 0.0, 1.0],
                [0.817589, 0.274825, 0.505984, 0.0, -0.33102, -0.494685, 0.803562, 0.222961, 0.471142, -0.824474, -0.313477, -0.0, 0.0, 0.0, 0.0, 1.0],
                [0.817589, 0.274825, 0.505984, -0.0, -0.33102, -0.494685, 0.803562, 0.222961, 0.471142, -0.824474, -0.313477, -0.0, 0.0, 0.0, 0.0, 1.0],
                [0.817589, 0.274825, 0.505984, -0.0, -0.331019, -0.494685, 0.803562, 0.222961, 0.471142, -0.824474, -0.313477, 0.0, 0.0, 0.0, 0.0, 1.0],
                [0.817589, 0.274825, 0.505984, 0.0, -0.331019, -0.494685, 0.803562, 0.222961, 0.471142, -0.824474, -0.313477, -0.0, 0.0, 0.0, 0.0, 1.0],
                [0.817589, 0.274825, 0.505984, 0.0, -0.33102, -0.494685, 0.803562, 0.222961, 0.471142, -0.824474, -0.313477, -0.0, 0.0, 0.0, 0.0, 1.0],
                [0.817589, 0.274825, 0.505984, -0.0, -0.33102, -0.494685, 0.803562, 0.222961, 0.471142, -0.824474, -0.313477, -0.0, 0.0, 0.0, 0.0, 1.0],
                [0.817589, 0.274825, 0.505984, -0.0, -0.33102, -0.494685, 0.803562, 0.222961, 0.471142, -0.824474, -0.313477, 0.0, 0.0, 0.0, 0.0, 1.0],
                [0.817589, 0.274825, 0.505984, 0.0, -0.33102, -0.494685, 0.803562, 0.222961, 0.471142, -0.824474, -0.313477, -0.0, 0.0, 0.0, 0.0, 1.0],
                [0.817589, 0.274825, 0.505984, -0.0, -0.331019, -0.494685, 0.803562, 0.222961, 0.471142, -0.824474, -0.313477, 0.0, 0.0, 0.0, 0.0, 1.0],
                [0.817589, 0.274825, 0.505984, -0.0, -0.33102, -0.494685, 0.803563, 0.222961, 0.471142, -0.824474, -0.313477, -0.0, 0.0, 0.0, 0.0, 1.0],
                [0.817589, 0.274825, 0.505984, 0.0, -0.331019, -0.494685, 0.803562, 0.222961, 0.471142, -0.824474, -0.313477, 0.0, 0.0, 0.0, 0.0, 1.0],
                [0.817589, 0.274825, 0.505984, -0.0, -0.331019, -0.494685, 0.803562, 0.222961, 0.471142, -0.824474, -0.313477, -0.0, 0.0, 0.0, 0.0, 1.0],
                [0.817589, 0.274825, 0.505984, -0.0, -0.331019, -0.494685, 0.803562, 0.222961, 0.471142, -0.824474, -0.313477, -0.0, 0.0, 0.0, 0.0, 1.0],
                [0.817589, 0.274825, 0.505984, 0.0, -0.331019, -0.494685, 0.803562, 0.222961, 0.471142, -0.824474, -0.313477, 0.0, 0.0, 0.0, 0.0, 1.0],
                [0.817589, 0.274825, 0.505984, 0.0, -0.33102, -0.494685, 0.803562, 0.222961, 0.471142, -0.824474, -0.313477, 0.0, 0.0, 0.0, 0.0, 1.0],
                [0.817589, 0.274825, 0.505984, 0.0, -0.33102, -0.494685, 0.803562, 0.222961, 0.471142, -0.824474, -0.313477, -0.0, 0.0, 0.0, 0.0, 1.0],
                [0.817589, 0.274825, 0.505984, -0.0, -0.33102, -0.494685, 0.803562, 0.222961, 0.471142, -0.824474, -0.313477, 0.0, 0.0, 0.0, 0.0, 1.0],
                [0.817589, 0.274825, 0.505984, -0.0, -0.33102, -0.494685, 0.803562, 0.222961, 0.471142, -0.824474, -0.313477, 0.0, 0.0, 0.0, 0.0, 1.0],
                [0.817589, 0.274825, 0.505984, 0.0, -0.33102, -0.494685, 0.803563, 0.222961, 0.471142, -0.824474, -0.313477, -0.0, 0.0, 0.0, 0.0, 1.0],
                [0.817589, 0.274825, 0.505984, 0.0, -0.331019, -0.494685, 0.803562, 0.222961, 0.471142, -0.824474, -0.313477, -0.0, 0.0, 0.0, 0.0, 1.0],
                [0.817589, 0.274825, 0.505984, -0.0, -0.33102, -0.494685, 0.803562, 0.222961, 0.471142, -0.824474, -0.313477, -0.0, 0.0, 0.0, 0.0, 1.0],
                [0.817589, 0.274825, 0.505984, -0.0, -0.33102, -0.494685, 0.803562, 0.222961, 0.471142, -0.824474, -0.313477, 0.0, 0.0, 0.0, 0.0, 1.0],
                [0.817589, 0.274825, 0.505984, -0.0, -0.331019, -0.494685, 0.803562, 0.222961, 0.471142, -0.824474, -0.313477, 0.0, 0.0, 0.0, 0.0, 1.0],
                [0.817589, 0.274825, 0.505984, -0.0, -0.33102, -0.494685, 0.803562, 0.222961, 0.471142, -0.824474, -0.313477, 0.0, 0.0, 0.0, 0.0, 1.0],
                [0.817589, 0.274825, 0.505984, 0.0, -0.33102, -0.494685, 0.803562, 0.222961, 0.471142, -0.824474, -0.313477, -0.0, 0.0, 0.0, 0.0, 1.0],
                [0.817589, 0.274825, 0.505984, 0.0, -0.33102, -0.494685, 0.803563, 0.222961, 0.471142, -0.824474, -0.313477, -0.0, 0.0, 0.0, 0.0, 1.0],
                [0.817589, 0.274825, 0.505984, -0.0, -0.33102, -0.494685, 0.803562, 0.222961, 0.471142, -0.824474, -0.313477, -0.0, 0.0, 0.0, 0.0, 1.0],
                [0.817589, 0.274825, 0.505984, 0.0, -0.331019, -0.494685, 0.803562, 0.222961, 0.471142, -0.824474, -0.313477, -0.0, 0.0, 0.0, 0.0, 1.0],
                [0.817589, 0.274825, 0.505984, -0.0, -0.33102, -0.494685, 0.803563, 0.222961, 0.471142, -0.824474, -0.313477, 0.0, 0.0, 0.0, 0.0, 1.0],
                [0.817589, 0.274825, 0.505984, 0.0, -0.331019, -0.494685, 0.803562, 0.222961, 0.471142, -0.824474, -0.313477, -0.0, 0.0, 0.0, 0.0, 1.0],
                [0.817589, 0.274825, 0.505984, 0.0, -0.33102, -0.494685, 0.803562, 0.222961, 0.471142, -0.824474, -0.313477, -0.0, 0.0, 0.0, 0.0, 1.0],
                [0.817589, 0.274825, 0.505984, 0.0, -0.33102, -0.494685, 0.803562, 0.222961, 0.471142, -0.824474, -0.313477, 0.0, 0.0, 0.0, 0.0, 1.0],
                [0.817589, 0.274825, 0.505984, -0.0, -0.331019, -0.494685, 0.803562, 0.222961, 0.471142, -0.824474, -0.313477, 0.0, 0.0, 0.0, 0.0, 1.0],
                [0.817589, 0.274825, 0.505984, -0.0, -0.33102, -0.494685, 0.803562, 0.222961, 0.471142, -0.824474, -0.313477, 0.0, 0.0, 0.0, 0.0, 1.0],
                [0.817589, 0.274825, 0.505984, 0.0, -0.33102, -0.494685, 0.803562, 0.222961, 0.471142, -0.824474, -0.313477, 0.0, 0.0, 0.0, 0.0, 1.0],
                [0.817589, 0.274825, 0.505984, 0.0, -0.33102, -0.494685, 0.803562, 0.222961, 0.471142, -0.824474, -0.313477, 0.0, 0.0, 0.0, 0.0, 1.0],
                [0.817589, 0.274825, 0.505984, 0.0, -0.33102, -0.494685, 0.803562, 0.222961, 0.471142, -0.824474, -0.313477, -0.0, 0.0, 0.0, 0.0, 1.0],
                [0.817589, 0.274825, 0.505984, 0.0, -0.33102, -0.494685, 0.803563, 0.222961, 0.471142, -0.824474, -0.313477, -0.0, 0.0, 0.0, 0.0, 1.0],
                [0.817589, 0.274825, 0.505984, -0.0, -0.33102, -0.494685, 0.803562, 0.222961, 0.471142, -0.824474, -0.313477, -0.0, 0.0, 0.0, 0.0, 1.0],
                [0.817589, 0.274825, 0.505984, 0.0, -0.33102, -0.494685, 0.803562, 0.222961, 0.471142, -0.824474, -0.313477, -0.0, 0.0, 0.0, 0.0, 1.0],
                [0.817589, 0.274825, 0.505984, 0.0, -0.331019, -0.494685, 0.803562, 0.222961, 0.471142, -0.824474, -0.313477, -0.0, 0.0, 0.0, 0.0, 1.0],
                [0.817589, 0.274825, 0.505984, 0.0, -0.33102, -0.494685, 0.803562, 0.222961, 0.471142, -0.824474, -0.313477, -0.0, 0.0, 0.0, 0.0, 1.0],
                [0.817589, 0.274825, 0.505984, -0.0, -0.33102, -0.494685, 0.803563, 0.222961, 0.471142, -0.824474, -0.313477, 0.0, 0.0, 0.0, 0.0, 1.0],
                [0.817589, 0.274825, 0.505984, 0.0, -0.33102, -0.494685, 0.803562, 0.222961, 0.471142, -0.824474, -0.313477, -0.0, 0.0, 0.0, 0.0, 1.0],
