{
    "animation": [
        {
            "name": "Root",
            "time": [0.0, 0.0417, 0.0833, 0.125, 0.1667, 0.2083, 0.25, 0.2917, 0.3333, 0.375, 0.4167, 0.4583, 0.5, 0.5417, 0.5833, 0.625, 0.6667, 0.7083, 0.75, 0.7917, 0.8333, 0.875, 0.9167, 0.9583, 1.0, 1.0417, 1.0833, 1.125, 1.1667, 1.2083, 1.25, 1.2917, 1.3333, 1.375, 1.4167, 1.4583, 1.5, 1.5417, 1.5833, 1.625, 1.6667, 1.7083, 1.75, 1.7917, 1.8333, 1.875, 1.9167, 1.9583, 2.0, 2.0417, 2.0833, 2.125, 2.1667, 2.2083, 2.25, 2.2917, 2.3333, 2.375, 2.4167, 2.4583, 2.5, 2.5417, 2.5833, 2.625, 2.6667, 2.7083, 2.75, 2.7917, 2.8333, 2.875, 2.9167, 2.9583, 3.0, 3.0417, 3.0833, 3.125, 3.1667, 3.2083, 3.25, 3.2917, 3.3333, 3.375, 3.4167, 3.4583, 3.5, 3.5417, 3.5833, 3.625, 3.6667, 3.7083, 3.75, 3.7917, 3.8333, 3.875, 3.9167, 3.9583, 4.0, 4.0417, 4.0833, 4.125, 4.1667, 4.2083, 4.25, 4.2917, 4.3333, 4.375, 4.4167, 4.4583, 4.5, 4.5417, 4.5833, 4.625, 4.6667, 4.7083, 4.75, 4.7917, 4.8333, 4.875, 4.9167, 4.9583, 5.0, 5.0417, 5.0833, 5.125, 5.1667, 5.2083, 5.25, 5.2917, 5.3333, 5.375, 5.4167, 5.4583, 5.5, 5.5417, 5.5833, 5.625, 5.6667, 5.7083, 5.75, 5.7917, 5.8333, 5.875, 5.9167, 5.9583, 6.0, 6.0417, 6.0833, 6.125, 6.1667, 6.2083, 6.25, 6.2917, 6.3333, 6.375, 6.4167, 6.4583, 6.5, 6.5417, 6.5833, 6.625, 6.6667, 6.7083, 6.75, 6.7917, 6.8333, 6.875, 6.9167, 6.9583, 7.0, 7.0417, 7.0833, 7.125, 7.1667, 7.2083, 7.25, 7.2917, 7.3333, 7.375, 7.4167, 7.4583, 7.5, 7.5417],
            "transform": [
                [0.999725, 0.012652, 0.019753, -0.0, 0.009613, 0.547111, -0.837005, -0.297546, -0.021397, 0.836965, 0.546839, 0.105437, 0.0, 0.0, 0.0, 1.0],
                [0.999725, 0.012652, 0.019753, -0.0, 0.009613, 0.547111, -0.837005, -0.297546, -0.021397, 0.836965, 0.546839, 0.105437, 0.0, 0.0, 0.0, 1.0],
                [0.999725, 0.012652, 0.019753, -0.0, 0.009613, 0.547111, -0.837005, -0.297546, -0.021397, 0.836965, 0.546839, 0.105437, 0.0, 0.0, 0.0, 1.0],
                [0.999725, 0.012652, 0.019753, -0.0, 0.009613, 0.547111, -0.837005, -0.297546, -0.021397, 0.836965, 0.546839, 0.105437, 0.0, 0.0, 0.0, 1.0],
                [0.999725, 0.012652, 0.019753, -0.0, 0.009613, 0.547111, -0.837005, -0.297546, -0.021397, 0.836965, 0.546839, 0.105437, 0.0, 0.0, 0.0, 1.0],
                [0.999725, 0.012652, 0.019753, -0.0, 0.009613, 0.547111, -0.837005, -0.297546, -0.021397, 0.836965, 0.546839, 0.105437, 0.0, 0.0, 0.0, 1.0],
                [0.999725, 0.012652, 0.019753, -0.0, 0.009613, 0.547111, -0.837005, -0.297546, -0.021397, 0.836965, 0.546839, 0.105437, 0.0, 0.0, 0.0, 1.0],
                [0.999725, 0.012652, 0.019753, -0.0, 0.009613, 0.547111, -0.837005, -0.297546, -0.021397, 0.836965, 0.546839, 0.105437, 0.0, 0.0, 0.0, 1.0],
                [0.999725, 0.012652, 0.019753, -0.0, 0.009613, 0.547111, -0.837005, -0.297546, -0.021397, 0.836965, 0.546839, 0.105437, 0.0, 0.0, 0.0, 1.0],
                [0.999725, 0.012652, 0.019753, -0.0, 0.009613, 0.547111, -0.837005, -0.297546, -0.021397, 0.836965, 0.546839, 0.105437, 0.0, 0.0, 0.0, 1.0],
                [0.999725, 0.012652, 0.019753, -0.0, 0.009613, 0.547111, -0.837005, -0.297546, -0.021397, 0.836965, 0.546839, 0.105437, 0.0, 0.0, 0.0, 1.0],
                [0.999725, 0.012652, 0.019753, -0.0, 0.009613, 0.547111, -0.837005, -0.297546, -0.021397, 0.836965, 0.546839, 0.105437, 0.0, 0.0, 0.0, 1.0],
                [0.999725, 0.012652, 0.019753, -0.0, 0.009613, 0.547111, -0.837005, -0.297546, -0.021397, 0.836965, 0.546839, 0.105437, 0.0, 0.0, 0.0, 1.0],
                [0.999725, 0.012652, 0.019753, -0.0, 0.009613, 0.547111, -0.837005, -0.297546, -0.021397, 0.836965, 0.546839, 0.105437, 0.0, 0.0, 0.0, 1.0],
                [0.999725, 0.012652, 0.019753, -0.0, 0.009613, 0.547111, -0.837005, -0.297546, -0.021397, 0.836965, 0.546839, 0.105437, 0.0, 0.0, 0.0, 1.0],
                [0.999725, 0.012652, 0.019753, -0.0, 0.009613, 0.547111, -0.837005, -0.297546, -0.021397, 0.836965, 0.546839, 0.105437, 0.0, 0.0, 0.0, 1.0],
                [0.999725, 0.012652, 0.019753, -0.0, 0.009613, 0.547111, -0.837005, -0.297546, -0.021397, 0.836965, 0.546839, 0.105437, 0.0, 0.0, 0.0, 1.0],
                [0.999725, 0.012652, 0.019753, -0.0, 0.009613, 0.547111, -0.837005, -0.297546, -0.021397, 0.836965, 0.546839, 0.105437, 0.0, 0.0, 0.0, 1.0],
                [0.999725, 0.012652, 0.019753, -0.0, 0.009613, 0.547111, -0.837005, -0.297546, -0.021397, 0.836965, 0.546839, 0.105437, 0.0, 0.0, 0.0, 1.0],
                [0.999725, 0.012652, 0.019753, -0.0, 0.009613, 0.547111, -0.837005, -0.297546, -0.021397, 0.836965, 0.546839, 0.105437, 0.0, 0.0, 0.0, 1.0],
                [0.999725, 0.012652, 0.019753, -0.0, 0.009613, 0.547111, -0.837005, -0.297546, -0.021397, 0.836965, 0.546839, 0.105437, 0.0, 0.0, 0.0, 1.0],
                [0.999725, 0.012652, 0.019753, -0.0, 0.009613, 0.547111, -0.837005, -0.297546, -0.021397, 0.836965, 0.546839, 0.105437, 0.0, 0.0, 0.0, 1.0],
                [0.999725, 0.012652, 0.019753, -0.0, 0.009613, 0.547111, -0.837005, -0.297546, -0.021397, 0.836965, 0.546839, 0.105437, 0.0, 0.0, 0.0, 1.0],
                [0.999725, 0.012652, 0.019753, -0.0, 0.009613, 0.547111, -0.837005, -0.297546, -0.021397, 0.836965, 0.546839, 0.105437, 0.0, 0.0, 0.0, 1.0],
                [0.999725, 0.012652, 0.019753, -0.0, 0.009613, 0.547111, -0.837005, -0.297546, -0.021397, 0.836965, 0.546839, 0.105437, 0.0, 0.0, 0.0, 1.0],
                [0.999725, 0.012652, 0.019753, -0.0, 0.009613, 0.547111, -0.837005, -0.297546, -0.021397, 0.836965, 0.546839, 0.105437, 0.0, 0.0, 0.0, 1.0],
                [0.999725, 0.012652, 0.019753, -0.0, 0.009613, 0.547111, -0.837005, -0.297546, -0.021397, 0.836965, 0.546839, 0.105437, 0.0, 0.0, 0.0, 1.0],
                [0.999725, 0.012652, 0.019753, -0.0, 0.009613, 0.547111, -0.837005, -0.297546, -0.021397, 0.836965, 0.546839, 0.105437, 0.0, 0.0, 0.0, 1.0],
                [0.999725, 0.012652, 0.019753, -0.0, 0.009613, 0.547111, -0.837005, -0.297546, -0.021397, 0.836965, 0.546839, 0.105437, 0.0, 0.0, 0.0, 1.0],
                [0.999725, 0.012652, 0.019753, -0.0, 0.009613, 0.547111, -0.837005, -0.297546, -0.021397, 0.836965, 0.546839, 0.105437, 0.0, 0.0, 0.0, 1.0],
                [0.999725, 0.012652, 0.019753, -0.0, 0.009613, 0.547111, -0.837005, -0.297546, -0.021397, 0.836965, 0.546839, 0.105437, 0.0, 0.0, 0.0, 1.0],
                [0.999725, 0.012652, 0.019753, -0.0, 0.009613, 0.547111, -0.837005, -0.297546, -0.021397, 0.836965, 0.546839, 0.105437, 0.0, 0.0, 0.0, 1.0],
                [0.999725, 0.012652, 0.019753, -0.0, 0.009613, 0.547111, -0.837005, -0.297546, -0.021397, 0.836965, 0.546839, 0.105437, 0.0, 0.0, 0.0, 1.0],
                [0.999725, 0.012652, 0.019753, -0.0, 0.009613, 0.547111, -0.837005, -0.297546, -0.021397, 0.836965, 0.546839, 0.105437, 0.0, 0.0, 0.0, 1.0],
                [0.999725, 0.012652, 0.019753, -0.0, 0.009613, 0.547111, -0.837005, -0.297546, -0.021397, 0.836965, 0.546839, 0.105437, 0.0, 0.0, 0.0, 1.0],
                [0.999725, 0.012652, 0.019753, -0.0, 0.009613, 0.547111, -0.837005, -0.297546, -0.021397, 0.836965, 0.546839, 0.105437, 0.0, 0.0, 0.0, 1.0],
                [0.999725, 0.012652, 0.019753, -0.0, 0.009613, 0.547111, -0.837005, -0.297546, -0.021397, 0.836965, 0.546839, 0.105437, 0.0, 0.0, 0.0, 1.0],
                [0.999725, 0.012652, 0.019753, -0.0, 0.009613, 0.547111, -0.837005, -0.297546, -0.021397, 0.836965, 0.546839, 0.105437, 0.0, 0.0, 0.0, 1.0],
                [0.999725, 0.012652, 0.019753, -0.0, 0.009613, 0.547111, -0.837005, -0.297546, -0.021397, 0.836965, 0.546839, 0.105437, 0.0, 0.0, 0.0, 1.0],
                [0.999725, 0.012652, 0.019753, -0.0, 0.009613, 0.547111, -0.837005, -0.297546, -0.021397, 0.836965, 0.546839, 0.105437, 0.0, 0.0, 0.0, 1.0],
                [0.999725, 0.012652, 0.019753, -0.0, 0.009613, 0.547111, -0.837005, -0.297546, -0.021397, 0.836965, 0.546839, 0.105437, 0.0, 0.0, 0.0, 1.0],
                [0.999725, 0.012652, 0.019753, -0.0, 0.009613, 0.547111, -0.837005, -0.297546, -0.021397, 0.836965, 0.546839, 0.105437, 0.0, 0.0, 0.0, 1.0],
                [0.999725, 0.012652, 0.019753, -0.0, 0.009613, 0.547111, -0.837005, -0.297546, -0.021397, 0.836965, 0.546839, 0.105437, 0.0, 0.0, 0.0, 1.0],
                [0.999725, 0.012652, 0.019753, -0.0, 0.009613, 0.547111, -0.837005, -0.297546, -0.021397, 0.836965, 0.546839, 0.105437, 0.0, 0.0, 0.0, 1.0],
                [0.999725, 0.012652, 0.019753, -0.0, 0.009613, 0.547111, -0.837005, -0.297546, -0.021397, 0.836965, 0.546839, 0.105437, 0.0, 0.0, 0.0, 1.0],
                [0.999725, 0.012652, 0.019753, -0.0, 0.009613, 0.547111, -0.837005, -0.297546, -0.021397, 0.836965, 0.546839, 0.105437, 0.0, 0.0, 0.0, 1.0],
                [0.999725, 0.012652, 0.019753, -0.0, 0.009613, 0.547111, -0.837005, -0.297546, -0.021397, 0.836965, 0.546839, 0.105437, 0.0, 0.0, 0.0, 1.0],
                [0.999725, 0.012652, 0.019753, -0.0, 0.009613, 0.547111, -0.837005, -0.297546, -0.021397, 0.836965, 0.546839, 0.105437, 0.0, 0.0, 0.0, 1.0],
                [0.999725, 0.012652, 0.019753, -0.0, 0.009613, 0.547111, -0.837005, -0.297546, -0.021397, 0.836965, 0.546839, 0.105437, 0.0, 0.0, 0.0, 1.0],
                [0.999725, 0.012652, 0.019753, -0.0, 0.009613, 0.547111, -0.837005, -0.297546, -0.021397, 0.836965, 0.546839, 0.105437, 0.0, 0.0, 0.0, 1.0],
                [0.999725, 0.012652, 0.019753, -0.0, 0.009613, 0.547111, -0.837005, -0.297546, -0.021397, 0.836965, 0.546839, 0.105437, 0.0, 0.0, 0.0, 1.0],
                [0.999725, 0.012652, 0.019753, -0.0, 0.009613, 0.547111, -0.837005, -0.297546, -0.021397, 0.836965, 0.546839, 0.105437, 0.0, 0.0, 0.0, 1.0],
                [0.999725, 0.012652, 0.019753, -0.0, 0.009613, 0.547111, -0.837005, -0.297546, -0.021397, 0.836965, 0.546839, 0.105437, 0.0, 0.0, 0.0, 1.0],
                [0.999725, 0.012652, 0.019753, -0.0, 0.009613, 0.547111, -0.837005, -0.297546, -0.021397, 0.836965, 0.546839, 0.105437, 0.0, 0.0, 0.0, 1.0],
                [0.999725, 0.012652, 0.019753, -0.0, 0.009613, 0.547111, -0.837005, -0.297546, -0.021397, 0.836965, 0.546839, 0.105437, 0.0, 0.0, 0.0, 1.0],
                [0.999725, 0.012652, 0.019753, -0.0, 0.009613, 0.547111, -0.837005, -0.297546, -0.021397, 0.836965, 0.546839, 0.105437, 0.0, 0.0, 0.0, 1.0],
                [0.999725, 0.012652, 0.019753, -0.0, 0.009613, 0.547111, -0.837005, -0.297546, -0.021397, 0.836965, 0.546839, 0.105437, 0.0, 0.0, 0.0, 1.0],
                [0.999725, 0.012652, 0.019753, -0.0, 0.009613, 0.547111, -0.837005, -0.297546, -0.021397, 0.836965, 0.546839, 0.105437, 0.0, 0.0, 0.0, 1.0],
                [0.999725, 0.012652, 0.019753, -0.0, 0.009613, 0.547111, -0.837005, -0.297546, -0.021397, 0.836965, 0.546839, 0.105437, 0.0, 0.0, 0.0, 1.0],
                [0.999725, 0.012652, 0.019753, -0.0, 0.009613, 0.547111, -0.837005, -0.297546, -0.021397, 0.836965, 0.546839, 0.105437, 0.0, 0.0, 0.0, 1.0],
                [0.999725, 0.012652, 0.019753, -0.0, 0.009613, 0.547111, -0.837005, -0.297546, -0.021397, 0.836965, 0.546839, 0.105437, 0.0, 0.0, 0.0, 1.0],
                [0.999725, 0.012652, 0.019753, -0.0, 0.009613, 0.547111, -0.837005, -0.297546, -0.021397, 0.836965, 0.546839, 0.105437, 0.0, 0.0, 0.0, 1.0],
                [0.999725, 0.012652, 0.019753, -0.0, 0.009613, 0.547111, -0.837005, -0.297546, -0.021397, 0.836965, 0.546839, 0.105437, 0.0, 0.0, 0.0, 1.0],
                [0.999725, 0.012652, 0.019753, -0.0, 0.009613, 0.547111, -0.837005, -0.297546, -0.021397, 0.836965, 0.546839, 0.105437, 0.0, 0.0, 0.0, 1.0],
                [0.999725, 0.012652, 0.019753, -0.0, 0.009613, 0.547111, -0.837005, -0.297546, -0.021397, 0.836965, 0.546839, 0.105437, 0.0, 0.0, 0.0, 1.0],
                [0.999725, 0.012652, 0.019753, -0.0, 0.009613, 0.547111, -0.837005, -0.297546, -0.021397, 0.836965, 0.546839, 0.105437, 0.0, 0.0, 0.0, 1.0],
                [0.999725, 0.012652, 0.019753, -0.0, 0.009613, 0.547111, -0.837005, -0.297546, -0.021397, 0.836965, 0.546839, 0.105437, 0.0, 0.0, 0.0, 1.0],
                [0.999725, 0.012652, 0.019753, -0.0, 0.009613, 0.547111, -0.837005, -0.297546, -0.021397, 0.836965, 0.546839, 0.105437, 0.0, 0.0, 0.0, 1.0],
                [0.999725, 0.012652, 0.019753, -0.0, 0.009613, 0.547111, -0.837005, -0.297546, -0.021397, 0.836965, 0.546839, 0.105437, 0.0, 0.0, 0.0, 1.0],
                [0.999725, 0.012652, 0.019753, -0.0, 0.009613, 0.547111, -0.837005, -0.297546, -0.021397, 0.836965, 0.546839, 0.105437, 0.0, 0.0, 0.0, 1.0],
                [0.999725, 0.012652, 0.019753, -0.0, 0.009613, 0.547111, -0.837005, -0.297546, -0.021397, 0.836965, 0.546839, 0.105437, 0.0, 0.0, 0.0, 1.0],
                [0.999725, 0.012652, 0.019753, -0.0, 0.009613, 0.547111, -0.837005, -0.297546, -0.021397, 0.836965, 0.546839, 0.105437, 0.0, 0.0, 0.0, 1.0],
                [0.999725, 0.012652, 0.019753, -0.0, 0.009613, 0.547111, -0.837005, -0.297546, -0.021397, 0.836965, 0.546839, 0.105437, 0.0, 0.0, 0.0, 1.0],
                [0.999725, 0.012652, 0.019753, -0.0, 0.009613, 0.547111, -0.837005, -0.297546, -0.021397, 0.836965, 0.546839, 0.105437, 0.0, 0.0, 0.0, 1.0],
                [0.999725, 0.012652, 0.019753, -0.0, 0.009613, 0.547111, -0.837005, -0.297546, -0.021397, 0.836965, 0.546839, 0.105437, 0.0, 0.0, 0.0, 1.0],
                [0.999725, 0.012652, 0.019753, -0.0, 0.009613, 0.547111, -0.837005, -0.297546, -0.021397, 0.836965, 0.546839, 0.105437, 0.0, 0.0, 0.0, 1.0],
                [0.999725, 0.012652, 0.019753, -0.0, 0.009613, 0.547111, -0.837005, -0.297546, -0.021397, 0.836965, 0.546839, 0.105437, 0.0, 0.0, 0.0, 1.0],
                [0.999725, 0.012652, 0.019753, -0.0, 0.009613, 0.547111, -0.837005, -0.297546, -0.021397, 0.836965, 0.546839, 0.105437, 0.0, 0.0, 0.0, 1.0],
                [0.999725, 0.012652, 0.019753, -0.0, 0.009613, 0.547111, -0.837005, -0.297546, -0.021397, 0.836965, 0.546839, 0.105437, 0.0, 0.0, 0.0, 1.0],
                [0.999725, 0.012652, 0.019753, -0.0, 0.009613, 0.547111, -0.837005, -0.297546, -0.021397, 0.836965, 0.546839, 0.105437, 0.0, 0.0, 0.0, 1.0],
                [0.999725, 0.012652, 0.019753, -0.0, 0.009613, 0.547111, -0.837005, -0.297546, -0.021397, 0.836965, 0.546839, 0.105437, 0.0, 0.0, 0.0, 1.0],
                [0.999725, 0.012652, 0.019753, -0.0, 0.009613, 0.547111, -0.837005, -0.297546, -0.021397, 0.836965, 0.546839, 0.105437, 0.0, 0.0, 0.0, 1.0],
                [0.999725, 0.012652, 0.019753, -0.0, 0.009613, 0.547111, -0.837005, -0.297546, -0.021397, 0.836965, 0.546839, 0.105437, 0.0, 0.0, 0.0, 1.0],
                [0.999725, 0.012652, 0.019753, -0.0, 0.009613, 0.547111, -0.837005, -0.297546, -0.021397, 0.836965, 0.546839, 0.105437, 0.0, 0.0, 0.0, 1.0],
                [0.999725, 0.012652, 0.019753, -0.0, 0.009613, 0.547111, -0.837005, -0.297546, -0.021397, 0.836965, 0.546839, 0.105437, 0.0, 0.0, 0.0, 1.0],
                [0.999725, 0.012652, 0.019753, -0.0, 0.009613, 0.547111, -0.837005, -0.297546, -0.021397, 0.836965, 0.546839, 0.105437, 0.0, 0.0, 0.0, 1.0],
                [0.999725, 0.012652, 0.019753, -0.0, 0.009613, 0.547111, -0.837005, -0.297546, -0.021397, 0.836965, 0.546839, 0.105437, 0.0, 0.0, 0.0, 1.0],
                [0.999725, 0.012652, 0.019753, -0.0, 0.009613, 0.547111, -0.837005, -0.297546, -0.021397, 0.836965, 0.546839, 0.105437, 0.0, 0.0, 0.0, 1.0],
                [0.999725, 0.012652, 0.019753, -0.0, 0.009613, 0.547111, -0.837005, -0.297546, -0.021397, 0.836965, 0.546839, 0.105437, 0.0, 0.0, 0.0, 1.0],
                [0.999725, 0.012652, 0.019753, -0.0, 0.009613, 0.547111, -0.837005, -0.297546, -0.021397, 0.836965, 0.546839, 0.105437, 0.0, 0.0, 0.0, 1.0],
                [0.999725, 0.012652, 0.019753, -0.0, 0.009613, 0.547111, -0.837005, -0.297546, -0.021397, 0.836965, 0.546839, 0.105437, 0.0, 0.0, 0.0, 1.0],
                [0.999725, 0.012652, 0.019753, -0.0, 0.009613, 0.547111, -0.837005, -0.297546, -0.021397, 0.836965, 0.546839, 0.105437, 0.0, 0.0, 0.0, 1.0],
                [0.999725, 0.012652, 0.019753, -0.0, 0.009613, 0.547111, -0.837005, -0.297546, -0.021397, 0.836965, 0.546839, 0.105437, 0.0, 0.0, 0.0, 1.0],
                [0.999725, 0.012652, 0.019753, -0.0, 0.009613, 0.547111, -0.837005, -0.297546, -0.021397, 0.836965, 0.546839, 0.105437, 0.0, 0.0, 0.0, 1.0],
                [0.999725, 0.012652, 0.019753, -0.0, 0.009613, 0.547111, -0.837005, -0.297546, -0.021397, 0.836965, 0.546839, 0.105437, 0.0, 0.0, 0.0, 1.0],
                [0.999725, 0.012652, 0.019753, -0.0, 0.009613, 0.547111, -0.837005, -0.297546, -0.021397, 0.836965, 0.546839, 0.105437, 0.0, 0.0, 0.0, 1.0],
                [0.999725, 0.012652, 0.019753, -0.0, 0.009613, 0.547111, -0.837005, -0.297546, -0.021397, 0.836965, 0.546839, 0.105437, 0.0, 0.0, 0.0, 1.0],
                [0.999725, 0.012652, 0.019753, -0.0, 0.009613, 0.547111, -0.837005, -0.297546, -0.021397, 0.836965, 0.546839, 0.105437, 0.0, 0.0, 0.0, 1.0],
                [0.999725, 0.012652, 0.019753, -0.0, 0.009613, 0.547111, -0.837005, -0.297546, -0.021397, 0.836965, 0.546839, 0.105437, 0.0, 0.0, 0.0, 1.0],
                [0.999725, 0.012652, 0.019753, -0.0, 0.009613, 0.547111, -0.837005, -0.297546, -0.021397, 0.836965, 0.546839, 0.105437, 0.0, 0.0, 0.0, 1.0],
                [0.999725, 0.012652, 0.019753, -0.0, 0.009613, 0.547111, -0.837005, -0.297546, -0.021397, 0.836965, 0.546839, 0.105437, 0.0, 0.0, 0.0, 1.0],
                [0.999725, 0.012652, 0.019753, -0.0, 0.009613, 0.547111, -0.837005, -0.297546, -0.021397, 0.836965, 0.546839, 0.105437, 0.0, 0.0, 0.0, 1.0],
                [0.999725, 0.012652, 0.019753, -0.0, 0.009613, 0.547111, -0.837005, -0.297546, -0.021397, 0.836965, 0.546839, 0.105437, 0.0, 0.0, 0.0, 1.0],
                [0.999725, 0.012652, 0.019753, -0.0, 0.009613, 0.547111, -0.837005, -0.297546, -0.021397, 0.836965, 0.546839, 0.105437, 0.0, 0.0, 0.0, 1.0],
                [0.999725, 0.012652, 0.019753, -0.0, 0.009613, 0.547111, -0.837005, -0.297546, -0.021397, 0.836965, 0.546839, 0.105437, 0.0, 0.0, 0.0, 1.0],
                [0.999725, 0.012652, 0.019753, -0.0, 0.009613, 0.547111, -0.837005, -0.297546, -0.021397, 0.836965, 0.546839, 0.105437, 0.0, 0.0, 0.0, 1.0],
                [0.999725, 0.012652, 0.019753, -0.0, 0.009613, 0.547111, -0.837005, -0.297546, -0.021397, 0.836965, 0.546839, 0.105437, 0.0, 0.0, 0.0, 1.0],
                [0.999725, 0.012652, 0.019753, -0.0, 0.009613, 0.547111, -0.837005, -0.297546, -0.021397, 0.836965, 0.546839, 0.105437, 0.0, 0.0, 0.0, 1.0],
                [0.999725, 0.012652, 0.019753, -0.0, 0.009613, 0.547111, -0.837005, -0.297546, -0.021397, 0.836965, 0.546839, 0.105437, 0.0, 0.0, 0.0, 1.0],
                [0.999725, 0.012652, 0.019753, -0.0, 0.009613, 0.547111, -0.837005, -0.297546, -0.021397, 0.836965, 0.546839, 0.105437, 0.0, 0.0, 0.0, 1.0],
                [0.999725, 0.012652, 0.019753, -0.0, 0.009613, 0.547111, -0.837005, -0.297546, -0.021397, 0.836965, 0.546839, 0.105437, 0.0, 0.0, 0.0, 1.0],
                [0.999725, 0.012652, 0.019753, -0.0, 0.009613, 0.547111, -0.837005, -0.297546, -0.021397, 0.836965, 0.546839, 0.105437, 0.0, 0.0, 0.0, 1.0],
                [0.999725, 0.012652, 0.019753, -0.0, 0.009613, 0.547111, -0.837005, -0.297546, -0.021397, 0.836965, 0.546839, 0.105437, 0.0, 0.0, 0.0, 1.0],
                [0.999725, 0.012652, 0.019753, -0.0, 0.009613, 0.547111, -0.837005, -0.297546, -0.021397, 0.836965, 0.546839, 0.105437, 0.0, 0.0, 0.0, 1.0],
                [0.999725, 0.012652, 0.019753, -0.0, 0.009613, 0.547111, -0.837005, -0.297546, -0.021397, 0.836965, 0.546839, 0.105437, 0.0, 0.0, 0.0, 1.0],
                [0.999725, 0.012652, 0.019753, -0.0, 0.009613, 0.547111, -0.837005, -0.297546, -0.021397, 0.836965, 0.546839, 0.105437, 0.0, 0.0, 0.0, 1.0],
                [0.999725, 0.012652, 0.019753, -0.0, 0.009613, 0.547111, -0.837005, -0.297546, -0.021397, 0.836965, 0.546839, 0.105437, 0.0, 0.0, 0.0, 1.0],
                [0.999725, 0.012652, 0.019753, -0.0, 0.009613, 0.547111, -0.837005, -0.297546, -0.021397, 0.836965, 0.546839, 0.105437, 0.0, 0.0, 0.0, 1.0],
                [0.999725, 0.012652, 0.019753, -0.0, 0.009613, 0.547111, -0.837005, -0.297546, -0.021397, 0.836965, 0.546839, 0.105437, 0.0, 0.0, 0.0, 1.0],
                [0.999725, 0.012652, 0.019753, -0.0, 0.009613, 0.547111, -0.837005, -0.297546, -0.021397, 0.836965, 0.546839, 0.105437, 0.0, 0.0, 0.0, 1.0],
                [0.999725, 0.012652, 0.019753, -0.0, 0.009613, 0.547111, -0.837005, -0.297546, -0.021397, 0.836965, 0.546839, 0.105437, 0.0, 0.0, 0.0, 1.0],
                [0.999725, 0.012652, 0.019753, -0.0, 0.009613, 0.547111, -0.837005, -0.297546, -0.021397, 0.836965, 0.546839, 0.105437, 0.0, 0.0, 0.0, 1.0],
                [0.999725, 0.012652, 0.019753, -0.0, 0.009613, 0.547111, -0.837005, -0.297546, -0.021397, 0.836965, 0.546839, 0.105437, 0.0, 0.0, 0.0, 1.0],
                [0.999725, 0.012652, 0.019753, -0.0, 0.009613, 0.547111, -0.837005, -0.297546, -0.021397, 0.836965, 0.546839, 0.105437, 0.0, 0.0, 0.0, 1.0],
                [0.999725, 0.012652, 0.019753, -0.0, 0.009613, 0.547111, -0.837005, -0.297546, -0.021397, 0.836965, 0.546839, 0.105437, 0.0, 0.0, 0.0, 1.0],
                [0.999725, 0.012652, 0.019753, -0.0, 0.009613, 0.547111, -0.837005, -0.297546, -0.021397, 0.836965, 0.546839, 0.105437, 0.0, 0.0, 0.0, 1.0],
                [0.999725, 0.012652, 0.019753, -0.0, 0.009613, 0.547111, -0.837005, -0.297546, -0.021397, 0.836965, 0.546839, 0.105437, 0.0, 0.0, 0.0, 1.0],
                [0.999725, 0.012652, 0.019753, -0.0, 0.009613, 0.547111, -0.837005, -0.297546, -0.021397, 0.836965, 0.546839, 0.105437, 0.0, 0.0, 0.0, 1.0],
                [0.999725, 0.012652, 0.019753, -0.0, 0.009613, 0.547111, -0.837005, -0.297546, -0.021397, 0.836965, 0.546839, 0.105437, 0.0, 0.0, 0.0, 1.0],
                [0.999725, 0.012652, 0.019753, -0.0, 0.009613, 0.547111, -0.837005, -0.297546, -0.021397, 0.836965, 0.546839, 0.105437, 0.0, 0.0, 0.0, 1.0],
                [0.999725, 0.012652, 0.019753, -0.0, 0.009613, 0.547111, -0.837005, -0.297546, -0.021397, 0.836965, 0.546839, 0.105437, 0.0, 0.0, 0.0, 1.0],
                [0.999725, 0.012652, 0.019753, -0.0, 0.009613, 0.547111, -0.837005, -0.297546, -0.021397, 0.836965, 0.546839, 0.105437, 0.0, 0.0, 0.0, 1.0],
                [0.999725, 0.012652, 0.019753, -0.0, 0.009613, 0.547111, -0.837005, -0.297546, -0.021397, 0.836965, 0.546839, 0.105437, 0.0, 0.0, 0.0, 1.0],
                [0.999725, 0.012652, 0.019753, -0.0, 0.009613, 0.547111, -0.837005, -0.297546, -0.021397, 0.836965, 0.546839, 0.105437, 0.0, 0.0, 0.0, 1.0],
                [0.999725, 0.012652, 0.019753, -0.0, 0.009613, 0.547111, -0.837005, -0.297546, -0.021397, 0.836965, 0.546839, 0.105437, 0.0, 0.0, 0.0, 1.0],
                [0.999725, 0.012652, 0.019753, -0.0, 0.009613, 0.547111, -0.837005, -0.297546, -0.021397, 0.836965, 0.546839, 0.105437, 0.0, 0.0, 0.0, 1.0],
                [0.999725, 0.012652, 0.019753, -0.0, 0.009613, 0.547111, -0.837005, -0.297546, -0.021397, 0.836965, 0.546839, 0.105437, 0.0, 0.0, 0.0, 1.0],
                [0.999725, 0.012652, 0.019753, -0.0, 0.009613, 0.547111, -0.837005, -0.297546, -0.021397, 0.836965, 0.546839, 0.105437, 0.0, 0.0, 0.0, 1.0],
                [0.999725, 0.012652, 0.019753, -0.0, 0.009613, 0.547111, -0.837005, -0.297546, -0.021397, 0.836965, 0.546839, 0.105437, 0.0, 0.0, 0.0, 1.0],
                [0.999725, 0.012652, 0.019753, -0.0, 0.009613, 0.547111, -0.837005, -0.297546, -0.021397, 0.836965, 0.546839, 0.105437, 0.0, 0.0, 0.0, 1.0],
                [0.999725, 0.012652, 0.019753, -0.0, 0.009613, 0.547111, -0.837005, -0.297546, -0.021397, 0.836965, 0.546839, 0.105437, 0.0, 0.0, 0.0, 1.0],
                [0.999725, 0.012652, 0.019753, -0.0, 0.009613, 0.547111, -0.837005, -0.297546, -0.021397, 0.836965, 0.546839, 0.105437, 0.0, 0.0, 0.0, 1.0],
                [0.999725, 0.012652, 0.019753, -0.0, 0.009613, 0.547111, -0.837005, -0.297546, -0.021397, 0.836965, 0.546839, 0.105437, 0.0, 0.0, 0.0, 1.0],
                [0.999725, 0.012652, 0.019753, -0.0, 0.009613, 0.547111, -0.837005, -0.297546, -0.021397, 0.836965, 0.546839, 0.105437, 0.0, 0.0, 0.0, 1.0],
                [0.999725, 0.012652, 0.019753, -0.0, 0.009613, 0.547111, -0.837005, -0.297546, -0.021397, 0.836965, 0.546839, 0.105437, 0.0, 0.0, 0.0, 1.0],
                [0.999725, 0.012652, 0.019753, -0.0, 0.009613, 0.547111, -0.837005, -0.297546, -0.021397, 0.836965, 0.546839, 0.105437, 0.0, 0.0, 0.0, 1.0],
                [0.999725, 0.012652, 0.019753, -0.0, 0.009613, 0.547111, -0.837005, -0.297546, -0.021397, 0.836965, 0.546839, 0.105437, 0.0, 0.0, 0.0, 1.0],
                [0.999725, 0.012652, 0.019753, -0.0, 0.009613, 0.547111, -0.837005, -0.297546, -0.021397, 0.836965, 0.546839, 0.105437, 0.0, 0.0, 0.0, 1.0],
                [0.999725, 0.012652, 0.019753, -0.0, 0.009613, 0.547111, -0.837005, -0.297546, -0.021397, 0.836965, 0.546839, 0.105437, 0.0, 0.0, 0.0, 1.0],
                [0.999725, 0.012652, 0.019753, -0.0, 0.009613, 0.547111, -0.837005, -0.297546, -0.021397, 0.836965, 0.546839, 0.105437, 0.0, 0.0, 0.0, 1.0],
                [0.999725, 0.012652, 0.019753, -0.0, 0.009613, 0.547111, -0.837005, -0.297546, -0.021397, 0.836965, 0.546839, 0.105437, 0.0, 0.0, 0.0, 1.0],
                [0.999725, 0.012652, 0.019753, -0.0, 0.009613, 0.547111, -0.837005, -0.297546, -0.021397, 0.836965, 0.546839, 0.105437, 0.0, 0.0, 0.0, 1.0],
                [0.999725, 0.012652, 0.019753, -0.0, 0.009613, 0.547111, -0.837005, -0.297546, -0.021397, 0.836965, 0.546839, 0.105437, 0.0, 0.0, 0.0, 1.0],
                [0.999725, 0.012652, 0.019753, -0.0, 0.009613, 0.547111, -0.837005, -0.297546, -0.021397, 0.836965, 0.546839, 0.105437, 0.0, 0.0, 0.0, 1.0],
                [0.999725, 0.012652, 0.019753, -0.0, 0.009613, 0.547111, -0.837005, -0.297546, -0.021397, 0.836965, 0.546839, 0.105437, 0.0, 0.0, 0.0, 1.0],
                [0.999725, 0.012652, 0.019753, -0.0, 0.009613, 0.547111, -0.837005, -0.297546, -0.021397, 0.836965, 0.546839, 0.105437, 0.0, 0.0, 0.0, 1.0],
                [0.999725, 0.012652, 0.019753, -0.0, 0.009613, 0.547111, -0.837005, -0.297546, -0.021397, 0.836965, 0.546839, 0.105437, 0.0, 0.0, 0.0, 1.0],
                [0.999725, 0.012652, 0.019753, -0.0, 0.009613, 0.547111, -0.837005, -0.297546, -0.021397, 0.836965, 0.546839, 0.105437, 0.0, 0.0, 0.0, 1.0],
                [0.999725, 0.012652, 0.019753, -0.0, 0.009613, 0.547111, -0.837005, -0.297546, -0.021397, 0.836965, 0.546839, 0.105437, 0.0, 0.0, 0.0, 1.0],
                [0.999725, 0.012652, 0.019753, -0.0, 0.009613, 0.547111, -0.837005, -0.297546, -0.021397, 0.836965, 0.546839, 0.105437, 0.0, 0.0, 0.0, 1.0],
                [0.999725, 0.012652, 0.019753, -0.0, 0.009613, 0.547111, -0.837005, -0.297546, -0.021397, 0.836965, 0.546839, 0.105437, 0.0, 0.0, 0.0, 1.0],
                [0.999725, 0.012652, 0.019753, -0.0, 0.009613, 0.547111, -0.837005, -0.297546, -0.021397, 0.836965, 0.546839, 0.105437, 0.0, 0.0, 0.0, 1.0],
                [0.999725, 0.012652, 0.019753, -0.0, 0.009613, 0.547111, -0.837005, -0.297546, -0.021397, 0.836965, 0.546839, 0.105437, 0.0, 0.0, 0.0, 1.0],
                [0.999725, 0.012652, 0.019753, -0.0, 0.009613, 0.547111, -0.837005, -0.297546, -0.021397, 0.836965, 0.546839, 0.105437, 0.0, 0.0, 0.0, 1.0],
                [0.999725, 0.012652, 0.019753, -0.0, 0.009613, 0.547111, -0.837005, -0.297546, -0.021397, 0.836965, 0.546839, 0.105437, 0.0, 0.0, 0.0, 1.0],
                [0.999725, 0.012652, 0.019753, -0.0, 0.009613, 0.547111, -0.837005, -0.297546, -0.021397, 0.836965, 0.546839, 0.105437, 0.0, 0.0, 0.0, 1.0],
                [0.999725, 0.012652, 0.019753, -0.0, 0.009613, 0.547111, -0.837005, -0.297546, -0.021397, 0.836965, 0.546839, 0.105437, 0.0, 0.0, 0.0, 1.0],
                [0.999725, 0.012652, 0.019753, -0.0, 0.009613, 0.547111, -0.837005, -0.297546, -0.021397, 0.836965, 0.546839, 0.105437, 0.0, 0.0, 0.0, 1.0],
                [0.999725, 0.012652, 0.019753, -0.0, 0.009613, 0.547111, -0.837005, -0.297546, -0.021397, 0.836965, 0.546839, 0.105437, 0.0, 0.0, 0.0, 1.0],
                [0.999725, 0.012652, 0.019753, -0.0, 0.009613, 0.547111, -0.837005, -0.297546, -0.021397, 0.836965, 0.546839, 0.105437, 0.0, 0.0, 0.0, 1.0],
                [0.999725, 0.012652, 0.019753, -0.0, 0.009613, 0.547111, -0.837005, -0.297546, -0.021397, 0.836965, 0.546839, 0.105437, 0.0, 0.0, 0.0, 1.0],
                [0.999725, 0.012652, 0.019753, -0.0, 0.009613, 0.547111, -0.837005, -0.297546, -0.021397, 0.836965, 0.546839, 0.105437, 0.0, 0.0, 0.0, 1.0],
                [0.999725, 0.012652, 0.019753, -0.0, 0.009613, 0.547111, -0.837005, -0.297546, -0.021397, 0.836965, 0.546839, 0.105437, 0.0, 0.0, 0.0, 1.0],
                [0.999725, 0.012652, 0.019753, -0.0, 0.009613, 0.547111, -0.837005, -0.297546, -0.021397, 0.836965, 0.546839, 0.105437, 0.0, 0.0, 0.0, 1.0],
                [0.999725, 0.012652, 0.019753, -0.0, 0.009613, 0.547111, -0.837005, -0.297546, -0.021397, 0.836965, 0.546839, 0.105437, 0.0, 0.0, 0.0, 1.0],
                [0.999725, 0.012652, 0.019753, -0.0, 0.009613, 0.547111, -0.837005, -0.297546, -0.021397, 0.836965, 0.546839, 0.105437, 0.0, 0.0, 0.0, 1.0],
                [0.999725, 0.012652, 0.019753, -0.0, 0.009613, 0.547111, -0.837005, -0.297546, -0.021397, 0.836965, 0.546839, 0.105437, 0.0, 0.0, 0.0, 1.0],
                [0.999725, 0.012652, 0.019753, -0.0, 0.009613, 0.547111, -0.837005, -0.297546, -0.021397, 0.836965, 0.546839, 0.105437, 0.0, 0.0, 0.0, 1.0],
                [0.999725, 0.012652, 0.019753, -0.0, 0.009613, 0.547111, -0.837005, -0.297546, -0.021397, 0.836965, 0.546839, 0.105437, 0.0, 0.0, 0.0, 1.0],
                [0.999725, 0.012652, 0.019753, -0.0, 0.009613, 0.547111, -0.837005, -0.297546, -0.021397, 0.836965, 0.546839, 0.105437, 0.0, 0.0, 0.0, 1.0],
                [0.999725, 0.012652, 0.019753, -0.0, 0.009613, 0.547111, -0.837005, -0.297546, -0.021397, 0.836965, 0.546839, 0.105437, 0.0, 0.0, 0.0, 1.0],
                [0.999725, 0.012652, 0.019753, -0.0, 0.009613, 0.547111, -0.837005, -0.297546, -0.021397, 0.836965, 0.546839, 0.105437, 0.0, 0.0, 0.0, 1.0]
            ]
        },
        {
            "name": "Torso",
            "time": [0.0, 0.0417, 0.0833, 0.125, 0.1667, 0.2083, 0.25, 0.2917, 0.3333, 0.375, 0.4167, 0.4583, 0.5, 0.5417, 0.5833, 0.625, 0.6667, 0.7083, 0.75, 0.7917, 0.8333, 0.875, 0.9167, 0.9583, 1.0, 1.0417, 1.0833, 1.125, 1.1667, 1.2083, 1.25, 1.2917, 1.3333, 1.375, 1.4167, 1.4583, 1.5, 1.5417, 1.5833, 1.625, 1.6667, 1.7083, 1.75, 1.7917, 1.8333, 1.875, 1.9167, 1.9583, 2.0, 2.0417, 2.0833, 2.125, 2.1667, 2.2083, 2.25, 2.2917, 2.3333, 2.375, 2.4167, 2.4583, 2.5, 2.5417, 2.5833, 2.625, 2.6667, 2.7083, 2.75, 2.7917, 2.8333, 2.875, 2.9167, 2.9583, 3.0, 3.0417, 3.0833, 3.125, 3.1667, 3.2083, 3.25, 3.2917, 3.3333, 3.375, 3.4167, 3.4583, 3.5, 3.5417, 3.5833, 3.625, 3.6667, 3.7083, 3.75, 3.7917, 3.8333, 3.875, 3.9167, 3.9583, 4.0, 4.0417, 4.0833, 4.125, 4.1667, 4.2083, 4.25, 4.2917, 4.3333, 4.375, 4.4167, 4.4583, 4.5, 4.5417, 4.5833, 4.625, 4.6667, 4.7083, 4.75, 4.7917, 4.8333, 4.875, 4.9167, 4.9583, 5.0, 5.0417, 5.0833, 5.125, 5.1667, 5.2083, 5.25, 5.2917, 5.3333, 5.375, 5.4167, 5.4583, 5.5, 5.5417, 5.5833, 5.625, 5.6667, 5.7083, 5.75, 5.7917, 5.8333, 5.875, 5.9167, 5.9583, 6.0, 6.0417, 6.0833, 6.125, 6.1667, 6.2083, 6.25, 6.2917, 6.3333, 6.375, 6.4167, 6.4583, 6.5, 6.5417, 6.5833, 6.625, 6.6667, 6.7083, 6.75, 6.7917, 6.8333, 6.875, 6.9167, 6.9583, 7.0, 7.0417, 7.0833, 7.125, 7.1667, 7.2083, 7.25, 7.2917, 7.3333, 7.375, 7.4167, 7.4583, 7.5, 7.5417],
            "transform": [
                [0.999967, 0.007217, -0.00378, 0.0, -0.005993, 0.965928, 0.25874, 0.086063, 0.005518, -0.258708, 0.96594, -0.0, 0.0, 0.0, 0.0, 1.0],
                [0.999967, 0.007217, -0.00378, 0.0, -0.005993, 0.96593, 0.258733, 0.086063, 0.005518, -0.258702, 0.965941, -0.0, 0.0, 0.0, 0.0, 1.0],
                [0.999967, 0.007217, -0.00378, 0.0, -0.005993, 0.965935, 0.258714, 0.086063, 0.005518, -0.258683, 0.965946, -0.0, 0.0, 0.0, 0.0, 1.0],
                [0.999967, 0.007216, -0.00378, 0.0, -0.005993, 0.965944, 0.258683, 0.086063, 0.005518, -0.258652, 0.965955, -0.0, 0.0, 0.0, 0.0, 1.0],
                [0.999967, 0.007216, -0.003781, 0.0, -0.005993, 0.965955, 0.258641, 0.086063, 0.005518, -0.25861, 0.965966, -0.0, 0.0, 0.0, 0.0, 1.0],
                [0.999967, 0.007216, -0.003781, 0.0, -0.005993, 0.965969, 0.258588, 0.086063, 0.005518, -0.258557, 0.96598, -0.0, 0.0, 0.0, 0.0, 1.0],
                [0.999967, 0.007216, -0.003781, 0.0, -0.005993, 0.965986, 0.258526, 0.086063, 0.005518, -0.258495, 0.965997, -0.0, 0.0, 0.0, 0.0, 1.0],
                [0.999967, 0.007215, -0.003782, 0.0, -0.005993, 0.966005, 0.258454, 0.086063, 0.005518, -0.258423, 0.966016, -0.0, 0.0, 0.0, 0.0, 1.0],
                [0.999967, 0.007215, -0.003783, 0.0, -0.005993, 0.966026, 0.258374, 0.086063, 0.005518, -0.258343, 0.966037, -0.0, 0.0, 0.0, 0.0, 1.0],
                [0.999967, 0.007215, -0.003783, 0.0, -0.005993, 0.96605, 0.258286, 0.086063, 0.005518, -0.258255, 0.966061, -0.0, 0.0, 0.0, 0.0, 1.0],
                [0.999967, 0.007214, -0.003784, 0.0, -0.005993, 0.966075, 0.258191, 0.086063, 0.005518, -0.25816, 0.966086, -0.0, 0.0, 0.0, 0.0, 1.0],
                [0.999967, 0.007214, -0.003785, 0.0, -0.005993, 0.966102, 0.258089, 0.086063, 0.005518, -0.258058, 0.966114, -0.0, 0.0, 0.0, 0.0, 1.0],
                [0.999967, 0.007214, -0.003785, 0.0, -0.005993, 0.966131, 0.257982, 0.086063, 0.005518, -0.257951, 0.966142, -0.0, 0.0, 0.0, 0.0, 1.0],
                [0.999967, 0.007213, -0.003786, 0.0, -0.005993, 0.966161, 0.25787, 0.086063, 0.005518, -0.257839, 0.966172, -0.0, 0.0, 0.0, 0.0, 1.0],
                [0.999967, 0.007213, -0.003787, 0.0, -0.005993, 0.966192, 0.257753, 0.086063, 0.005518, -0.257722, 0.966203, -0.0, 0.0, 0.0, 0.0, 1.0],
                [0.999967, 0.007212, -0.003788, 0.0, -0.005993, 0.966224, 0.257632, 0.086063, 0.005518, -0.257601, 0.966236, -0.0, 0.0, 0.0, 0.0, 1.0],
                [0.999967, 0.007212, -0.003789, 0.0, -0.005993, 0.966257, 0.257509, 0.086063, 0.005518, -0.257478, 0.966268, -0.0, 0.0, 0.0, 0.0, 1.0],
                [0.999967, 0.007211, -0.00379, 0.0, -0.005993, 0.966291, 0.257383, 0.086063, 0.005518, -0.257352, 0.966302, -0.0, 0.0, 0.0, 0.0, 1.0],
                [0.999967, 0.007211, -0.003791, 0.0, -0.005993, 0.966325, 0.257255, 0.086063, 0.005518, -0.257224, 0.966336, -0.0, 0.0, 0.0, 0.0, 1.0],
                [0.999967, 0.00721, -0.003792, 0.0, -0.005993, 0.966359, 0.257126, 0.086063, 0.005518, -0.257095, 0.96637, -0.0, 0.0, 0.0, 0.0, 1.0],
                [0.999967, 0.00721, -0.003793, 0.0, -0.005993, 0.966394, 0.256997, 0.086063, 0.005518, -0.256966, 0.966405, -0.0, 0.0, 0.0, 0.0, 1.0],
                [0.999967, 0.007209, -0.003794, 0.0, -0.005993, 0.966428, 0.256868, 0.086063, 0.005518, -0.256837, 0.966439, -0.0, 0.0, 0.0, 0.0, 1.0],
                [0.999967, 0.007209, -0.003795, 0.0, -0.005993, 0.966462, 0.256741, 0.086063, 0.005518, -0.25671, 0.966473, -0.0, 0.0, 0.0, 0.0, 1.0],
                [0.999967, 0.007208, -0.003796, 0.0, -0.005993, 0.966495, 0.256615, 0.086063, 0.005518, -0.256583, 0.966506, -0.0, 0.0, 0.0, 0.0, 1.0],
                [0.999967, 0.007208, -0.003797, 0.0, -0.005993, 0.966528, 0.256491, 0.086063, 0.005518, -0.25646, 0.966539, -0.0, 0.0, 0.0, 0.0, 1.0],
                [0.999967, 0.007207, -0.003797, 0.0, -0.005993, 0.96656, 0.25637, 0.086063, 0.005518, -0.256339, 0.966571, -0.0, 0.0, 0.0, 0.0, 1.0],
                [0.999967, 0.007207, -0.003798, 0.0, -0.005993, 0.966591, 0.256254, 0.086063, 0.005518, -0.256222, 0.966602, -0.0, 0.0, 0.0, 0.0, 1.0],
                [0.999967, 0.007206, -0.003799, 0.0, -0.005993, 0.966621, 0.256141, 0.086063, 0.005518, -0.25611, 0.966632, -0.0, 0.0, 0.0, 0.0, 1.0],
                [0.999967, 0.007206, -0.0038, 0.0, -0.005993, 0.966649, 0.256034, 0.086063, 0.005518, -0.256003, 0.96666, -0.0, 0.0, 0.0, 0.0, 1.0],
                [0.999967, 0.007206, -0.003801, 0.0, -0.005993, 0.966676, 0.255932, 0.086063, 0.005518, -0.255901, 0.966687, -0.0, 0.0, 0.0, 0.0, 1.0],
                [0.999967, 0.007205, -0.003801, 0.0, -0.005993, 0.966701, 0.255837, 0.086063, 0.005518, -0.255806, 0.966712, -0.0, 0.0, 0.0, 0.0, 1.0],
                [0.999967, 0.007205, -0.003802, 0.0, -0.005993, 0.966725, 0.255749, 0.086063, 0.005518, -0.255718, 0.966736, -0.0, 0.0, 0.0, 0.0, 1.0],
                [0.999967, 0.007205, -0.003803, 0.0, -0.005993, 0.966746, 0.255669, 0.086063, 0.005518, -0.255637, 0.966757, -0.0, 0.0, 0.0, 0.0, 1.0],
                [0.999967, 0.007204, -0.003803, 0.0, -0.005993, 0.966765, 0.255597, 0.086063, 0.005518, -0.255566, 0.966776, -0.0, 0.0, 0.0, 0.0, 1.0],
                [0.999967, 0.007204, -0.003804, 0.0, -0.005993, 0.966781, 0.255534, 0.086063, 0.005518, -0.255503, 0.966792, -0.0, 0.0, 0.0, 0.0, 1.0],
                [0.999967, 0.007204, -0.003804, 0.0, -0.005993, 0.966795, 0.255482, 0.086063, 0.005518, -0.255451, 0.966806, -0.0, 0.0, 0.0, 0.0, 1.0],
                [0.999967, 0.007204, -0.003804, 0.0, -0.005993, 0.966806, 0.25544, 0.086063, 0.005518, -0.255408, 0.966817, -0.0, 0.0, 0.0, 0.0, 1.0],
                [0.999967, 0.007204, -0.003805, 0.0, -0.005993, 0.966815, 0.255409, 0.086063, 0.005518, -0.255377, 0.966826, -0.0, 0.0, 0.0, 0.0, 1.0],
                [0.999967, 0.007203, -0.003805, 0.0, -0.005993, 0.96682, 0.25539, 0.086063, 0.005518, -0.255358, 0.966831, -0.0, 0.0, 0.0, 0.0, 1.0],
                [0.999967, 0.007203, -0.003805, 0.0, -0.005993, 0.966821, 0.255383, 0.086063, 0.005518, -0.255352, 0.966832, -0.0, 0.0, 0.0, 0.0, 1.0],
                [0.999967, 0.007203, -0.003805, 0.0, -0.005993, 0.966821, 0.255383, 0.086063, 0.005518, -0.255352, 0.966832, -0.0, 0.0, 0.0, 0.0, 1.0],
                [0.999967, 0.007203, -0.003805, 0.0, -0.005993, 0.966821, 0.255383, 0.086063, 0.005518, -0.255352, 0.966832, -0.0, 0.0, 0.0, 0.0, 1.0],
                [0.999967, 0.007203, -0.003805, 0.0, -0.005993, 0.966821, 0.255383, 0.086063, 0.005518, -0.255352, 0.966832, -0.0, 0.0, 0.0, 0.0, 1.0],
                [0.999967, 0.007203, -0.003805, 0.0, -0.005993, 0.966821, 0.255383, 0.086063, 0.005518, -0.255352, 0.966832, -0.0, 0.0, 0.0, 0.0, 1.0],
                [0.999967, 0.007203, -0.003805, 0.0, -0.005993, 0.966821, 0.255383, 0.086063, 0.005518, -0.255352, 0.966832, -0.0, 0.0, 0.0, 0.0, 1.0],
                [0.999967, 0.007203, -0.003805, 0.0, -0.005993, 0.966821, 0.255383, 0.086063, 0.005518, -0.255352, 0.966832, -0.0, 0.0, 0.0, 0.0, 1.0],
                [0.999967, 0.007203, -0.003805, 0.0, -0.005993, 0.966821, 0.255383, 0.086063, 0.005518, -0.255352, 0.966832, -0.0, 0.0, 0.0, 0.0, 1.0],
                [0.999967, 0.007203, -0.003805, 0.0, -0.005993, 0.966821, 0.255383, 0.086063, 0.005518, -0.255352, 0.966832, -0.0, 0.0, 0.0, 0.0, 1.0],
                [0.999967, 0.007203, -0.003805, 0.0, -0.005993, 0.966821, 0.255383, 0.086063, 0.005518, -0.255352, 0.966832, -0.0, 0.0, 0.0, 0.0, 1.0],
                [0.999967, 0.007203, -0.003805, 0.0, -0.005993, 0.966821, 0.255384, 0.086063, 0.005518, -0.255353, 0.966832, -0.0, 0.0, 0.0, 0.0, 1.0],
                [0.999967, 0.007203, -0.003805, 0.0, -0.005993, 0.96682, 0.255388, 0.086063, 0.005518, -0.255357, 0.966831, -0.0, 0.0, 0.0, 0.0, 1.0],
                [0.999967, 0.007203, -0.003805, 0.0, -0.005993, 0.966818, 0.255395, 0.086063, 0.005518, -0.255364, 0.966829, -0.0, 0.0, 0.0, 0.0, 1.0],
                [0.999967, 0.007204, -0.003805, 0.0, -0.005993, 0.966816, 0.255405, 0.086063, 0.005518, -0.255373, 0.966827, -0.0, 0.0, 0.0, 0.0, 1.0],
                [0.999967, 0.007204, -0.003805, 0.0, -0.005993, 0.966812, 0.255417, 0.086063, 0.005518, -0.255385, 0.966824, -0.0, 0.0, 0.0, 0.0, 1.0],
                [0.999967, 0.007204, -0.003804, 0.0, -0.005993, 0.966809, 0.255431, 0.086063, 0.005518, -0.2554, 0.96682, -0.0, 0.0, 0.0, 0.0, 1.0],
                [0.999967, 0.007204, -0.003804, 0.0, -0.005993, 0.966804, 0.255448, 0.086063, 0.005518, -0.255416, 0.966815, -0.0, 0.0, 0.0, 0.0, 1.0],
