{
    "animation": [
        {
            "name": "Root",
            "time": [0.0, 0.0417, 0.0833, 0.125, 0.1667, 0.2083, 0.25, 0.2917, 0.3333, 0.375, 0.4167, 0.4583, 0.5],
            "transform": [
                [1.0, 0.0, 0.0, -0.0, -0.0, 0.906308, 0.422618, -0.315062, -0.0, -0.422618, 0.906308, 0.555615, 0.0, 0.0, 0.0, 1.0],
                [1.0, 0.0, 0.0, -0.0, -0.0, 0.949201, 0.31467, -0.315062, -0.0, -0.31467, 0.949201, 0.533342, 0.0, 0.0, 0.0, 1.0],
                [1.0, 0.0, 0.0, -0.0, -0.0, 0.979367, 0.202089, -0.315062, -0.0, -0.202089, 0.979367, 0.511069, 0.0, 0.0, 0.0, 1.0],
                [1.0, 0.0, 0.0, -0.0, -0.0, 0.996195, 0.087156, -0.315062, -0.0, -0.087156, 0.996195, 0.488796, 0.0, 0.0, 0.0, 1.0],
                [1.0, 0.0, 0.0, -0.0, -0.0, 0.998626, -0.052407, -0.315062, -0.0, 0.052407, 0.998626, 0.466523, 0.0, 0.0, 0.0, 1.0],
                [1.0, 0.0, 0.0, -0.0, -0.0, 0.986574, -0.163317, -0.315062, -0.0, 0.163317, 0.986574, 0.44425, 0.0, 0.0, 0.0, 1.0],
                [1.0, 0.0, 0.0, -0.0, -0.0, 0.969937, -0.243355, -0.315062, -0.0, 0.243355, 0.969937, 0.421977, 0.0, 0.0, 0.0, 1.0],
                [1.0, 0.0, 0.0, -0.0, -0.0, 0.956387, -0.292103, -0.315062, -0.0, 0.292103, 0.956387, 0.399704, 0.0, 0.0, 0.0, 1.0],
                [1.0, 0.0, 0.0, -0.0, -0.0, 0.950959, -0.309318, -0.315062, -0.0, 0.309318, 0.950959, 0.415918, 0.0, 0.0, 0.0, 1.0],
                [1.0, 0.0, 0.0, -0.0, -0.0, 0.980224, -0.197891, -0.315062, -0.0, 0.197891, 0.980224, 0.454585, 0.0, 0.0, 0.0, 1.0],
                [1.0, 0.0, 0.0, -0.0, -0.0, 0.998137, 0.061011, -0.315062, -0.0, -0.061011, 0.998137, 0.500734, 0.0, 0.0, 0.0, 1.0],
                [1.0, 0.0, 0.0, -0.0, -0.0, 0.948965, 0.315381, -0.315062, -0.0, -0.315381, 0.948965, 0.5394, 0.0, 0.0, 0.0, 1.0],
                [1.0, 0.0, 0.0, -0.0, -0.0, 0.906308, 0.422618, -0.315062, -0.0, -0.422618, 0.906308, 0.555615, 0.0, 0.0, 0.0, 1.0]
            ]
        },
        {
            "name": "Torso",
            "time": [0.0, 0.0417, 0.0833, 0.125, 0.1667, 0.2083, 0.25, 0.2917, 0.3333, 0.375, 0.4167, 0.4583, 0.5],
            "transform": [
                [1.0, -0.0, 0.0, 0.0, 0.0, 0.996195, -0.087155, 0.086063, 0.0, 0.087155, 0.996195, 0.0, 0.0, 0.0, 0.0, 1.0],
                [1.0, -0.0, 0.0, -0.0, 0.0, 0.999576, -0.029101, 0.086063, 0.0, 0.029101, 0.999576, -0.0, 0.0, 0.0, 0.0, 1.0],
                [1.0, -0.0, -0.0, 0.0, 0.0, 0.999577, 0.029101, 0.086063, -0.0, -0.029101, 0.999577, 0.0, 0.0, 0.0, 0.0, 1.0],
                [1.0, -0.0, -0.0, -0.0, 0.0, 0.996195, 0.087156, 0.086063, -0.0, -0.087156, 0.996195, -0.0, 0.0, 0.0, 0.0, 1.0],
                [1.0, -0.0, -0.0, -0.0, 0.0, 0.996698, 0.081199, 0.086063, -0.0, -0.081199, 0.996698, -0.0, 0.0, 0.0, 0.0, 1.0],
                [1.0, -0.0, -0.0, 0.0, 0.0, 0.997871, 0.065213, 0.086063, -0.0, -0.065213, 0.997871, -0.0, 0.0, 0.0, 0.0, 1.0],
                [1.0, -0.0, -0.0, -0.0, 0.0, 0.999117, 0.042026, 0.086063, -0.0, -0.042026, 0.999117, -0.0, 0.0, 0.0, 0.0, 1.0],
                [1.0, -0.0, -0.0, 0.0, 0.0, 0.999895, 0.014493, 0.086063, -0.0, -0.014493, 0.999895, 0.0, 0.0, 0.0, 0.0, 1.0],
                [1.0, -0.0, 0.0, 0.0, 0.0, 0.999895, -0.014493, 0.086063, 0.0, 0.014493, 0.999895, -0.0, 0.0, 0.0, 0.0, 1.0],
                [1.0, -0.0, 0.0, -0.0, 0.0, 0.999117, -0.042025, 0.086063, 0.0, 0.042025, 0.999117, -0.0, 0.0, 0.0, 0.0, 1.0],
                [1.0, -0.0, 0.0, -0.0, 0.0, 0.997871, -0.065212, 0.086063, 0.0, 0.065212, 0.997871, -0.0, 0.0, 0.0, 0.0, 1.0],
                [1.0, -0.0, 0.0, 0.0, 0.0, 0.996698, -0.081198, 0.086063, 0.0, 0.081198, 0.996698, -0.0, 0.0, 0.0, 0.0, 1.0],
                [1.0, -0.0, 0.0, 0.0, 0.0, 0.996195, -0.087155, 0.086063, 0.0, 0.087155, 0.996195, 0.0, 0.0, 0.0, 0.0, 1.0]
            ]
        },
        {
            "name": "Chest",
            "time": [0.0, 0.0417, 0.0833, 0.125, 0.1667, 0.2083, 0.25, 0.2917, 0.3333, 0.375, 0.4167, 0.4583, 0.5],
            "transform": [
                [1.0, -0.0, 0.0, -0.0, 0.0, 0.979278, -0.20252, 0.183738, 0.0, 0.20252, 0.979278, 0.0, 0.0, 0.0, 0.0, 1.0],
                [1.0, -0.0, 0.0, 0.0, 0.0, 0.989373, -0.1454, 0.183738, 0.0, 0.1454, 0.989373, -0.0, 0.0, 0.0, 0.0, 1.0],
                [1.0, -0.0, 0.0, 0.0, 0.0, 0.996156, -0.087594, 0.183738, 0.0, 0.087594, 0.996156, -0.0, 0.0, 0.0, 0.0, 1.0],
                [1.0, -0.0, 0.0, 0.0, 0.0, 0.999568, -0.029393, 0.183738, 0.0, 0.029393, 0.999568, 0.0, 0.0, 0.0, 0.0, 1.0],
                [1.0, -0.0, -0.0, -0.0, 0.0, 0.999582, 0.028908, 0.183738, -0.0, -0.028908, 0.999582, -0.0, 0.0, 0.0, 0.0, 1.0],
                [1.0, -0.0, -0.0, 0.0, 0.0, 0.996207, 0.087012, 0.183738, -0.0, -0.087012, 0.996207, 0.0, 0.0, 0.0, 0.0, 1.0],
                [1.0, -0.0, -0.0, -0.0, 0.0, 0.989486, 0.144626, 0.183738, -0.0, -0.144626, 0.989486, 0.0, 0.0, 0.0, 0.0, 1.0],
                [1.0, -0.0, -0.0, 0.0, 0.0, 0.992882, 0.119099, 0.183738, -0.0, -0.119099, 0.992882, 0.0, 0.0, 0.0, 0.0, 1.0],
                [1.0, -0.0, -0.0, -0.0, 0.0, 0.998499, 0.054774, 0.183738, -0.0, -0.054774, 0.998499, -0.0, 0.0, 0.0, 0.0, 1.0],
                [1.0, -0.0, 0.0, 0.0, 0.0, 0.999568, -0.029393, 0.183738, 0.0, 0.029393, 0.999568, -0.0, 0.0, 0.0, 0.0, 1.0],
                [1.0, -0.0, 0.0, -0.0, 0.0, 0.993555, -0.113352, 0.183738, 0.0, 0.113352, 0.993555, 0.0, 0.0, 0.0, 0.0, 1.0],
                [1.0, -0.0, 0.0, -0.0, 0.0, 0.984168, -0.177236, 0.183738, 0.0, 0.177236, 0.984168, -0.0, 0.0, 0.0, 0.0, 1.0],
                [1.0, -0.0, 0.0, -0.0, 0.0, 0.979278, -0.20252, 0.183738, 0.0, 0.20252, 0.979278, 0.0, 0.0, 0.0, 0.0, 1.0]
            ]
        },
        {
            "name": "Chest_Upper",
            "time": [0.0, 0.0417, 0.0833, 0.125, 0.1667, 0.2083, 0.25, 0.2917, 0.3333, 0.375, 0.4167, 0.4583, 0.5],
            "transform": [
                [1.0, -0.0, 0.0, -0.0, 0.0, 0.888794, -0.458307, 0.222961, 0.0, 0.458307, 0.888794, 0.0, 0.0, 0.0, 0.0, 1.0],
                [1.0, 0.000454, 0.000653, 0.0, -0.000217, 0.945749, -0.324897, 0.222961, -0.000765, 0.324897, 0.945749, -0.0, 0.0, 0.0, 0.0, 1.0],
                [0.999999, 0.000809, 0.001369, -0.0, -0.000544, 0.982946, -0.183891, 0.222961, -0.001494, 0.18389, 0.982946, -0.0, 0.0, 0.0, 0.0, 1.0],
                [0.999997, 0.001057, 0.002124, 0.0, -0.000971, 0.999209, -0.039747, 0.222961, -0.002165, 0.039745, 0.999208, 0.0, 0.0, 0.0, 0.0, 1.0],
                [0.999995, 0.0012, 0.002925, 0.0, -0.0015, 0.994495, 0.104777, 0.222961, -0.002784, -0.104781, 0.994491, -0.0, 0.0, 0.0, 0.0, 1.0],
                [0.999992, 0.001337, 0.003714, -0.0, -0.002022, 0.981584, 0.191022, 0.222961, -0.00339, -0.191028, 0.981579, -0.0, 0.0, 0.0, 0.0, 1.0],
                [0.999989, 0.001541, 0.004488, 0.0, -0.002491, 0.975476, 0.220091, 0.222961, -0.004039, -0.2201, 0.975469, -0.0, 0.0, 0.0, 0.0, 1.0],
                [0.99999, 0.001542, 0.004146, -0.0, -0.002227, 0.985329, 0.170649, 0.222961, -0.003822, -0.170656, 0.985323, 0.0, 0.0, 0.0, 0.0, 1.0],
                [0.999994, 0.001457, 0.003258, -0.0, -0.001594, 0.999099, 0.042401, 0.222961, -0.003193, -0.042406, 0.999095, 0.0, 0.0, 0.0, 0.0, 1.0],
                [0.999997, 0.00117, 0.002114, 0.0, -0.000892, 0.991888, -0.127115, 0.222961, -0.002246, 0.127113, 0.991886, -0.0, 0.0, 0.0, 0.0, 1.0],
                [0.999999, 0.000694, 0.001036, -0.0, -0.00036, 0.956232, -0.29261, 0.222961, -0.001194, 0.29261, 0.956231, -0.0, 0.0, 0.0, 0.0, 1.0],
                [1.0, 0.000215, 0.00028, -0.0, -8e-05, 0.910858, -0.412719, 0.222961, -0.000344, 0.412719, 0.910858, 0.0, 0.0, 0.0, 0.0, 1.0],
                [1.0, -0.0, 0.0, -0.0, 0.0, 0.888794, -0.458307, 0.222961, 0.0, 0.458307, 0.888794, 0.0, 0.0, 0.0, 0.0, 1.0]
            ]
        },
        {
            "name": "Shoulder_FR",
            "time": [0.0, 0.0417, 0.0833, 0.125, 0.1667, 0.2083, 0.25, 0.2917, 0.3333, 0.375, 0.4167, 0.4583, 0.5],
            "transform": [
                [0.817589, 0.274825, 0.505984, 0.0, -0.331019, -0.494685, 0.803563, 0.222961, 0.471142, -0.824474, -0.313477, -0.0, 0.0, 0.0, 0.0, 1.0],
                [0.817589, 0.274825, 0.505984, 0.0, -0.331019, -0.494685, 0.803562, 0.222961, 0.471142, -0.824474, -0.313477, -0.0, 0.0, 0.0, 0.0, 1.0],
                [0.817589, 0.274825, 0.505984, 0.0, -0.331019, -0.494685, 0.803562, 0.222961, 0.471142, -0.824474, -0.313477, -0.0, 0.0, 0.0, 0.0, 1.0],
                [0.817589, 0.274825, 0.505984, -0.0, -0.331019, -0.494685, 0.803562, 0.222961, 0.471142, -0.824474, -0.313477, 0.0, 0.0, 0.0, 0.0, 1.0],
                [0.817589, 0.274825, 0.505984, 0.0, -0.331019, -0.494685, 0.803562, 0.222961, 0.471142, -0.824474, -0.313477, 0.0, 0.0, 0.0, 0.0, 1.0],
                [0.817589, 0.274825, 0.505984, -0.0, -0.331019, -0.494685, 0.803562, 0.222961, 0.471142, -0.824474, -0.313477, -0.0, 0.0, 0.0, 0.0, 1.0],
                [0.817589, 0.274825, 0.505984, -0.0, -0.331019, -0.494685, 0.803563, 0.222961, 0.471142, -0.824474, -0.313477, -0.0, 0.0, 0.0, 0.0, 1.0],
                [0.817589, 0.274825, 0.505984, -0.0, -0.331019, -0.494685, 0.803562, 0.222961, 0.471142, -0.824474, -0.313477, 0.0, 0.0, 0.0, 0.0, 1.0],
                [0.817589, 0.274825, 0.505984, 0.0, -0.331019, -0.494685, 0.803562, 0.222961, 0.471142, -0.824474, -0.313477, 0.0, 0.0, 0.0, 0.0, 1.0],
                [0.817589, 0.274825, 0.505984, 0.0, -0.331019, -0.494685, 0.803562, 0.222961, 0.471142, -0.824474, -0.313477, 0.0, 0.0, 0.0, 0.0, 1.0],
                [0.817589, 0.274825, 0.505984, -0.0, -0.331019, -0.494685, 0.803562, 0.222961, 0.471142, -0.824474, -0.313477, -0.0, 0.0, 0.0, 0.0, 1.0],
                [0.817589, 0.274825, 0.505984, -0.0, -0.331019, -0.494685, 0.803563, 0.222961, 0.471142, -0.824474, -0.313477, 0.0, 0.0, 0.0, 0.0, 1.0],
                [0.817589, 0.274825, 0.505984, 0.0, -0.331019, -0.494685, 0.803563, 0.222961, 0.471142, -0.824474, -0.313477, -0.0, 0.0, 0.0, 0.0, 1.0]
            ]
        },
        {
            "name": "Thigh_FR",
            "time": [0.0, 0.0417, 0.0833, 0.125, 0.1667, 0.2083, 0.25, 0.2917, 0.3333, 0.375, 0.4167, 0.4583, 0.5],
            "transform": [
                [0.703873, -0.573691, 0.418858, -0.0, 0.661174, 0.313606, -0.681542, 0.238613, 0.259638, 0.756657, 0.600048, -0.0, 0.0, 0.0, 0.0, 1.0],
                [0.787089, -0.560439, 0.25768, 0.0, 0.5955, 0.581453, -0.55434, 0.238613, 0.160844, 0.589763, 0.791396, 0.0, 0.0, 0.0, 0.0, 1.0],
                [0.866135, -0.488746, 0.10458, 0.0, 0.491735, 0.795821, -0.353363, 0.238613, 0.089478, 0.357486, 0.929622, 0.0, 0.0, 0.0, 0.0, 1.0],
                [0.929102, -0.369414, -0.017378, -0.0, 0.365513, 0.924415, -0.10889, 0.238613, 0.056291, 0.094818, 0.993902, -0.0, 0.0, 0.0, 0.0, 1.0],
                [0.959375, -0.271701, -0.076012, -0.0, 0.276585, 0.958899, 0.063351, 0.238613, 0.055676, -0.081801, 0.995092, 0.0, 0.0, 0.0, 0.0, 1.0],
                [0.966061, -0.242511, -0.088962, 0.0, 0.251617, 0.961358, 0.111709, 0.238613, 0.058434, -0.130302, 0.989751, 0.0, 0.0, 0.0, 0.0, 1.0],
                [0.955064, -0.288574, -0.067662, -0.0, 0.29132, 0.955992, 0.034811, 0.238613, 0.054639, -0.052958, 0.997101, 0.0, 0.0, 0.0, 0.0, 1.0],
                [0.919544, -0.392984, 0.001134, 0.0, 0.388493, 0.908593, -0.153399, 0.238613, 0.059253, 0.141498, 0.988164, 0.0, 0.0, 0.0, 0.0, 1.0],
                [0.860287, -0.496459, 0.115906, -0.0, 0.501098, 0.781594, -0.371498, 0.238613, 0.093842, 0.377676, 0.92117, -0.0, 0.0, 0.0, 0.0, 1.0],
                [0.795252, -0.555944, 0.241871, -0.0, 0.586821, 0.60556, -0.53753, 0.238613, 0.152369, 0.569407, 0.807812, 0.0, 0.0, 0.0, 0.0, 1.0],
                [0.745472, -0.574312, 0.338287, -0.0, 0.633417, 0.45241, -0.62778, 0.238613, 0.207497, 0.682269, 0.701038, 0.0, 0.0, 0.0, 0.0, 1.0],
                [0.714603, -0.575221, 0.398075, 0.0, 0.654973, 0.35034, -0.669531, 0.238613, 0.245667, 0.739177, 0.627108, -0.0, 0.0, 0.0, 0.0, 1.0],
                [0.703873, -0.573691, 0.418858, -0.0, 0.661174, 0.313606, -0.681542, 0.238613, 0.259638, 0.756657, 0.600048, -0.0, 0.0, 0.0, 0.0, 1.0]
            ]
        },
        {
            "name": "Leg_FR",
            "time": [0.0, 0.0417, 0.0833, 0.125, 0.1667, 0.2083, 0.25, 0.2917, 0.3333, 0.375, 0.4167, 0.4583, 0.5],
            "transform": [
                [0.987307, 0.156907, 0.024584, 0.0, -0.156907, 0.939692, 0.303906, 0.131153, 0.024584, -0.303906, 0.952385, -0.0, 0.0, 0.0, 0.0, 1.0],
                [0.95076, 0.294888, 0.09537, -0.0, -0.294888, 0.766044, 0.571155, 0.131153, 0.09537, -0.571155, 0.815283, 0.0, 0.0, 0.0, 0.0, 1.0],
                [0.996803, 0.079664, 0.006193, -0.0, -0.079664, 0.984808, 0.154298, 0.131153, 0.006193, -0.154298, 0.988005, 0.0, 0.0, 0.0, 0.0, 1.0],
                [0.987307, -0.156906, 0.024583, 0.0, 0.156906, 0.939693, -0.303904, 0.131153, 0.024584, 0.303904, 0.952385, -0.0, 0.0, 0.0, 0.0, 1.0],
                [0.992561, -0.12089, 0.014408, -0.0, 0.12089, 0.964656, -0.234146, 0.131153, 0.014408, 0.234146, 0.972095, 0.0, 0.0, 0.0, 0.0, 1.0],
                [1.0, 0.0, -0.0, 0.0, -0.0, 1.0, 1e-06, 0.131153, 0.0, -1e-06, 1.0, -0.0, 0.0, 0.0, 0.0, 1.0],
                [0.980281, 0.193883, 0.038193, 0.0, -0.193883, 0.906307, 0.375522, 0.131153, 0.038193, -0.375522, 0.926026, -0.0, 0.0, 0.0, 0.0, 1.0],
                [0.935101, 0.331339, 0.1257, -0.0, -0.331339, 0.691639, 0.641755, 0.131153, 0.1257, -0.641755, 0.756538, 0.0, 0.0, 0.0, 0.0, 1.0],
                [0.910253, 0.375798, 0.173827, 0.0, -0.375798, 0.573576, 0.727865, 0.131153, 0.173827, -0.727865, 0.663323, 0.0, 0.0, 0.0, 0.0, 1.0],
                [0.925996, 0.349267, 0.143336, 0.0, -0.349267, 0.648376, 0.676478, 0.131153, 0.143336, -0.676478, 0.72238, -0.0, 0.0, 0.0, 0.0, 1.0],
                [0.956508, 0.279278, 0.084237, -0.0, -0.279278, 0.793353, 0.540921, 0.131153, 0.084237, -0.540921, 0.836845, -0.0, 0.0, 0.0, 0.0, 1.0],
                [0.979625, 0.19692, 0.039463, -0.0, -0.19692, 0.90319, 0.381405, 0.131153, 0.039463, -0.381405, 0.923565, 0.0, 0.0, 0.0, 0.0, 1.0],
                [0.987307, 0.156907, 0.024584, 0.0, -0.156907, 0.939692, 0.303906, 0.131153, 0.024584, -0.303906, 0.952385, -0.0, 0.0, 0.0, 0.0, 1.0]
            ]
        },
        {
            "name": "Shoulder_FL",
            "time": [0.0, 0.0417, 0.0833, 0.125, 0.1667, 0.2083, 0.25, 0.2917, 0.3333, 0.375, 0.4167, 0.4583, 0.5],
            "transform": [
                [0.817589, -0.274825, -0.505984, 0.0, 0.331019, -0.494685, 0.803563, 0.222961, -0.471141, -0.824474, -0.313477, -0.0, 0.0, 0.0, 0.0, 1.0],
                [0.817589, -0.274825, -0.505984, 0.0, 0.331019, -0.494685, 0.803563, 0.222961, -0.471141, -0.824474, -0.313477, -0.0, 0.0, 0.0, 0.0, 1.0],
                [0.817589, -0.274825, -0.505984, 0.0, 0.331019, -0.494685, 0.803563, 0.222961, -0.471141, -0.824474, -0.313477, -0.0, 0.0, 0.0, 0.0, 1.0],
                [0.817589, -0.274825, -0.505984, -0.0, 0.331019, -0.494685, 0.803563, 0.222961, -0.471141, -0.824474, -0.313477, 0.0, 0.0, 0.0, 0.0, 1.0],
                [0.817589, -0.274825, -0.505984, 0.0, 0.331019, -0.494685, 0.803563, 0.222961, -0.471141, -0.824474, -0.313477, 0.0, 0.0, 0.0, 0.0, 1.0],
                [0.817589, -0.274825, -0.505984, -0.0, 0.331019, -0.494685, 0.803562, 0.222961, -0.471141, -0.824474, -0.313477, -0.0, 0.0, 0.0, 0.0, 1.0],
                [0.817589, -0.274825, -0.505984, -0.0, 0.331019, -0.494685, 0.803563, 0.222961, -0.471141, -0.824474, -0.313477, -0.0, 0.0, 0.0, 0.0, 1.0],
                [0.817589, -0.274825, -0.505984, -0.0, 0.331019, -0.494685, 0.803563, 0.222961, -0.471141, -0.824474, -0.313477, 0.0, 0.0, 0.0, 0.0, 1.0],
                [0.817589, -0.274825, -0.505984, 0.0, 0.331019, -0.494685, 0.803563, 0.222961, -0.471141, -0.824474, -0.313477, 0.0, 0.0, 0.0, 0.0, 1.0],
                [0.817589, -0.274825, -0.505984, 0.0, 0.331019, -0.494685, 0.803563, 0.222961, -0.471141, -0.824474, -0.313477, 0.0, 0.0, 0.0, 0.0, 1.0],
                [0.817589, -0.274825, -0.505984, -0.0, 0.331019, -0.494685, 0.803563, 0.222961, -0.471141, -0.824474, -0.313477, -0.0, 0.0, 0.0, 0.0, 1.0],
                [0.817589, -0.274825, -0.505984, -0.0, 0.331019, -0.494685, 0.803563, 0.222961, -0.471141, -0.824474, -0.313477, 0.0, 0.0, 0.0, 0.0, 1.0],
                [0.817589, -0.274825, -0.505984, 0.0, 0.331019, -0.494685, 0.803563, 0.222961, -0.471141, -0.824474, -0.313477, -0.0, 0.0, 0.0, 0.0, 1.0]
            ]
        },
        {
            "name": "Thigh_FL",
            "time": [0.0, 0.0417, 0.0833, 0.125, 0.1667, 0.2083, 0.25, 0.2917, 0.3333, 0.375, 0.4167, 0.4583, 0.5],
            "transform": [
                [0.565382, 0.456338, -0.687094, -0.0, -0.672869, -0.226627, -0.704193, 0.238613, -0.477064, 0.860463, 0.178925, -0.0, 0.0, 0.0, 0.0, 1.0],
                [0.617749, 0.524766, -0.585668, -0.0, -0.685288, -0.00605, -0.728247, 0.238613, -0.385703, 0.851225, 0.355878, -0.0, 0.0, 0.0, 0.0, 1.0],
                [0.67675, 0.565508, -0.471392, 0.0, -0.673827, 0.217832, -0.70605, 0.238613, -0.296592, 0.795456, 0.528473, -0.0, 0.0, 0.0, 0.0, 1.0],
                [0.73764, 0.575288, -0.353457, -0.0, -0.639408, 0.427017, -0.639385, 0.238613, -0.216898, 0.697639, 0.682828, -0.0, 0.0, 0.0, 0.0, 1.0],
                [0.83042, 0.529351, -0.173756, 0.0, -0.544369, 0.704527, -0.455307, 0.238613, -0.118601, 0.472684, 0.873215, -0.0, 0.0, 0.0, 0.0, 1.0],
                [0.897475, 0.438877, -0.04388, -0.0, -0.435581, 0.866279, -0.244602, 0.238613, -0.069338, 0.238637, 0.96863, -0.0, 0.0, 0.0, 0.0, 1.0],
                [0.92099, 0.389582, 0.001666, 0.0, -0.385132, 0.911097, -0.146889, 0.238613, -0.058743, 0.134641, 0.989152, -0.0, 0.0, 0.0, 0.0, 1.0],
                [0.92099, 0.389582, 0.001666, 0.0, -0.385132, 0.911097, -0.146889, 0.238613, -0.058743, 0.134641, 0.989152, 0.0, 0.0, 0.0, 0.0, 1.0],
                [0.92099, 0.389582, 0.001666, 0.0, -0.385132, 0.911097, -0.146889, 0.238613, -0.058743, 0.134641, 0.989152, -0.0, 0.0, 0.0, 0.0, 1.0],
                [0.877455, 0.472483, -0.082655, -0.0, -0.472677, 0.822456, -0.316452, 0.238613, -0.081538, 0.316741, 0.945001, 0.0, 0.0, 0.0, 0.0, 1.0],
                [0.749141, 0.573678, -0.331181, -0.0, -0.630487, 0.464187, -0.622106, 0.238613, -0.203159, 0.674851, 0.709439, -0.0, 0.0, 0.0, 0.0, 1.0],
                [0.614779, 0.521794, -0.591421, 0.0, -0.68522, -0.017945, -0.728115, 0.238613, -0.390539, 0.852883, 0.346511, 0.0, 0.0, 0.0, 0.0, 1.0],
                [0.565382, 0.456338, -0.687094, -0.0, -0.672869, -0.226627, -0.704193, 0.238613, -0.477064, 0.860463, 0.178925, -0.0, 0.0, 0.0, 0.0, 1.0]
            ]
        },
        {
            "name": "Leg_FL",
            "time": [0.0, 0.0417, 0.0833, 0.125, 0.1667, 0.2083, 0.25, 0.2917, 0.3333, 0.375, 0.4167, 0.4583, 0.5],
            "transform": [
                [0.878482, -0.415781, -0.235363, -0.0, 0.415781, 0.422617, 0.805308, 0.131153, -0.235363, -0.805308, 0.544136, 0.0, 0.0, 0.0, 0.0, 1.0],
                [1.0, -0.0, -0.0, 0.0, -0.0, 1.0, 1e-06, 0.131153, 0.0, -1e-06, 1.0, -0.0, 0.0, 0.0, 0.0, 1.0],
                [0.99761, 0.068936, -0.004628, -0.0, -0.068936, 0.988646, -0.133518, 0.131153, -0.004628, 0.133518, 0.991035, -0.0, 0.0, 0.0, 0.0, 1.0],
                [0.994534, 0.103875, -0.010587, -0.0, -0.103875, 0.974029, -0.201189, 0.131153, -0.010587, 0.201189, 0.979495, 0.0, 0.0, 0.0, 0.0, 1.0],
                [0.993066, 0.116791, -0.013431, 0.0, -0.116791, 0.967053, -0.226206, 0.131153, -0.013431, 0.226206, 0.973987, -0.0, 0.0, 0.0, 0.0, 1.0],
                [0.992829, 0.118737, -0.01389, 0.0, -0.118737, 0.965926, -0.229975, 0.131153, -0.01389, 0.229975, 0.973097, -0.0, 0.0, 0.0, 0.0, 1.0],
                [0.996809, 0.079588, -0.006181, -0.0, -0.079588, 0.984837, -0.154149, 0.131153, -0.006181, 0.154149, 0.988028, -0.0, 0.0, 0.0, 0.0, 1.0],
                [0.999988, -0.004954, -2.4e-05, -0.0, 0.004954, 0.999942, 0.009596, 0.131153, -2.4e-05, -0.009596, 0.999954, -0.0, 0.0, 0.0, 0.0, 1.0],
                [0.996803, -0.079664, -0.006193, 0.0, 0.079664, 0.984808, 0.154297, 0.131153, -0.006193, -0.154297, 0.988005, 0.0, 0.0, 0.0, 0.0, 1.0],
                [0.993524, -0.112928, -0.012543, 0.0, 0.112928, 0.96923, 0.218725, 0.131153, -0.012543, -0.218725, 0.975706, -0.0, 0.0, 0.0, 0.0, 1.0],
                [0.98625, -0.1631, -0.026632, -0.0, 0.1631, 0.934668, 0.315902, 0.131153, -0.026632, -0.315902, 0.948418, 0.0, 0.0, 0.0, 0.0, 1.0],
                [0.950761, -0.294888, -0.09537, 0.0, 0.294888, 0.766044, 0.571155, 0.131153, -0.095369, -0.571155, 0.815283, 0.0, 0.0, 0.0, 0.0, 1.0],
                [0.878482, -0.415781, -0.235363, -0.0, 0.415781, 0.422617, 0.805308, 0.131153, -0.235363, -0.805308, 0.544136, 0.0, 0.0, 0.0, 0.0, 1.0]
            ]
        },
        {
            "name": "Head",
            "time": [0.0, 0.0417, 0.0833, 0.125, 0.1667, 0.2083, 0.25, 0.2917, 0.3333, 0.375, 0.4167, 0.4583, 0.5],
            "transform": [
                [1.0, 0.0, 0.0, 0.0, -0.0, 0.98397, 0.178332, 0.222961, 0.0, -0.178332, 0.98397, -0.0, 0.0, 0.0, 0.0, 1.0],
                [1.0, 0.0, 0.0, 0.0, -0.0, 0.995763, 0.09195, 0.222961, 0.0, -0.09195, 0.995763, -0.0, 0.0, 0.0, 0.0, 1.0],
                [1.0, 0.0, -0.0, 0.0, -0.0, 0.999989, 0.004703, 0.222961, 0.0, -0.004703, 0.999989, -0.0, 0.0, 0.0, 0.0, 1.0],
                [1.0, 0.0, -0.0, -0.0, -0.0, 0.996598, -0.082415, 0.222961, 0.0, 0.082415, 0.996598, 0.0, 0.0, 0.0, 0.0, 1.0],
                [1.0, 0.0, -0.0, 0.0, -0.0, 0.997296, -0.073487, 0.222961, 0.0, 0.073487, 0.997296, 0.0, 0.0, 0.0, 0.0, 1.0],
                [1.0, 0.0, -0.0, -0.0, -0.0, 0.998773, -0.04951, 0.222961, 0.0, 0.04951, 0.998774, -0.0, 0.0, 0.0, 0.0, 1.0],
                [1.0, 0.0, -0.0, -0.0, -0.0, 0.999892, -0.014703, 0.222961, 0.0, 0.014703, 0.999892, -0.0, 0.0, 0.0, 0.0, 1.0],
                [1.0, 0.0, -0.0, -0.0, -0.0, 0.999645, 0.026631, 0.222961, 0.0, -0.026631, 0.999645, 0.0, 0.0, 0.0, 0.0, 1.0],
                [1.0, 0.0, 0.0, 0.0, -0.0, 0.997541, 0.070091, 0.222961, 0.0, -0.070091, 0.997541, 0.0, 0.0, 0.0, 0.0, 1.0],
                [1.0, 0.0, 0.0, 0.0, -0.0, 0.993792, 0.111256, 0.222961, 0.0, -0.111256, 0.993792, 0.0, 0.0, 0.0, 0.0, 1.0],
                [1.0, 0.0, 0.0, -0.0, -0.0, 0.989315, 0.145792, 0.222961, 0.0, -0.145792, 0.989315, -0.0, 0.0, 0.0, 0.0, 1.0],
                [1.0, 0.0, 0.0, -0.0, -0.0, 0.985528, 0.169514, 0.222961, 0.0, -0.169514, 0.985528, 0.0, 0.0, 0.0, 0.0, 1.0],
                [1.0, 0.0, 0.0, 0.0, -0.0, 0.98397, 0.178332, 0.222961, 0.0, -0.178332, 0.98397, -0.0, 0.0, 0.0, 0.0, 1.0]
            ]
        },
        {
            "name": "Ear_R",
            "time": [0.0, 0.0417, 0.0833, 0.125, 0.1667, 0.2083, 0.25, 0.2917, 0.3333, 0.375, 0.4167, 0.4583, 0.5],
            "transform": [
                [0.996195, 0.087156, 0.0, 0.078692, 0.005437, -0.062141, -0.998053, 0.073221, -0.086986, 0.994255, -0.062378, 0.089992, 0.0, 0.0, 0.0, 1.0],
                [0.994066, 0.108751, 0.002221, 0.078692, 0.008985, -0.061751, -0.998051, 0.073221, -0.108402, 0.992149, -0.062362, 0.089992, 0.0, 0.0, 0.0, 1.0],
                [0.991465, 0.1303, 0.004441, 0.078692, 0.012525, -0.061284, -0.998042, 0.073221, -0.129773, 0.989579, -0.062393, 0.089992, 0.0, 0.0, 0.0, 1.0],
                [0.988391, 0.151787, 0.006661, 0.078692, 0.016054, -0.06074, -0.998025, 0.073221, -0.151082, 0.986545, -0.062472, 0.089992, 0.0, 0.0, 0.0, 1.0],
                [0.984847, 0.173196, 0.008878, 0.078692, 0.019569, -0.060121, -0.997999, 0.073221, -0.172316, 0.983051, -0.062599, 0.089992, 0.0, 0.0, 0.0, 1.0],
                [0.986678, 0.162502, 0.00777, 0.078692, 0.017813, -0.06044, -0.998013, 0.073221, -0.16171, 0.984855, -0.062529, 0.089992, 0.0, 0.0, 0.0, 1.0],
                [0.988391, 0.151787, 0.006661, 0.078692, 0.016054, -0.06074, -0.998024, 0.073221, -0.151082, 0.986545, -0.062472, 0.089992, 0.0, 0.0, 0.0, 1.0],
                [0.989987, 0.141052, 0.005551, 0.078692, 0.014291, -0.061022, -0.998034, 0.073221, -0.140436, 0.98812, -0.062427, 0.089992, 0.0, 0.0, 0.0, 1.0],
                [0.991465, 0.1303, 0.004441, 0.078692, 0.012525, -0.061284, -0.998042, 0.073221, -0.129773, 0.989579, -0.062393, 0.089992, 0.0, 0.0, 0.0, 1.0],
                [0.992825, 0.119532, 0.003331, 0.078692, 0.010756, -0.061527, -0.998048, 0.073221, -0.119094, 0.990922, -0.062371, 0.089992, 0.0, 0.0, 0.0, 1.0],
                [0.994066, 0.108751, 0.002221, 0.078692, 0.008985, -0.061751, -0.998051, 0.073221, -0.108402, 0.992149, -0.062362, 0.089992, 0.0, 0.0, 0.0, 1.0],
                [0.99519, 0.097958, 0.00111, 0.078692, 0.007212, -0.061956, -0.998053, 0.073221, -0.097699, 0.99326, -0.062364, 0.089992, 0.0, 0.0, 0.0, 1.0],
                [0.996195, 0.087156, 0.0, 0.078692, 0.005437, -0.062141, -0.998053, 0.073221, -0.086986, 0.994255, -0.062378, 0.089992, 0.0, 0.0, 0.0, 1.0]
            ]
        },
        {
            "name": "Ear_L",
            "time": [0.0, 0.0417, 0.0833, 0.125, 0.1667, 0.2083, 0.25, 0.2917, 0.3333, 0.375, 0.4167, 0.4583, 0.5],
            "transform": [
                [0.996195, -0.087156, 0.0, -0.078692, -0.005436, -0.062141, -0.998052, 0.073221, 0.086986, 0.994254, -0.062378, 0.089992, 0.0, 0.0, 0.0, 1.0],
                [0.994066, -0.108752, -0.002219, -0.078692, -0.008993, -0.061831, -0.998046, 0.073221, 0.108402, 0.992144, -0.062442, 0.089992, 0.0, 0.0, 0.0, 1.0],
                [0.991465, -0.130301, -0.004437, -0.078692, -0.012542, -0.061445, -0.998032, 0.073221, 0.129772, 0.989569, -0.062554, 0.089992, 0.0, 0.0, 0.0, 1.0],
                [0.988391, -0.151788, -0.006653, -0.078692, -0.016082, -0.060981, -0.998009, 0.073221, 0.15108, 0.98653, -0.062714, 0.089992, 0.0, 0.0, 0.0, 1.0],
                [0.984847, -0.173198, -0.008863, -0.078692, -0.019611, -0.060441, -0.997979, 0.073221, 0.172312, 0.98303, -0.062921, 0.089992, 0.0, 0.0, 0.0, 1.0],
                [0.986677, -0.162504, -0.007759, -0.078692, -0.017848, -0.060721, -0.997995, 0.073221, 0.161707, 0.984838, -0.062812, 0.089992, 0.0, 0.0, 0.0, 1.0],
                [0.988391, -0.151788, -0.006653, -0.078692, -0.016082, -0.060981, -0.998009, 0.073221, 0.15108, 0.98653, -0.062714, 0.089992, 0.0, 0.0, 0.0, 1.0],
                [0.989986, -0.141053, -0.005545, -0.078692, -0.014313, -0.061223, -0.998021, 0.073221, 0.140435, 0.988107, -0.062628, 0.089992, 0.0, 0.0, 0.0, 1.0],
                [0.991465, -0.130301, -0.004437, -0.078692, -0.012542, -0.061445, -0.998032, 0.073221, 0.129772, 0.989569, -0.062554, 0.089992, 0.0, 0.0, 0.0, 1.0],
                [0.992825, -0.119533, -0.003329, -0.078692, -0.010768, -0.061648, -0.99804, 0.073221, 0.119094, 0.990914, -0.062492, 0.089992, 0.0, 0.0, 0.0, 1.0],
                [0.994066, -0.108752, -0.002219, -0.078692, -0.008993, -0.061831, -0.998046, 0.073221, 0.108402, 0.992144, -0.062442, 0.089992, 0.0, 0.0, 0.0, 1.0],
                [0.99519, -0.097959, -0.00111, -0.078692, -0.007215, -0.061996, -0.99805, 0.073221, 0.097699, 0.993257, -0.062404, 0.089992, 0.0, 0.0, 0.0, 1.0],
                [0.996195, -0.087156, 0.0, -0.078692, -0.005436, -0.062141, -0.998052, 0.073221, 0.086986, 0.994254, -0.062378, 0.089992, 0.0, 0.0, 0.0, 1.0]
            ]
        },
        {
            "name": "Snout",
            "time": [0.0, 0.0417, 0.0833, 0.125, 0.1667, 0.2083, 0.25, 0.2917, 0.3333, 0.375, 0.4167, 0.4583, 0.5],
            "transform": [
                [1.0, -0.0, 0.0, 0.0, 0.0, 0.998053, -0.062378, 0.210255, 0.0, 0.062378, 0.998053, -0.0, 0.0, 0.0, 0.0, 1.0],
                [1.0, -0.0, 0.0, -0.0, 0.0, 0.998053, -0.062378, 0.210255, 0.0, 0.062378, 0.998053, 0.0, 0.0, 0.0, 0.0, 1.0],
                [1.0, -0.0, 0.0, 0.0, 0.0, 0.998053, -0.062378, 0.210255, 0.0, 0.062378, 0.998053, -0.0, 0.0, 0.0, 0.0, 1.0],
                [1.0, -0.0, 0.0, -0.0, 0.0, 0.998053, -0.062378, 0.210255, 0.0, 0.062378, 0.998053, -0.0, 0.0, 0.0, 0.0, 1.0],
                [1.0, -0.0, 0.0, -0.0, 0.0, 0.998053, -0.062378, 0.210255, 0.0, 0.062378, 0.998053, 0.0, 0.0, 0.0, 0.0, 1.0],
                [1.0, -0.0, 0.0, -0.0, 0.0, 0.998053, -0.062378, 0.210255, 0.0, 0.062378, 0.998053, 0.0, 0.0, 0.0, 0.0, 1.0],
                [1.0, -0.0, 0.0, 0.0, 0.0, 0.998053, -0.062378, 0.210255, 0.0, 0.062378, 0.998053, -0.0, 0.0, 0.0, 0.0, 1.0],
                [1.0, -0.0, 0.0, 0.0, 0.0, 0.998053, -0.062378, 0.210255, 0.0, 0.062378, 0.998053, -0.0, 0.0, 0.0, 0.0, 1.0],
                [1.0, -0.0, 0.0, 0.0, 0.0, 0.998053, -0.062378, 0.210255, 0.0, 0.062378, 0.998053, -0.0, 0.0, 0.0, 0.0, 1.0],
                [1.0, -0.0, 0.0, -0.0, 0.0, 0.998053, -0.062378, 0.210255, 0.0, 0.062378, 0.998053, 0.0, 0.0, 0.0, 0.0, 1.0],
                [1.0, -0.0, 0.0, -0.0, 0.0, 0.998053, -0.062378, 0.210255, 0.0, 0.062378, 0.998053, -0.0, 0.0, 0.0, 0.0, 1.0],
                [1.0, -0.0, 0.0, 0.0, 0.0, 0.998053, -0.062378, 0.210255, 0.0, 0.062378, 0.998053, 0.0, 0.0, 0.0, 0.0, 1.0],
                [1.0, -0.0, 0.0, 0.0, 0.0, 0.998053, -0.062378, 0.210255, 0.0, 0.062378, 0.998053, -0.0, 0.0, 0.0, 0.0, 1.0]
            ]
        },
        {
            "name": "Jaw",
            "time": [0.0, 0.0417, 0.0833, 0.125, 0.1667, 0.2083, 0.25, 0.2917, 0.3333, 0.375, 0.4167, 0.4583, 0.5],
            "transform": [
                [1.0, 0.0, 0.0, 0.0, -0.0, 0.855648, 0.517558, 0.210255, 0.0, -0.517558, 0.855648, -0.0, 0.0, 0.0, 0.0, 1.0],
                [1.0, 0.000137, 1.4e-05, -0.0, -0.000122, 0.83227, 0.554371, 0.210255, 6.4e-05, -0.554371, 0.83227, 0.0, 0.0, 0.0, 0.0, 1.0],
                [1.0, 0.000274, 3.4e-05, 0.0, -0.000241, 0.807284, 0.590163, 0.210255, 0.000134, -0.590163, 0.807284, -0.0, 0.0, 0.0, 0.0, 1.0],
                [1.0, 0.000409, 6.1e-05, -0.0, -0.000357, 0.78076, 0.62483, 0.210255, 0.000209, -0.62483, 0.78076, -0.0, 0.0, 0.0, 0.0, 1.0],
                [1.0, 0.000543, 9.2e-05, -0.0, -0.00047, 0.752776, 0.658276, 0.210255, 0.000288, -0.658276, 0.752776, 0.0, 0.0, 0.0, 0.0, 1.0],
                [1.0, 0.000477, 7.6e-05, -0.0, -0.000414, 0.766946, 0.641712, 0.210255, 0.000248, -0.641712, 0.766946, 0.0, 0.0, 0.0, 0.0, 1.0],
                [1.0, 0.000409, 6.1e-05, 0.0, -0.000357, 0.78076, 0.62483, 0.210255, 0.000209, -0.62483, 0.780761, -0.0, 0.0, 0.0, 0.0, 1.0],
                [1.0, 0.000342, 4.7e-05, 0.0, -0.0003, 0.79421, 0.607643, 0.210255, 0.000171, -0.607643, 0.79421, -0.0, 0.0, 0.0, 0.0, 1.0],
                [1.0, 0.000274, 3.4e-05, 0.0, -0.000241, 0.807284, 0.590163, 0.210255, 0.000134, -0.590163, 0.807284, -0.0, 0.0, 0.0, 0.0, 1.0],
                [1.0, 0.000206, 2.4e-05, -0.0, -0.000182, 0.819974, 0.572401, 0.210255, 9.8e-05, -0.572401, 0.819974, 0.0, 0.0, 0.0, 0.0, 1.0],
                [1.0, 0.000137, 1.4e-05, -0.0, -0.000122, 0.83227, 0.554371, 0.210255, 6.4e-05, -0.554371, 0.83227, -0.0, 0.0, 0.0, 0.0, 1.0],
                [1.0, 6.9e-05, 6e-06, 0.0, -6.1e-05, 0.844164, 0.536085, 0.210255, 3.1e-05, -0.536085, 0.844164, 0.0, 0.0, 0.0, 0.0, 1.0],
                [1.0, 0.0, 0.0, 0.0, -0.0, 0.855648, 0.517558, 0.210255, 0.0, -0.517558, 0.855648, -0.0, 0.0, 0.0, 0.0, 1.0]
            ]
        },
        {
            "name": "Eye_L",
            "time": [0.0, 0.5],
            "transform": [
                [1.0, 0.0, 0.0, -0.0578, 0.0, 0.998053, -0.062378, 0.225966, -0.0, 0.062378, 0.998053, 0.049939, 0.0, 0.0, 0.0, 1.0],
                [1.0, 0.0, 0.0, -0.0578, 0.0, 0.998053, -0.062378, 0.225966, -0.0, 0.062378, 0.998053, 0.049939, 0.0, 0.0, 0.0, 1.0]
            ]
        },
        {
            "name": "Eye_R",
            "time": [0.0, 0.5],
            "transform": [
                [1.0, 0.0, 0.0, 0.0578, 0.0, 0.998053, -0.062378, 0.225966, -0.0, 0.062378, 0.998053, 0.049939, 0.0, 0.0, 0.0, 1.0],
                [1.0, 0.0, 0.0, 0.0578, 0.0, 0.998053, -0.062378, 0.225966, -0.0, 0.062378, 0.998053, 0.049939, 0.0, 0.0, 0.0, 1.0]
            ]
        },
        {
            "name": "Shoulder_RR",
            "time": [0.0, 0.0417, 0.0833, 0.125, 0.1667, 0.2083, 0.25, 0.2917, 0.3333, 0.375, 0.4167, 0.4583, 0.5],
            "transform": [
                [0.949501, 0.313751, -0.002858, 0.0, 0.044259, -0.124912, 0.99118, 0.086063, 0.310627, -0.941253, -0.13249, 0.0, 0.0, 0.0, 0.0, 1.0],
                [0.949501, 0.313751, -0.002858, -0.0, 0.044259, -0.124912, 0.99118, 0.086063, 0.310627, -0.941253, -0.13249, -0.0, 0.0, 0.0, 0.0, 1.0],
                [0.949501, 0.313751, -0.002858, 0.0, 0.044259, -0.124911, 0.99118, 0.086063, 0.310627, -0.941253, -0.13249, 0.0, 0.0, 0.0, 0.0, 1.0],
                [0.949501, 0.313751, -0.002858, -0.0, 0.044259, -0.124912, 0.99118, 0.086063, 0.310627, -0.941253, -0.13249, -0.0, 0.0, 0.0, 0.0, 1.0],
                [0.949501, 0.313751, -0.002858, -0.0, 0.044259, -0.124911, 0.99118, 0.086063, 0.310627, -0.941253, -0.13249, -0.0, 0.0, 0.0, 0.0, 1.0],
                [0.949501, 0.313751, -0.002858, 0.0, 0.044259, -0.124912, 0.99118, 0.086063, 0.310627, -0.941253, -0.13249, -0.0, 0.0, 0.0, 0.0, 1.0],
                [0.949501, 0.313751, -0.002858, -0.0, 0.044259, -0.124912, 0.99118, 0.086063, 0.310627, -0.941253, -0.13249, -0.0, 0.0, 0.0, 0.0, 1.0],
                [0.949501, 0.313751, -0.002858, 0.0, 0.044259, -0.124912, 0.99118, 0.086063, 0.310627, -0.941253, -0.13249, 0.0, 0.0, 0.0, 0.0, 1.0],
                [0.949501, 0.313751, -0.002858, 0.0, 0.044259, -0.124912, 0.99118, 0.086063, 0.310627, -0.941253, -0.13249, -0.0, 0.0, 0.0, 0.0, 1.0],
                [0.949501, 0.313751, -0.002858, -0.0, 0.044259, -0.124912, 0.99118, 0.086063, 0.310627, -0.941253, -0.13249, -0.0, 0.0, 0.0, 0.0, 1.0],
                [0.949501, 0.313751, -0.002858, -0.0, 0.044259, -0.124912, 0.99118, 0.086063, 0.310627, -0.941253, -0.13249, -0.0, 0.0, 0.0, 0.0, 1.0],
                [0.949501, 0.313751, -0.002858, 0.0, 0.044259, -0.124912, 0.99118, 0.086063, 0.310627, -0.941253, -0.13249, -0.0, 0.0, 0.0, 0.0, 1.0],
                [0.949501, 0.313751, -0.002858, 0.0, 0.044259, -0.124912, 0.99118, 0.086063, 0.310627, -0.941253, -0.13249, 0.0, 0.0, 0.0, 0.0, 1.0]
            ]
        },
        {
            "name": "Thigh_RR",
            "time": [0.0, 0.0417, 0.0833, 0.125, 0.1667, 0.2083, 0.25, 0.2917, 0.3333, 0.375, 0.4167, 0.4583, 0.5],
            "transform": [
                [0.944136, -0.233571, -0.232489, -0.0, 0.329211, 0.700713, 0.632946, 0.209009, 0.01507, -0.674125, 0.738463, -0.0, 0.0, 0.0, 0.0, 1.0],
                [0.946076, -0.28576, -0.15258, -0.0, 0.323377, 0.86096, 0.392653, 0.209009, 0.01916, -0.42082, 0.906942, 0.0, 0.0, 0.0, 0.0, 1.0],
                [0.948308, -0.311498, -0.06068, 0.0, 0.316643, 0.94151, 0.115308, 0.209009, 0.021213, -0.128561, 0.991475, 0.0, 0.0, 0.0, 0.0, 1.0],
                [0.952809, -0.276756, 0.124741, 0.0, 0.302996, 0.841766, -0.446792, 0.209009, 0.01865, 0.463503, 0.885899, -0.0, 0.0, 0.0, 0.0, 1.0],
                [0.953768, -0.251709, 0.164224, -0.0, 0.300078, 0.767119, -0.566994, 0.209009, 0.016739, 0.590061, 0.807185, 0.0, 0.0, 0.0, 0.0, 1.0],
                [0.953921, -0.246881, 0.17054, 0.0, 0.29961, 0.752693, -0.586248, 0.209009, 0.016369, 0.61033, 0.791978, 0.0, 0.0, 0.0, 0.0, 1.0],
                [0.953499, -0.259597, 0.153133, 0.0, 0.300898, 0.790667, -0.533204, 0.209009, 0.017341, 0.554486, 0.832012, 0.0, 0.0, 0.0, 0.0, 1.0],
                [0.952202, -0.288724, 0.099746, 0.0, 0.304841, 0.877254, -0.370807, 0.209009, 0.019559, 0.38349, 0.923338, 0.0, 0.0, 0.0, 0.0, 1.0],
                [0.950144, -0.311455, 0.014942, -0.0, 0.311087, 0.943576, -0.113527, 0.209009, 0.02126, 0.112515, 0.993423, -0.0, 0.0, 0.0, 0.0, 1.0],
                [0.947782, -0.308105, -0.082353, -0.0, 0.318233, 0.930614, 0.180791, 0.209009, 0.020936, -0.197558, 0.980068, 0.0, 0.0, 0.0, 0.0, 1.0],
                [0.945786, -0.280024, -0.164548, 0.0, 0.324252, 0.843252, 0.428703, 0.209009, 0.018709, -0.458816, 0.888334, 0.0, 0.0, 0.0, 0.0, 1.0],
                [0.944552, -0.247872, -0.215362, 0.0, 0.327962, 0.744486, 0.581534, 0.209009, 0.016188, -0.61992, 0.784499, -0.0, 0.0, 0.0, 0.0, 1.0],
                [0.944136, -0.233571, -0.232489, -0.0, 0.329211, 0.700713, 0.632946, 0.209009, 0.01507, -0.674125, 0.738463, -0.0, 0.0, 0.0, 0.0, 1.0]
            ]
        },
        {
            "name": "Leg_RR",
            "time": [0.0, 0.0417, 0.0833, 0.125, 0.1667, 0.2083, 0.25, 0.2917, 0.3333, 0.375, 0.4167, 0.4583, 0.5],
            "transform": [
                [0.999921, -0.012136, -0.003251, -0.0, 0.012136, 0.866025, 0.499853, 0.131153, -0.003251, -0.499853, 0.866104, 0.0, 0.0, 0.0, 0.0, 1.0],
                [0.999828, -0.017162, -0.007107, -0.0, 0.017162, 0.707107, 0.706898, 0.131153, -0.007107, -0.706898, 0.70728, -0.0, 0.0, 0.0, 0.0, 1.0],
                [0.999705, -0.02102, -0.012132, 0.0, 0.02102, 0.5, 0.86577, 0.131153, -0.012132, -0.86577, 0.500295, 0.0, 0.0, 0.0, 0.0, 1.0],
                [0.999513, -0.023903, -0.020051, -0.0, 0.023903, 0.173648, 0.984518, 0.131153, -0.020051, -0.984518, 0.174135, 0.0, 0.0, 0.0, 0.0, 1.0],
                [0.999828, -0.017162, -0.007107, 0.0, 0.017163, 0.707107, 0.706898, 0.131153, -0.007107, -0.706898, 0.70728, 0.0, 0.0, 0.0, 0.0, 1.0],
                [0.999991, -0.004215, -0.000369, -0.0, 0.004215, 0.984808, 0.173597, 0.131153, -0.000368, -0.173597, 0.984817, -0.0, 0.0, 0.0, 0.0, 1.0],
                [0.999989, -0.004674, -0.000454, 0.0, 0.004674, 0.981282, 0.192519, 0.131153, -0.000454, -0.192519, 0.981293, 0.0, 0.0, 0.0, 0.0, 1.0],
                [0.999983, -0.005853, -0.000716, 0.0, 0.005853, 0.970484, 0.241093, 0.131153, -0.000716, -0.241093, 0.970502, 0.0, 0.0, 0.0, 0.0, 1.0],
                [0.999972, -0.007446, -0.00117, -0.0, 0.007446, 0.951774, 0.30671, 0.131153, -0.00117, -0.30671, 0.951802, -0.0, 0.0, 0.0, 0.0, 1.0],
                [0.999957, -0.009145, -0.001788, -0.0, 0.009145, 0.926309, 0.376654, 0.131153, -0.001788, -0.376654, 0.926352, 0.0, 0.0, 0.0, 0.0, 1.0],
                [0.99994, -0.010657, -0.002464, 0.0, 0.010657, 0.898452, 0.438943, 0.131153, -0.002464, -0.438943, 0.898511, 0.0, 0.0, 0.0, 0.0, 1.0],
                [0.999927, -0.011729, -0.003021, 0.0, 0.011729, 0.875491, 0.483092, 0.131153, -0.003021, -0.483092, 0.875565, 0.0, 0.0, 0.0, 0.0, 1.0],
                [0.999921, -0.012136, -0.003251, -0.0, 0.012136, 0.866025, 0.499853, 0.131153, -0.003251, -0.499853, 0.866104, 0.0, 0.0, 0.0, 0.0, 1.0]
            ]
        },
        {
            "name": "Shoulder_RL",
            "time": [0.0, 0.0417, 0.0833, 0.125, 0.1667, 0.2083, 0.25, 0.2917, 0.3333, 0.375, 0.4167, 0.4583, 0.5],
            "transform": [
                [0.86897, -0.313751, -0.38269, 0.0, 0.361765, -0.124912, 0.923863, 0.086063, -0.337665, -0.941253, 0.00496, 0.0, 0.0, 0.0, 0.0, 1.0],
                [0.86897, -0.313751, -0.38269, -0.0, 0.361765, -0.124911, 0.923863, 0.086063, -0.337665, -0.941253, 0.00496, -0.0, 0.0, 0.0, 0.0, 1.0],
                [0.86897, -0.313751, -0.38269, 0.0, 0.361765, -0.124912, 0.923863, 0.086063, -0.337665, -0.941253, 0.00496, 0.0, 0.0, 0.0, 0.0, 1.0],
                [0.86897, -0.313751, -0.38269, -0.0, 0.361765, -0.124912, 0.923863, 0.086063, -0.337665, -0.941253, 0.00496, -0.0, 0.0, 0.0, 0.0, 1.0],
                [0.86897, -0.313751, -0.38269, -0.0, 0.361765, -0.124911, 0.923863, 0.086063, -0.337665, -0.941253, 0.00496, -0.0, 0.0, 0.0, 0.0, 1.0],
                [0.86897, -0.313751, -0.38269, 0.0, 0.361765, -0.124912, 0.923863, 0.086063, -0.337665, -0.941253, 0.00496, -0.0, 0.0, 0.0, 0.0, 1.0],
                [0.86897, -0.313751, -0.38269, -0.0, 0.361765, -0.124912, 0.923863, 0.086063, -0.337665, -0.941253, 0.00496, -0.0, 0.0, 0.0, 0.0, 1.0],
                [0.86897, -0.313751, -0.38269, 0.0, 0.361765, -0.124912, 0.923863, 0.086063, -0.337665, -0.941253, 0.00496, 0.0, 0.0, 0.0, 0.0, 1.0],
                [0.86897, -0.313751, -0.38269, 0.0, 0.361765, -0.124911, 0.923863, 0.086063, -0.337665, -0.941253, 0.00496, -0.0, 0.0, 0.0, 0.0, 1.0],
