{
    "animation": [
        {
            "name": "Root",
            "time": [0.0, 0.0417, 0.0833, 0.125, 0.1667, 0.2083, 0.25, 0.2917, 0.3333, 0.375, 0.4167, 0.4583, 0.5, 0.5417, 0.5833, 0.625, 0.6667, 0.7083, 0.75, 0.7917, 0.8333, 0.875, 0.9167, 0.9583, 1.0, 1.0417, 1.0833, 1.125, 1.1667, 1.2083, 1.25, 1.2917, 1.3333, 1.375, 1.4167, 1.4583, 1.5, 1.5417, 1.5833, 1.625, 1.6667, 1.7083, 1.75, 1.7917, 1.8333, 1.875, 1.9167, 1.9583, 2.0, 2.0417, 2.0833, 2.125, 2.1667, 2.2083, 2.25, 2.2917, 2.3333, 2.375, 2.4167, 2.4583, 2.5, 2.5417, 2.5833, 2.625, 2.6667, 2.7083, 2.75, 2.7917, 2.8333, 2.875, 2.9167, 2.9583, 3.0, 3.0417, 3.0833, 3.125, 3.1667, 3.2083, 3.25, 3.2917, 3.3333, 3.375, 3.4167, 3.4583, 3.5, 3.5417, 3.5833, 3.625, 3.6667, 3.7083, 3.75, 3.7917, 3.8333, 3.875, 3.9167, 3.9583, 4.0, 4.0417, 4.0833, 4.125, 4.1667, 4.2083, 4.25, 4.2917, 4.3333, 4.375, 4.4167, 4.4583, 4.5, 4.5417, 4.5833, 4.625, 4.6667, 4.7083, 4.75, 4.7917, 4.8333, 4.875, 4.9167, 4.9583, 5.0, 5.0417, 5.0833, 5.125, 5.1667, 5.2083, 5.25, 5.2917, 5.3333, 5.375, 5.4167, 5.4583, 5.5, 5.5417, 5.5833, 5.625, 5.6667, 5.7083, 5.75, 5.7917, 5.8333, 5.875, 5.9167, 5.9583, 6.0, 6.0417, 6.0833, 6.125, 6.1667, 6.2083, 6.25, 6.2917, 6.3333, 6.375, 6.4167, 6.4583, 7.25],
            "transform": [
                [0.173648, 0.0, 0.984808, -0.0, 0.0, 1.0, 0.0, -0.315062, -0.984808, 0.0, 0.173648, 0.1, 0.0, 0.0, 0.0, 1.0],
                [0.173648, 0.0, 0.984808, -0.0, 0.0, 1.0, 0.0, -0.315062, -0.984808, 0.0, 0.173648, 0.1, 0.0, 0.0, 0.0, 1.0],
                [0.173648, 0.0, 0.984808, -0.0, 0.0, 1.0, 0.0, -0.315062, -0.984808, 0.0, 0.173648, 0.1, 0.0, 0.0, 0.0, 1.0],
                [0.173648, 0.0, 0.984808, -0.0, 0.0, 1.0, 0.0, -0.315062, -0.984808, 0.0, 0.173648, 0.1, 0.0, 0.0, 0.0, 1.0],
                [0.173648, 0.0, 0.984808, -0.0, 0.0, 1.0, 0.0, -0.315062, -0.984808, 0.0, 0.173648, 0.1, 0.0, 0.0, 0.0, 1.0],
                [0.173648, 0.0, 0.984808, -0.0, 0.0, 1.0, 0.0, -0.315062, -0.984808, 0.0, 0.173648, 0.1, 0.0, 0.0, 0.0, 1.0],
                [0.173648, 0.0, 0.984808, -0.0, 0.0, 1.0, 0.0, -0.315062, -0.984808, 0.0, 0.173648, 0.1, 0.0, 0.0, 0.0, 1.0],
                [0.173648, 0.0, 0.984808, -0.0, 0.0, 1.0, 0.0, -0.315062, -0.984808, 0.0, 0.173648, 0.1, 0.0, 0.0, 0.0, 1.0],
                [0.173648, 0.0, 0.984808, -0.0, 0.0, 1.0, 0.0, -0.315062, -0.984808, 0.0, 0.173648, 0.1, 0.0, 0.0, 0.0, 1.0],
                [0.173648, 0.0, 0.984808, -0.0, 0.0, 1.0, 0.0, -0.315062, -0.984808, 0.0, 0.173648, 0.1, 0.0, 0.0, 0.0, 1.0],
                [0.173648, 0.0, 0.984808, -0.0, 0.0, 1.0, 0.0, -0.315062, -0.984808, 0.0, 0.173648, 0.1, 0.0, 0.0, 0.0, 1.0],
                [0.173648, 0.0, 0.984808, -0.0, 0.0, 1.0, 0.0, -0.315062, -0.984808, 0.0, 0.173648, 0.1, 0.0, 0.0, 0.0, 1.0],
                [0.173648, 0.0, 0.984808, -0.0, 0.0, 1.0, 0.0, -0.315062, -0.984808, 0.0, 0.173648, 0.1, 0.0, 0.0, 0.0, 1.0],
                [0.173648, 0.0, 0.984808, -0.0, 0.0, 1.0, 0.0, -0.315062, -0.984808, 0.0, 0.173648, 0.1, 0.0, 0.0, 0.0, 1.0],
                [0.173648, 0.0, 0.984808, -0.0, 0.0, 1.0, 0.0, -0.315062, -0.984808, 0.0, 0.173648, 0.1, 0.0, 0.0, 0.0, 1.0],
                [0.173648, 0.0, 0.984808, -0.0, 0.0, 1.0, 0.0, -0.315062, -0.984808, 0.0, 0.173648, 0.1, 0.0, 0.0, 0.0, 1.0],
                [0.173648, 0.0, 0.984808, -0.0, 0.0, 1.0, 0.0, -0.315062, -0.984808, 0.0, 0.173648, 0.1, 0.0, 0.0, 0.0, 1.0],
                [0.173648, 0.0, 0.984808, -0.0, 0.0, 1.0, 0.0, -0.315062, -0.984808, 0.0, 0.173648, 0.1, 0.0, 0.0, 0.0, 1.0],
                [0.173648, 0.0, 0.984808, -0.0, 0.0, 1.0, 0.0, -0.315062, -0.984808, 0.0, 0.173648, 0.1, 0.0, 0.0, 0.0, 1.0],
                [0.173648, 0.0, 0.984808, -0.0, 0.0, 1.0, 0.0, -0.315062, -0.984808, 0.0, 0.173648, 0.1, 0.0, 0.0, 0.0, 1.0],
                [0.173648, 0.0, 0.984808, -0.0, 0.0, 1.0, 0.0, -0.315062, -0.984808, 0.0, 0.173648, 0.1, 0.0, 0.0, 0.0, 1.0],
                [0.173648, 0.0, 0.984808, -0.0, 0.0, 1.0, 0.0, -0.315062, -0.984808, 0.0, 0.173648, 0.1, 0.0, 0.0, 0.0, 1.0],
                [0.173648, 0.0, 0.984808, -0.0, 0.0, 1.0, 0.0, -0.315062, -0.984808, 0.0, 0.173648, 0.1, 0.0, 0.0, 0.0, 1.0],
                [0.173648, 0.0, 0.984808, -0.0, 0.0, 1.0, 0.0, -0.315062, -0.984808, 0.0, 0.173648, 0.1, 0.0, 0.0, 0.0, 1.0],
                [0.173648, 0.0, 0.984808, -0.0, 0.0, 1.0, 0.0, -0.315062, -0.984808, 0.0, 0.173648, 0.1, 0.0, 0.0, 0.0, 1.0],
                [0.173648, 0.0, 0.984808, -0.0, 0.0, 1.0, 0.0, -0.315062, -0.984808, 0.0, 0.173648, 0.1, 0.0, 0.0, 0.0, 1.0],
                [0.173648, 0.0, 0.984808, -0.0, 0.0, 1.0, 0.0, -0.315062, -0.984808, 0.0, 0.173648, 0.1, 0.0, 0.0, 0.0, 1.0],
                [0.173648, 0.0, 0.984808, -0.0, 0.0, 1.0, 0.0, -0.315062, -0.984808, 0.0, 0.173648, 0.1, 0.0, 0.0, 0.0, 1.0],
                [0.173648, 0.0, 0.984808, -0.0, 0.0, 1.0, 0.0, -0.315062, -0.984808, 0.0, 0.173648, 0.1, 0.0, 0.0, 0.0, 1.0],
                [0.173648, 0.0, 0.984808, -0.0, 0.0, 1.0, 0.0, -0.315062, -0.984808, 0.0, 0.173648, 0.1, 0.0, 0.0, 0.0, 1.0],
                [0.173648, 0.0, 0.984808, -0.0, 0.0, 1.0, 0.0, -0.315062, -0.984808, 0.0, 0.173648, 0.1, 0.0, 0.0, 0.0, 1.0],
                [0.173648, 0.0, 0.984808, -0.0, 0.0, 1.0, 0.0, -0.315062, -0.984808, 0.0, 0.173648, 0.1, 0.0, 0.0, 0.0, 1.0],
                [0.173648, 0.0, 0.984808, -0.0, 0.0, 1.0, 0.0, -0.315062, -0.984808, 0.0, 0.173648, 0.1, 0.0, 0.0, 0.0, 1.0],
                [0.173648, 0.0, 0.984808, -0.0, 0.0, 1.0, 0.0, -0.315062, -0.984808, 0.0, 0.173648, 0.1, 0.0, 0.0, 0.0, 1.0],
                [0.173648, 0.0, 0.984808, -0.0, 0.0, 1.0, 0.0, -0.315062, -0.984808, 0.0, 0.173648, 0.1, 0.0, 0.0, 0.0, 1.0],
                [0.173648, 0.0, 0.984808, -0.0, 0.0, 1.0, 0.0, -0.315062, -0.984808, 0.0, 0.173648, 0.1, 0.0, 0.0, 0.0, 1.0],
                [0.173648, 0.0, 0.984808, -0.0, 0.0, 1.0, 0.0, -0.315062, -0.984808, 0.0, 0.173648, 0.1, 0.0, 0.0, 0.0, 1.0],
                [0.173648, 0.0, 0.984808, -0.0, 0.0, 1.0, 0.0, -0.315062, -0.984808, 0.0, 0.173648, 0.1, 0.0, 0.0, 0.0, 1.0],
                [0.173648, 0.0, 0.984808, -0.0, 0.0, 1.0, 0.0, -0.315062, -0.984808, 0.0, 0.173648, 0.1, 0.0, 0.0, 0.0, 1.0],
                [0.173648, 0.0, 0.984808, -0.0, 0.0, 1.0, 0.0, -0.315062, -0.984808, 0.0, 0.173648, 0.1, 0.0, 0.0, 0.0, 1.0],
                [0.173648, 0.0, 0.984808, -0.0, 0.0, 1.0, 0.0, -0.315062, -0.984808, 0.0, 0.173648, 0.1, 0.0, 0.0, 0.0, 1.0],
                [0.173648, 0.0, 0.984808, -0.0, 0.0, 1.0, 0.0, -0.315062, -0.984808, 0.0, 0.173648, 0.1, 0.0, 0.0, 0.0, 1.0],
                [0.173648, 0.0, 0.984808, -0.0, 0.0, 1.0, 0.0, -0.315062, -0.984808, 0.0, 0.173648, 0.1, 0.0, 0.0, 0.0, 1.0],
                [0.173648, 0.0, 0.984808, -0.0, 0.0, 1.0, 0.0, -0.315062, -0.984808, 0.0, 0.173648, 0.1, 0.0, 0.0, 0.0, 1.0],
                [0.173648, 0.0, 0.984808, -0.0, 0.0, 1.0, 0.0, -0.315062, -0.984808, 0.0, 0.173648, 0.1, 0.0, 0.0, 0.0, 1.0],
                [0.173648, 0.0, 0.984808, -0.0, 0.0, 1.0, 0.0, -0.315062, -0.984808, 0.0, 0.173648, 0.1, 0.0, 0.0, 0.0, 1.0],
                [0.173648, 0.0, 0.984808, -0.0, 0.0, 1.0, 0.0, -0.315062, -0.984808, 0.0, 0.173648, 0.1, 0.0, 0.0, 0.0, 1.0],
                [0.173648, 0.0, 0.984808, -0.0, 0.0, 1.0, 0.0, -0.315062, -0.984808, 0.0, 0.173648, 0.1, 0.0, 0.0, 0.0, 1.0],
                [0.173648, 0.0, 0.984808, -0.0, 0.0, 1.0, 0.0, -0.315062, -0.984808, 0.0, 0.173648, 0.1, 0.0, 0.0, 0.0, 1.0],
                [0.173648, 0.0, 0.984808, -0.0, 0.0, 1.0, 0.0, -0.315062, -0.984808, 0.0, 0.173648, 0.1, 0.0, 0.0, 0.0, 1.0],
                [0.173648, 0.0, 0.984808, -0.0, 0.0, 1.0, 0.0, -0.315062, -0.984808, 0.0, 0.173648, 0.1, 0.0, 0.0, 0.0, 1.0],
                [0.173648, 0.0, 0.984808, -0.0, 0.0, 1.0, 0.0, -0.315062, -0.984808, 0.0, 0.173648, 0.1, 0.0, 0.0, 0.0, 1.0],
                [0.173648, 0.0, 0.984808, -0.0, 0.0, 1.0, 0.0, -0.315062, -0.984808, 0.0, 0.173648, 0.1, 0.0, 0.0, 0.0, 1.0],
                [0.173648, 0.0, 0.984808, -0.0, 0.0, 1.0, 0.0, -0.315062, -0.984808, 0.0, 0.173648, 0.1, 0.0, 0.0, 0.0, 1.0],
                [0.173648, 0.0, 0.984808, -0.0, 0.0, 1.0, 0.0, -0.315062, -0.984808, 0.0, 0.173648, 0.1, 0.0, 0.0, 0.0, 1.0],
                [0.173648, 0.0, 0.984808, -0.0, 0.0, 1.0, 0.0, -0.315062, -0.984808, 0.0, 0.173648, 0.1, 0.0, 0.0, 0.0, 1.0],
                [0.173648, 0.0, 0.984808, -0.0, 0.0, 1.0, 0.0, -0.315062, -0.984808, 0.0, 0.173648, 0.1, 0.0, 0.0, 0.0, 1.0],
                [0.173648, 0.0, 0.984808, -0.0, 0.0, 1.0, 0.0, -0.315062, -0.984808, 0.0, 0.173648, 0.1, 0.0, 0.0, 0.0, 1.0],
                [0.173648, 0.0, 0.984808, -0.0, 0.0, 1.0, 0.0, -0.315062, -0.984808, 0.0, 0.173648, 0.1, 0.0, 0.0, 0.0, 1.0],
                [0.173648, 0.0, 0.984808, -0.0, 0.0, 1.0, 0.0, -0.315062, -0.984808, 0.0, 0.173648, 0.1, 0.0, 0.0, 0.0, 1.0],
                [0.173648, 0.0, 0.984808, -0.0, 0.0, 1.0, 0.0, -0.315062, -0.984808, 0.0, 0.173648, 0.1, 0.0, 0.0, 0.0, 1.0],
                [0.173648, 0.0, 0.984808, -0.0, 0.0, 1.0, 0.0, -0.315062, -0.984808, 0.0, 0.173648, 0.1, 0.0, 0.0, 0.0, 1.0],
                [0.173648, 0.0, 0.984808, -0.0, 0.0, 1.0, 0.0, -0.315062, -0.984808, 0.0, 0.173648, 0.1, 0.0, 0.0, 0.0, 1.0],
                [0.173648, 0.0, 0.984808, -0.0, 0.0, 1.0, 0.0, -0.315062, -0.984808, 0.0, 0.173648, 0.1, 0.0, 0.0, 0.0, 1.0],
                [0.173648, 0.0, 0.984808, -0.0, 0.0, 1.0, 0.0, -0.315062, -0.984808, 0.0, 0.173648, 0.1, 0.0, 0.0, 0.0, 1.0],
                [0.173648, 0.0, 0.984808, -0.0, 0.0, 1.0, 0.0, -0.315062, -0.984808, 0.0, 0.173648, 0.1, 0.0, 0.0, 0.0, 1.0],
                [0.173648, 0.0, 0.984808, -0.0, 0.0, 1.0, 0.0, -0.315062, -0.984808, 0.0, 0.173648, 0.1, 0.0, 0.0, 0.0, 1.0],
                [0.173648, 0.0, 0.984808, -0.0, 0.0, 1.0, 0.0, -0.315062, -0.984808, 0.0, 0.173648, 0.1, 0.0, 0.0, 0.0, 1.0],
                [0.173648, 0.0, 0.984808, -0.0, 0.0, 1.0, 0.0, -0.315062, -0.984808, 0.0, 0.173648, 0.1, 0.0, 0.0, 0.0, 1.0],
                [0.173648, 0.0, 0.984808, -0.0, 0.0, 1.0, 0.0, -0.315062, -0.984808, 0.0, 0.173648, 0.1, 0.0, 0.0, 0.0, 1.0],
                [0.173648, 0.0, 0.984808, -0.0, 0.0, 1.0, 0.0, -0.315062, -0.984808, 0.0, 0.173648, 0.1, 0.0, 0.0, 0.0, 1.0],
                [0.173648, 0.0, 0.984808, -0.0, 0.0, 1.0, 0.0, -0.315062, -0.984808, 0.0, 0.173648, 0.1, 0.0, 0.0, 0.0, 1.0],
                [0.173648, 0.0, 0.984808, -0.0, 0.0, 1.0, 0.0, -0.315062, -0.984808, 0.0, 0.173648, 0.1, 0.0, 0.0, 0.0, 1.0],
                [0.173648, 0.0, 0.984808, -0.0, 0.0, 1.0, 0.0, -0.315062, -0.984808, 0.0, 0.173648, 0.1, 0.0, 0.0, 0.0, 1.0],
                [0.173648, 0.0, 0.984808, -0.0, 0.0, 1.0, 0.0, -0.315062, -0.984808, 0.0, 0.173648, 0.1, 0.0, 0.0, 0.0, 1.0],
                [0.173648, 0.0, 0.984808, -0.0, 0.0, 1.0, 0.0, -0.315062, -0.984808, 0.0, 0.173648, 0.1, 0.0, 0.0, 0.0, 1.0],
                [0.173648, 0.0, 0.984808, -0.0, 0.0, 1.0, 0.0, -0.315062, -0.984808, 0.0, 0.173648, 0.1, 0.0, 0.0, 0.0, 1.0],
                [0.173648, 0.0, 0.984808, -0.0, 0.0, 1.0, 0.0, -0.315062, -0.984808, 0.0, 0.173648, 0.1, 0.0, 0.0, 0.0, 1.0],
                [0.173648, 0.0, 0.984808, -0.0, 0.0, 1.0, 0.0, -0.315062, -0.984808, 0.0, 0.173648, 0.1, 0.0, 0.0, 0.0, 1.0],
                [0.173648, 0.0, 0.984808, -0.0, 0.0, 1.0, 0.0, -0.315062, -0.984808, 0.0, 0.173648, 0.1, 0.0, 0.0, 0.0, 1.0],
                [0.173648, 0.0, 0.984808, -0.0, 0.0, 1.0, 0.0, -0.315062, -0.984808, 0.0, 0.173648, 0.1, 0.0, 0.0, 0.0, 1.0],
                [0.173648, 0.0, 0.984808, -0.0, 0.0, 1.0, 0.0, -0.315062, -0.984808, 0.0, 0.173648, 0.1, 0.0, 0.0, 0.0, 1.0],
                [0.173648, 0.0, 0.984808, -0.0, 0.0, 1.0, 0.0, -0.315062, -0.984808, 0.0, 0.173648, 0.1, 0.0, 0.0, 0.0, 1.0],
                [0.173648, 0.0, 0.984808, -0.0, 0.0, 1.0, 0.0, -0.315062, -0.984808, 0.0, 0.173648, 0.1, 0.0, 0.0, 0.0, 1.0],
                [0.173648, 0.0, 0.984808, -0.0, 0.0, 1.0, 0.0, -0.315062, -0.984808, 0.0, 0.173648, 0.1, 0.0, 0.0, 0.0, 1.0],
                [0.173648, 0.0, 0.984808, -0.0, 0.0, 1.0, 0.0, -0.315062, -0.984808, 0.0, 0.173648, 0.1, 0.0, 0.0, 0.0, 1.0],
                [0.173648, 0.0, 0.984808, -0.0, 0.0, 1.0, 0.0, -0.315062, -0.984808, 0.0, 0.173648, 0.1, 0.0, 0.0, 0.0, 1.0],
                [0.173648, 0.0, 0.984808, -0.0, 0.0, 1.0, 0.0, -0.315062, -0.984808, 0.0, 0.173648, 0.1, 0.0, 0.0, 0.0, 1.0],
                [0.173648, 0.0, 0.984808, -0.0, 0.0, 1.0, 0.0, -0.315062, -0.984808, 0.0, 0.173648, 0.1, 0.0, 0.0, 0.0, 1.0],
                [0.173648, 0.0, 0.984808, -0.0, 0.0, 1.0, 0.0, -0.315062, -0.984808, 0.0, 0.173648, 0.1, 0.0, 0.0, 0.0, 1.0],
                [0.173648, 0.0, 0.984808, -0.0, 0.0, 1.0, 0.0, -0.315062, -0.984808, 0.0, 0.173648, 0.1, 0.0, 0.0, 0.0, 1.0],
                [0.173648, 0.0, 0.984808, -0.0, 0.0, 1.0, 0.0, -0.315062, -0.984808, 0.0, 0.173648, 0.1, 0.0, 0.0, 0.0, 1.0],
                [0.173648, 0.0, 0.984808, -0.0, 0.0, 1.0, 0.0, -0.315062, -0.984808, 0.0, 0.173648, 0.1, 0.0, 0.0, 0.0, 1.0],
                [0.173648, 0.0, 0.984808, -0.0, 0.0, 1.0, 0.0, -0.315062, -0.984808, 0.0, 0.173648, 0.1, 0.0, 0.0, 0.0, 1.0],
                [0.173648, 0.0, 0.984808, -0.0, 0.0, 1.0, 0.0, -0.315062, -0.984808, 0.0, 0.173648, 0.1, 0.0, 0.0, 0.0, 1.0],
                [0.173648, 0.0, 0.984808, -0.0, 0.0, 1.0, 0.0, -0.315062, -0.984808, 0.0, 0.173648, 0.1, 0.0, 0.0, 0.0, 1.0],
                [0.173648, 0.0, 0.984808, -0.0, 0.0, 1.0, 0.0, -0.315062, -0.984808, 0.0, 0.173648, 0.1, 0.0, 0.0, 0.0, 1.0],
                [0.173648, 0.0, 0.984808, -0.0, 0.0, 1.0, 0.0, -0.315062, -0.984808, 0.0, 0.173648, 0.1, 0.0, 0.0, 0.0, 1.0],
                [0.173648, 0.0, 0.984808, -0.0, 0.0, 1.0, 0.0, -0.315062, -0.984808, 0.0, 0.173648, 0.1, 0.0, 0.0, 0.0, 1.0],
                [0.173648, 0.0, 0.984808, -0.0, 0.0, 1.0, 0.0, -0.315062, -0.984808, 0.0, 0.173648, 0.1, 0.0, 0.0, 0.0, 1.0],
                [0.173648, 0.0, 0.984808, -0.0, 0.0, 1.0, 0.0, -0.315062, -0.984808, 0.0, 0.173648, 0.1, 0.0, 0.0, 0.0, 1.0],
                [0.173648, 0.0, 0.984808, -0.0, 0.0, 1.0, 0.0, -0.315062, -0.984808, 0.0, 0.173648, 0.1, 0.0, 0.0, 0.0, 1.0],
                [0.173648, 0.0, 0.984808, -0.0, 0.0, 1.0, 0.0, -0.315062, -0.984808, 0.0, 0.173648, 0.1, 0.0, 0.0, 0.0, 1.0],
                [0.173648, 0.0, 0.984808, -0.0, 0.0, 1.0, 0.0, -0.315062, -0.984808, 0.0, 0.173648, 0.1, 0.0, 0.0, 0.0, 1.0],
                [0.173648, 0.0, 0.984808, -0.0, 0.0, 1.0, 0.0, -0.315062, -0.984808, 0.0, 0.173648, 0.1, 0.0, 0.0, 0.0, 1.0],
                [0.173648, 0.0, 0.984808, -0.0, 0.0, 1.0, 0.0, -0.315062, -0.984808, 0.0, 0.173648, 0.1, 0.0, 0.0, 0.0, 1.0],
                [0.173648, 0.0, 0.984808, -0.0, 0.0, 1.0, 0.0, -0.315062, -0.984808, 0.0, 0.173648, 0.1, 0.0, 0.0, 0.0, 1.0],
                [0.173648, 0.0, 0.984808, -0.0, 0.0, 1.0, 0.0, -0.315062, -0.984808, 0.0, 0.173648, 0.1, 0.0, 0.0, 0.0, 1.0],
                [0.173648, 0.0, 0.984808, -0.0, 0.0, 1.0, 0.0, -0.315062, -0.984808, 0.0, 0.173648, 0.1, 0.0, 0.0, 0.0, 1.0],
                [0.173648, 0.0, 0.984808, -0.0, 0.0, 1.0, 0.0, -0.315062, -0.984808, 0.0, 0.173648, 0.1, 0.0, 0.0, 0.0, 1.0],
                [0.173648, 0.0, 0.984808, -0.0, 0.0, 1.0, 0.0, -0.315062, -0.984808, 0.0, 0.173648, 0.1, 0.0, 0.0, 0.0, 1.0],
                [0.173648, 0.0, 0.984808, -0.0, 0.0, 1.0, 0.0, -0.315062, -0.984808, 0.0, 0.173648, 0.1, 0.0, 0.0, 0.0, 1.0],
                [0.173648, 0.0, 0.984808, -0.0, 0.0, 1.0, 0.0, -0.315062, -0.984808, 0.0, 0.173648, 0.1, 0.0, 0.0, 0.0, 1.0],
                [0.173648, 0.0, 0.984808, -0.0, 0.0, 1.0, 0.0, -0.315062, -0.984808, 0.0, 0.173648, 0.1, 0.0, 0.0, 0.0, 1.0],
                [0.173648, 0.0, 0.984808, -0.0, 0.0, 1.0, 0.0, -0.315062, -0.984808, 0.0, 0.173648, 0.1, 0.0, 0.0, 0.0, 1.0],
                [0.173648, 0.0, 0.984808, -0.0, 0.0, 1.0, 0.0, -0.315062, -0.984808, 0.0, 0.173648, 0.1, 0.0, 0.0, 0.0, 1.0],
                [0.173648, 0.0, 0.984808, -0.0, 0.0, 1.0, 0.0, -0.315062, -0.984808, 0.0, 0.173648, 0.1, 0.0, 0.0, 0.0, 1.0],
                [0.173648, 0.0, 0.984808, -0.0, 0.0, 1.0, 0.0, -0.315062, -0.984808, 0.0, 0.173648, 0.1, 0.0, 0.0, 0.0, 1.0],
                [0.173648, 0.0, 0.984808, -0.0, 0.0, 1.0, 0.0, -0.315062, -0.984808, 0.0, 0.173648, 0.1, 0.0, 0.0, 0.0, 1.0],
                [0.173648, 0.0, 0.984808, -0.0, 0.0, 1.0, 0.0, -0.315062, -0.984808, 0.0, 0.173648, 0.1, 0.0, 0.0, 0.0, 1.0],
                [0.173648, 0.0, 0.984808, -0.0, 0.0, 1.0, 0.0, -0.315062, -0.984808, 0.0, 0.173648, 0.1, 0.0, 0.0, 0.0, 1.0],
                [0.173648, 0.0, 0.984808, -0.0, 0.0, 1.0, 0.0, -0.315062, -0.984808, 0.0, 0.173648, 0.1, 0.0, 0.0, 0.0, 1.0],
                [0.173648, 0.0, 0.984808, -0.0, 0.0, 1.0, 0.0, -0.315062, -0.984808, 0.0, 0.173648, 0.1, 0.0, 0.0, 0.0, 1.0],
                [0.173648, 0.0, 0.984808, -0.0, 0.0, 1.0, 0.0, -0.315062, -0.984808, 0.0, 0.173648, 0.1, 0.0, 0.0, 0.0, 1.0],
                [0.173648, 0.0, 0.984808, -0.0, 0.0, 1.0, 0.0, -0.315062, -0.984808, 0.0, 0.173648, 0.1, 0.0, 0.0, 0.0, 1.0],
                [0.173648, 0.0, 0.984808, -0.0, 0.0, 1.0, 0.0, -0.315062, -0.984808, 0.0, 0.173648, 0.1, 0.0, 0.0, 0.0, 1.0],
                [0.173648, 0.0, 0.984808, -0.0, 0.0, 1.0, 0.0, -0.315062, -0.984808, 0.0, 0.173648, 0.1, 0.0, 0.0, 0.0, 1.0],
                [0.173648, 0.0, 0.984808, -0.0, 0.0, 1.0, 0.0, -0.315062, -0.984808, 0.0, 0.173648, 0.1, 0.0, 0.0, 0.0, 1.0],
                [0.173648, 0.0, 0.984808, -0.0, 0.0, 1.0, 0.0, -0.315062, -0.984808, 0.0, 0.173648, 0.1, 0.0, 0.0, 0.0, 1.0],
                [0.173648, 0.0, 0.984808, -0.0, 0.0, 1.0, 0.0, -0.315062, -0.984808, 0.0, 0.173648, 0.1, 0.0, 0.0, 0.0, 1.0],
                [0.173648, 0.0, 0.984808, -0.0, 0.0, 1.0, 0.0, -0.315062, -0.984808, 0.0, 0.173648, 0.1, 0.0, 0.0, 0.0, 1.0],
                [0.173648, 0.0, 0.984808, -0.0, 0.0, 1.0, 0.0, -0.315062, -0.984808, 0.0, 0.173648, 0.1, 0.0, 0.0, 0.0, 1.0],
                [0.173648, 0.0, 0.984808, -0.0, 0.0, 1.0, 0.0, -0.315062, -0.984808, 0.0, 0.173648, 0.1, 0.0, 0.0, 0.0, 1.0],
                [0.173648, 0.0, 0.984808, -0.0, 0.0, 1.0, 0.0, -0.315062, -0.984808, 0.0, 0.173648, 0.1, 0.0, 0.0, 0.0, 1.0],
                [0.173648, 0.0, 0.984808, -0.0, 0.0, 1.0, 0.0, -0.315062, -0.984808, 0.0, 0.173648, 0.1, 0.0, 0.0, 0.0, 1.0],
                [0.173648, 0.0, 0.984808, -0.0, 0.0, 1.0, 0.0, -0.315062, -0.984808, 0.0, 0.173648, 0.1, 0.0, 0.0, 0.0, 1.0],
                [0.173648, 0.0, 0.984808, -0.0, 0.0, 1.0, 0.0, -0.315062, -0.984808, 0.0, 0.173648, 0.1, 0.0, 0.0, 0.0, 1.0],
                [0.173648, 0.0, 0.984808, -0.0, 0.0, 1.0, 0.0, -0.315062, -0.984808, 0.0, 0.173648, 0.1, 0.0, 0.0, 0.0, 1.0],
                [0.173648, 0.0, 0.984808, -0.0, 0.0, 1.0, 0.0, -0.315062, -0.984808, 0.0, 0.173648, 0.1, 0.0, 0.0, 0.0, 1.0],
                [0.173648, 0.0, 0.984808, -0.0, 0.0, 1.0, 0.0, -0.315062, -0.984808, 0.0, 0.173648, 0.1, 0.0, 0.0, 0.0, 1.0],
                [0.173648, 0.0, 0.984808, -0.0, 0.0, 1.0, 0.0, -0.315062, -0.984808, 0.0, 0.173648, 0.1, 0.0, 0.0, 0.0, 1.0],
                [0.173648, 0.0, 0.984808, -0.0, 0.0, 1.0, 0.0, -0.315062, -0.984808, 0.0, 0.173648, 0.1, 0.0, 0.0, 0.0, 1.0],
                [0.173648, 0.0, 0.984808, -0.0, 0.0, 1.0, 0.0, -0.315062, -0.984808, 0.0, 0.173648, 0.1, 0.0, 0.0, 0.0, 1.0],
                [0.173648, 0.0, 0.984808, -0.0, 0.0, 1.0, 0.0, -0.315062, -0.984808, 0.0, 0.173648, 0.1, 0.0, 0.0, 0.0, 1.0],
                [0.173648, 0.0, 0.984808, -0.0, 0.0, 1.0, 0.0, -0.315062, -0.984808, 0.0, 0.173648, 0.1, 0.0, 0.0, 0.0, 1.0],
                [0.173648, 0.0, 0.984808, -0.0, 0.0, 1.0, 0.0, -0.315062, -0.984808, 0.0, 0.173648, 0.1, 0.0, 0.0, 0.0, 1.0],
                [0.173648, 0.0, 0.984808, -0.0, 0.0, 1.0, 0.0, -0.315062, -0.984808, 0.0, 0.173648, 0.1, 0.0, 0.0, 0.0, 1.0],
                [0.173648, 0.0, 0.984808, -0.0, 0.0, 1.0, 0.0, -0.315062, -0.984808, 0.0, 0.173648, 0.1, 0.0, 0.0, 0.0, 1.0],
                [0.173648, 0.0, 0.984808, -0.0, 0.0, 1.0, 0.0, -0.315062, -0.984808, 0.0, 0.173648, 0.1, 0.0, 0.0, 0.0, 1.0],
                [0.173648, 0.0, 0.984808, -0.0, 0.0, 1.0, 0.0, -0.315062, -0.984808, 0.0, 0.173648, 0.1, 0.0, 0.0, 0.0, 1.0],
                [0.173648, 0.0, 0.984808, -0.0, 0.0, 1.0, 0.0, -0.315062, -0.984808, 0.0, 0.173648, 0.1, 0.0, 0.0, 0.0, 1.0],
                [0.173648, 0.0, 0.984808, -0.0, 0.0, 1.0, 0.0, -0.315062, -0.984808, 0.0, 0.173648, 0.1, 0.0, 0.0, 0.0, 1.0],
                [0.173648, 0.0, 0.984808, -0.0, 0.0, 1.0, 0.0, -0.315062, -0.984808, 0.0, 0.173648, 0.1, 0.0, 0.0, 0.0, 1.0],
                [0.173648, 0.0, 0.984808, -0.0, 0.0, 1.0, 0.0, -0.315062, -0.984808, 0.0, 0.173648, 0.1, 0.0, 0.0, 0.0, 1.0],
                [0.173648, 0.0, 0.984808, -0.0, 0.0, 1.0, 0.0, -0.315062, -0.984808, 0.0, 0.173648, 0.1, 0.0, 0.0, 0.0, 1.0],
                [0.173648, 0.0, 0.984808, -0.0, 0.0, 1.0, 0.0, -0.315062, -0.984808, 0.0, 0.173648, 0.1, 0.0, 0.0, 0.0, 1.0],
                [0.173648, 0.0, 0.984808, -0.0, 0.0, 1.0, 0.0, -0.315062, -0.984808, 0.0, 0.173648, 0.1, 0.0, 0.0, 0.0, 1.0]
            ]
        },
        {
            "name": "Torso",
            "time": [0.0, 0.0417, 0.0833, 0.125, 0.1667, 0.2083, 0.25, 0.2917, 0.3333, 0.375, 0.4167, 0.4583, 0.5, 0.5417, 0.5833, 0.625, 0.6667, 0.7083, 0.75, 0.7917, 0.8333, 0.875, 0.9167, 0.9583, 1.0, 1.0417, 1.0833, 1.125, 1.1667, 1.2083, 1.25, 1.2917, 1.3333, 1.375, 1.4167, 1.4583, 1.5, 1.5417, 1.5833, 1.625, 1.6667, 1.7083, 1.75, 1.7917, 1.8333, 1.875, 1.9167, 1.9583, 2.0, 2.0417, 2.0833, 2.125, 2.1667, 2.2083, 2.25, 2.2917, 2.3333, 2.375, 2.4167, 2.4583, 2.5, 2.5417, 2.5833, 2.625, 2.6667, 2.7083, 2.75, 2.7917, 2.8333, 2.875, 2.9167, 2.9583, 3.0, 3.0417, 3.0833, 3.125, 3.1667, 3.2083, 3.25, 3.2917, 3.3333, 3.375, 3.4167, 3.4583, 3.5, 3.5417, 3.5833, 3.625, 3.6667, 3.7083, 3.75, 3.7917, 3.8333, 3.875, 3.9167, 3.9583, 4.0, 4.0417, 4.0833, 4.125, 4.1667, 4.2083, 4.25, 4.2917, 4.3333, 4.375, 4.4167, 4.4583, 4.5, 4.5417, 4.5833, 4.625, 4.6667, 4.7083, 4.75, 4.7917, 4.8333, 4.875, 4.9167, 4.9583, 5.0, 5.0417, 5.0833, 5.125, 5.1667, 5.2083, 5.25, 5.2917, 5.3333, 5.375, 5.4167, 5.4583, 5.5, 5.5417, 5.5833, 5.625, 5.6667, 5.7083, 5.75, 5.7917, 5.8333, 5.875, 5.9167, 5.9583, 6.0, 6.0417, 6.0833, 6.125, 6.1667, 6.2083, 6.25, 6.2917, 6.3333, 6.375, 6.4167, 6.4583, 6.5, 6.5417, 6.5833, 6.625, 6.6667, 6.7083, 6.75, 6.7917, 6.8333, 6.875, 6.9167, 6.9583, 7.0, 7.0417, 7.0833, 7.125, 7.1667, 7.2083, 7.25],
            "transform": [
                [0.999726, -0.010302, 0.021028, -0.0, 0.018361, 0.902199, -0.43093, 0.086063, -0.014532, 0.431198, 0.90214, -0.0, 0.0, 0.0, 0.0, 1.0],
                [0.999725, -0.010336, 0.021028, -0.0, 0.018392, 0.902198, -0.43093, 0.086063, -0.014517, 0.431198, 0.90214, -0.0, 0.0, 0.0, 0.0, 1.0],
                [0.999724, -0.010438, 0.021028, -0.0, 0.018484, 0.902196, -0.43093, 0.086063, -0.014473, 0.4312, 0.90214, -0.0, 0.0, 0.0, 0.0, 1.0],
                [0.999723, -0.010606, 0.021028, -0.0, 0.018635, 0.902193, -0.43093, 0.086063, -0.014401, 0.431202, 0.90214, -0.0, 0.0, 0.0, 0.0, 1.0],
                [0.99972, -0.010838, 0.021028, -0.0, 0.018845, 0.902189, -0.43093, 0.086063, -0.014301, 0.431206, 0.90214, -0.0, 0.0, 0.0, 0.0, 1.0],
                [0.999717, -0.011133, 0.021028, -0.0, 0.019111, 0.902183, -0.43093, 0.086063, -0.014173, 0.43121, 0.90214, -0.0, 0.0, 0.0, 0.0, 1.0],
                [0.999713, -0.011489, 0.021028, -0.0, 0.019432, 0.902176, -0.43093, 0.086063, -0.01402, 0.431215, 0.90214, -0.0, 0.0, 0.0, 0.0, 1.0],
                [0.999708, -0.011905, 0.021028, -0.0, 0.019808, 0.902168, -0.43093, 0.086063, -0.01384, 0.431221, 0.90214, -0.0, 0.0, 0.0, 0.0, 1.0],
                [0.999702, -0.012379, 0.021028, -0.0, 0.020235, 0.902158, -0.43093, 0.086063, -0.013636, 0.431227, 0.90214, -0.0, 0.0, 0.0, 0.0, 1.0],
                [0.999696, -0.012909, 0.021028, -0.0, 0.020714, 0.902148, -0.43093, 0.086063, -0.013407, 0.431234, 0.90214, -0.0, 0.0, 0.0, 0.0, 1.0],
                [0.999688, -0.013494, 0.021028, -0.0, 0.021242, 0.902135, -0.43093, 0.086063, -0.013155, 0.431242, 0.90214, -0.0, 0.0, 0.0, 0.0, 1.0],
                [0.999679, -0.014132, 0.021028, -0.0, 0.021818, 0.902122, -0.43093, 0.086063, -0.01288, 0.43125, 0.90214, -0.0, 0.0, 0.0, 0.0, 1.0],
                [0.999669, -0.014822, 0.021028, -0.0, 0.02244, 0.902106, -0.43093, 0.086063, -0.012582, 0.431259, 0.90214, -0.0, 0.0, 0.0, 0.0, 1.0],
                [0.999658, -0.015562, 0.021028, -0.0, 0.023108, 0.902089, -0.43093, 0.086063, -0.012263, 0.431268, 0.90214, -0.0, 0.0, 0.0, 0.0, 1.0],
                [0.999645, -0.016351, 0.021028, -0.0, 0.023819, 0.902071, -0.43093, 0.086063, -0.011923, 0.431278, 0.90214, -0.0, 0.0, 0.0, 0.0, 1.0],
                [0.999631, -0.017186, 0.021028, -0.0, 0.024573, 0.902051, -0.43093, 0.086063, -0.011562, 0.431288, 0.90214, -0.0, 0.0, 0.0, 0.0, 1.0],
                [0.999616, -0.018067, 0.021028, -0.0, 0.025368, 0.902029, -0.43093, 0.086063, -0.011182, 0.431298, 0.90214, -0.0, 0.0, 0.0, 0.0, 1.0],
                [0.999599, -0.018991, 0.021028, -0.0, 0.026202, 0.902005, -0.43093, 0.086063, -0.010783, 0.431308, 0.90214, -0.0, 0.0, 0.0, 0.0, 1.0],
                [0.99958, -0.019958, 0.021028, -0.0, 0.027074, 0.901979, -0.43093, 0.086063, -0.010366, 0.431318, 0.90214, -0.0, 0.0, 0.0, 0.0, 1.0],
                [0.999559, -0.020965, 0.021028, -0.0, 0.027983, 0.901951, -0.43093, 0.086063, -0.009932, 0.431328, 0.90214, -0.0, 0.0, 0.0, 0.0, 1.0],
                [0.999537, -0.02201, 0.021028, -0.0, 0.028927, 0.901922, -0.43093, 0.086063, -0.00948, 0.431339, 0.90214, -0.0, 0.0, 0.0, 0.0, 1.0],
                [0.999512, -0.023094, 0.021028, -0.0, 0.029904, 0.90189, -0.43093, 0.086063, -0.009013, 0.431349, 0.90214, -0.0, 0.0, 0.0, 0.0, 1.0],
                [0.999486, -0.024213, 0.021028, -0.0, 0.030914, 0.901856, -0.43093, 0.086063, -0.00853, 0.431358, 0.90214, -0.0, 0.0, 0.0, 0.0, 1.0],
                [0.999457, -0.025366, 0.021028, -0.0, 0.031954, 0.901819, -0.43093, 0.086063, -0.008032, 0.431368, 0.90214, -0.0, 0.0, 0.0, 0.0, 1.0],
                [0.999426, -0.026552, 0.021028, -0.0, 0.033024, 0.901781, -0.43093, 0.086063, -0.007521, 0.431377, 0.90214, -0.0, 0.0, 0.0, 0.0, 1.0],
                [0.999393, -0.027769, 0.021028, -0.0, 0.034122, 0.90174, -0.43093, 0.086063, -0.006995, 0.431386, 0.90214, -0.0, 0.0, 0.0, 0.0, 1.0],
                [0.999358, -0.029015, 0.021028, -0.0, 0.035247, 0.901697, -0.43093, 0.086063, -0.006457, 0.431394, 0.90214, -0.0, 0.0, 0.0, 0.0, 1.0],
                [0.99932, -0.030289, 0.021028, -0.0, 0.036396, 0.901651, -0.43093, 0.086063, -0.005908, 0.431402, 0.90214, -0.0, 0.0, 0.0, 0.0, 1.0],
                [0.99928, -0.031589, 0.021028, -0.0, 0.037569, 0.901603, -0.43093, 0.086063, -0.005346, 0.43141, 0.90214, -0.0, 0.0, 0.0, 0.0, 1.0],
                [0.999237, -0.032913, 0.021028, -0.0, 0.038764, 0.901552, -0.43093, 0.086063, -0.004774, 0.431416, 0.90214, -0.0, 0.0, 0.0, 0.0, 1.0],
                [0.999192, -0.034261, 0.021028, -0.0, 0.03998, 0.901499, -0.43093, 0.086063, -0.004192, 0.431422, 0.90214, -0.0, 0.0, 0.0, 0.0, 1.0],
                [0.999144, -0.03563, 0.021028, -0.0, 0.041215, 0.901444, -0.43093, 0.086063, -0.003601, 0.431428, 0.90214, -0.0, 0.0, 0.0, 0.0, 1.0],
                [0.999093, -0.037019, 0.021028, -0.0, 0.042468, 0.901385, -0.43093, 0.086063, -0.003002, 0.431432, 0.90214, -0.0, 0.0, 0.0, 0.0, 1.0],
                [0.99904, -0.038426, 0.021028, -0.0, 0.043738, 0.901325, -0.43093, 0.086063, -0.002394, 0.431436, 0.90214, -0.0, 0.0, 0.0, 0.0, 1.0],
                [0.998984, -0.03985, 0.021028, -0.0, 0.045022, 0.901262, -0.43093, 0.086063, -0.001779, 0.431439, 0.90214, -0.0, 0.0, 0.0, 0.0, 1.0],
                [0.998926, -0.041289, 0.021028, -0.0, 0.04632, 0.901196, -0.43093, 0.086063, -0.001158, 0.431441, 0.90214, -0.0, 0.0, 0.0, 0.0, 1.0],
                [0.998865, -0.042741, 0.021028, -0.0, 0.047631, 0.901127, -0.43093, 0.086063, -0.00053, 0.431442, 0.90214, -0.0, 0.0, 0.0, 0.0, 1.0],
                [0.998801, -0.044205, 0.021028, -0.0, 0.048951, 0.901057, -0.43093, 0.086063, 0.000102, 0.431443, 0.90214, -0.0, 0.0, 0.0, 0.0, 1.0],
                [0.998735, -0.045679, 0.021028, -0.0, 0.050281, 0.900983, -0.43093, 0.086063, 0.000739, 0.431442, 0.90214, -0.0, 0.0, 0.0, 0.0, 1.0],
                [0.998666, -0.047162, 0.021028, -0.0, 0.051619, 0.900908, -0.43093, 0.086063, 0.001379, 0.43144, 0.90214, -0.0, 0.0, 0.0, 0.0, 1.0],
                [0.998594, -0.048652, 0.021028, -0.0, 0.052963, 0.90083, -0.43093, 0.086063, 0.002023, 0.431438, 0.90214, -0.0, 0.0, 0.0, 0.0, 1.0],
                [0.99852, -0.050148, 0.021028, -0.0, 0.054312, 0.900749, -0.43093, 0.086063, 0.002669, 0.431434, 0.90214, -0.0, 0.0, 0.0, 0.0, 1.0],
                [0.998444, -0.051647, 0.021028, -0.0, 0.055665, 0.900667, -0.43093, 0.086063, 0.003317, 0.43143, 0.90214, -0.0, 0.0, 0.0, 0.0, 1.0],
                [0.998365, -0.053148, 0.021028, -0.0, 0.057019, 0.900582, -0.43093, 0.086063, 0.003966, 0.431424, 0.90214, -0.0, 0.0, 0.0, 0.0, 1.0],
                [0.998284, -0.054651, 0.021028, -0.0, 0.058374, 0.900495, -0.43093, 0.086063, 0.004615, 0.431418, 0.90214, -0.0, 0.0, 0.0, 0.0, 1.0],
                [0.998201, -0.056152, 0.021028, -0.0, 0.059729, 0.900406, -0.43093, 0.086063, 0.005264, 0.43141, 0.90214, -0.0, 0.0, 0.0, 0.0, 1.0],
                [0.998115, -0.057651, 0.021028, -0.0, 0.061081, 0.900316, -0.43093, 0.086063, 0.005912, 0.431402, 0.90214, -0.0, 0.0, 0.0, 0.0, 1.0],
                [0.998028, -0.059146, 0.021028, -0.0, 0.062429, 0.900223, -0.43093, 0.086063, 0.006558, 0.431393, 0.90214, -0.0, 0.0, 0.0, 0.0, 1.0],
                [0.997938, -0.060635, 0.021028, -0.0, 0.063772, 0.900129, -0.43093, 0.086063, 0.007202, 0.431383, 0.90214, -0.0, 0.0, 0.0, 0.0, 1.0],
                [0.997847, -0.062116, 0.021028, -0.0, 0.065108, 0.900033, -0.43093, 0.086063, 0.007842, 0.431371, 0.90214, -0.0, 0.0, 0.0, 0.0, 1.0],
                [0.997754, -0.063589, 0.021028, -0.0, 0.066437, 0.899936, -0.43093, 0.086063, 0.008479, 0.431359, 0.90214, -0.0, 0.0, 0.0, 0.0, 1.0],
                [0.99766, -0.065052, 0.021028, -0.0, 0.067756, 0.899838, -0.43093, 0.086063, 0.009111, 0.431346, 0.90214, -0.0, 0.0, 0.0, 0.0, 1.0],
                [0.997565, -0.066502, 0.021028, -0.0, 0.069064, 0.899739, -0.43093, 0.086063, 0.009738, 0.431333, 0.90214, -0.0, 0.0, 0.0, 0.0, 1.0],
                [0.997468, -0.067939, 0.021028, -0.0, 0.07036, 0.899638, -0.43093, 0.086063, 0.010359, 0.431318, 0.90214, -0.0, 0.0, 0.0, 0.0, 1.0],
                [0.99737, -0.06936, 0.021028, -0.0, 0.071642, 0.899537, -0.43093, 0.086063, 0.010974, 0.431303, 0.90214, -0.0, 0.0, 0.0, 0.0, 1.0],
                [0.997271, -0.070765, 0.021028, -0.0, 0.072909, 0.899435, -0.43093, 0.086063, 0.011582, 0.431287, 0.90214, -0.0, 0.0, 0.0, 0.0, 1.0],
                [0.997172, -0.072151, 0.021028, -0.0, 0.074159, 0.899333, -0.43093, 0.086063, 0.012181, 0.431271, 0.90214, -0.0, 0.0, 0.0, 0.0, 1.0],
                [0.997072, -0.073517, 0.021028, -0.0, 0.075391, 0.89923, -0.43093, 0.086063, 0.012772, 0.431254, 0.90214, -0.0, 0.0, 0.0, 0.0, 1.0],
                [0.996972, -0.074862, 0.021028, -0.0, 0.076604, 0.899128, -0.43093, 0.086063, 0.013354, 0.431236, 0.90214, -0.0, 0.0, 0.0, 0.0, 1.0],
                [0.996872, -0.076184, 0.021028, -0.0, 0.077796, 0.899026, -0.43093, 0.086063, 0.013925, 0.431218, 0.90214, -0.0, 0.0, 0.0, 0.0, 1.0],
                [0.996772, -0.077481, 0.021028, -0.0, 0.078966, 0.898924, -0.43093, 0.086063, 0.014486, 0.431199, 0.90214, -0.0, 0.0, 0.0, 0.0, 1.0],
                [0.996672, -0.078751, 0.021028, -0.0, 0.080111, 0.898822, -0.43093, 0.086063, 0.015036, 0.431181, 0.90214, -0.0, 0.0, 0.0, 0.0, 1.0],
                [0.996573, -0.079994, 0.021028, -0.0, 0.081232, 0.898722, -0.43093, 0.086063, 0.015574, 0.431161, 0.90214, -0.0, 0.0, 0.0, 0.0, 1.0],
                [0.996475, -0.081207, 0.021028, -0.0, 0.082326, 0.898622, -0.43093, 0.086063, 0.016099, 0.431142, 0.90214, -0.0, 0.0, 0.0, 0.0, 1.0],
                [0.996378, -0.082389, 0.021028, -0.0, 0.083392, 0.898524, -0.43093, 0.086063, 0.01661, 0.431123, 0.90214, -0.0, 0.0, 0.0, 0.0, 1.0],
                [0.996283, -0.083539, 0.021028, -0.0, 0.084429, 0.898427, -0.43093, 0.086063, 0.017107, 0.431103, 0.90214, -0.0, 0.0, 0.0, 0.0, 1.0],
                [0.996188, -0.084654, 0.021028, -0.0, 0.085435, 0.898332, -0.43093, 0.086063, 0.01759, 0.431084, 0.90214, -0.0, 0.0, 0.0, 0.0, 1.0],
                [0.996096, -0.085734, 0.021028, -0.0, 0.086408, 0.898239, -0.43093, 0.086063, 0.018057, 0.431065, 0.90214, -0.0, 0.0, 0.0, 0.0, 1.0],
                [0.996006, -0.086776, 0.021028, -0.0, 0.087348, 0.898148, -0.43093, 0.086063, 0.018508, 0.431046, 0.90214, -0.0, 0.0, 0.0, 0.0, 1.0],
                [0.995918, -0.08778, 0.021028, -0.0, 0.088253, 0.898059, -0.43093, 0.086063, 0.018943, 0.431027, 0.90214, -0.0, 0.0, 0.0, 0.0, 1.0],
                [0.995833, -0.088742, 0.021028, -0.0, 0.089121, 0.897974, -0.43093, 0.086063, 0.019359, 0.431008, 0.90214, -0.0, 0.0, 0.0, 0.0, 1.0],
                [0.99575, -0.089663, 0.021028, -0.0, 0.089952, 0.897891, -0.43093, 0.086063, 0.019758, 0.43099, 0.90214, -0.0, 0.0, 0.0, 0.0, 1.0],
                [0.995671, -0.090541, 0.021028, -0.0, 0.090743, 0.897811, -0.43093, 0.086063, 0.020138, 0.430973, 0.90214, -0.0, 0.0, 0.0, 0.0, 1.0],
                [0.995595, -0.091373, 0.021028, -0.0, 0.091493, 0.897735, -0.43093, 0.086063, 0.020498, 0.430956, 0.90214, -0.0, 0.0, 0.0, 0.0, 1.0],
                [0.995522, -0.092158, 0.021028, -0.0, 0.092201, 0.897663, -0.43093, 0.086063, 0.020838, 0.430939, 0.90214, -0.0, 0.0, 0.0, 0.0, 1.0],
                [0.995454, -0.092895, 0.021028, -0.0, 0.092865, 0.897594, -0.43093, 0.086063, 0.021157, 0.430924, 0.90214, -0.0, 0.0, 0.0, 0.0, 1.0],
                [0.995389, -0.093582, 0.021028, -0.0, 0.093485, 0.89753, -0.43093, 0.086063, 0.021454, 0.430909, 0.90214, -0.0, 0.0, 0.0, 0.0, 1.0],
                [0.995329, -0.094217, 0.021028, -0.0, 0.094058, 0.89747, -0.43093, 0.086063, 0.021729, 0.430895, 0.90214, -0.0, 0.0, 0.0, 0.0, 1.0],
                [0.995274, -0.0948, 0.021028, -0.0, 0.094583, 0.897415, -0.43093, 0.086063, 0.021981, 0.430882, 0.90214, -0.0, 0.0, 0.0, 0.0, 1.0],
                [0.995224, -0.095327, 0.021028, -0.0, 0.095059, 0.897365, -0.43093, 0.086063, 0.02221, 0.430871, 0.90214, -0.0, 0.0, 0.0, 0.0, 1.0],
                [0.995179, -0.095799, 0.021028, -0.0, 0.095484, 0.897319, -0.43093, 0.086063, 0.022414, 0.43086, 0.90214, -0.0, 0.0, 0.0, 0.0, 1.0],
                [0.995139, -0.096213, 0.021028, -0.0, 0.095857, 0.89728, -0.43093, 0.086063, 0.022593, 0.430851, 0.90214, -0.0, 0.0, 0.0, 0.0, 1.0],
                [0.995104, -0.096567, 0.021028, -0.0, 0.096177, 0.897245, -0.43093, 0.086063, 0.022747, 0.430843, 0.90214, -0.0, 0.0, 0.0, 0.0, 1.0],
                [0.995076, -0.096861, 0.021028, -0.0, 0.096442, 0.897217, -0.43093, 0.086063, 0.022874, 0.430836, 0.90214, -0.0, 0.0, 0.0, 0.0, 1.0],
                [0.995053, -0.097092, 0.021028, -0.0, 0.09665, 0.897195, -0.43093, 0.086063, 0.022974, 0.430831, 0.90214, -0.0, 0.0, 0.0, 0.0, 1.0],
                [0.995037, -0.097259, 0.021028, -0.0, 0.096801, 0.897178, -0.43093, 0.086063, 0.023046, 0.430827, 0.90214, -0.0, 0.0, 0.0, 0.0, 1.0],
                [0.995027, -0.097361, 0.021028, -0.0, 0.096892, 0.897168, -0.43093, 0.086063, 0.02309, 0.430824, 0.90214, -0.0, 0.0, 0.0, 0.0, 1.0],
                [0.995024, -0.097395, 0.021028, -0.0, 0.096923, 0.897165, -0.43093, 0.086063, 0.023105, 0.430824, 0.90214, -0.0, 0.0, 0.0, 0.0, 1.0],
                [0.995027, -0.097361, 0.021028, -0.0, 0.096892, 0.897168, -0.43093, 0.086063, 0.02309, 0.430824, 0.90214, -0.0, 0.0, 0.0, 0.0, 1.0],
                [0.995037, -0.097259, 0.021028, -0.0, 0.096801, 0.897178, -0.43093, 0.086063, 0.023046, 0.430827, 0.90214, -0.0, 0.0, 0.0, 0.0, 1.0],
                [0.995053, -0.097092, 0.021028, -0.0, 0.09665, 0.897195, -0.43093, 0.086063, 0.022974, 0.430831, 0.90214, -0.0, 0.0, 0.0, 0.0, 1.0],
                [0.995076, -0.096861, 0.021028, -0.0, 0.096442, 0.897217, -0.43093, 0.086063, 0.022874, 0.430836, 0.90214, -0.0, 0.0, 0.0, 0.0, 1.0],
                [0.995104, -0.096567, 0.021028, -0.0, 0.096177, 0.897245, -0.43093, 0.086063, 0.022747, 0.430843, 0.90214, -0.0, 0.0, 0.0, 0.0, 1.0],
                [0.995139, -0.096213, 0.021028, -0.0, 0.095857, 0.89728, -0.43093, 0.086063, 0.022593, 0.430851, 0.90214, -0.0, 0.0, 0.0, 0.0, 1.0],
                [0.995179, -0.095799, 0.021028, -0.0, 0.095484, 0.897319, -0.43093, 0.086063, 0.022414, 0.43086, 0.90214, -0.0, 0.0, 0.0, 0.0, 1.0],
                [0.995224, -0.095327, 0.021028, -0.0, 0.095059, 0.897364, -0.43093, 0.086063, 0.02221, 0.430871, 0.90214, -0.0, 0.0, 0.0, 0.0, 1.0],
                [0.995274, -0.0948, 0.021028, -0.0, 0.094583, 0.897415, -0.43093, 0.086063, 0.021981, 0.430882, 0.90214, -0.0, 0.0, 0.0, 0.0, 1.0],
                [0.995329, -0.094217, 0.021028, -0.0, 0.094058, 0.89747, -0.43093, 0.086063, 0.021729, 0.430895, 0.90214, -0.0, 0.0, 0.0, 0.0, 1.0],
                [0.995389, -0.093582, 0.021028, -0.0, 0.093485, 0.89753, -0.43093, 0.086063, 0.021454, 0.430909, 0.90214, -0.0, 0.0, 0.0, 0.0, 1.0],
                [0.995454, -0.092895, 0.021028, -0.0, 0.092865, 0.897594, -0.43093, 0.086063, 0.021157, 0.430924, 0.90214, -0.0, 0.0, 0.0, 0.0, 1.0],
                [0.995522, -0.092158, 0.021028, -0.0, 0.092201, 0.897663, -0.43093, 0.086063, 0.020838, 0.430939, 0.90214, -0.0, 0.0, 0.0, 0.0, 1.0],
                [0.995595, -0.091373, 0.021028, -0.0, 0.091493, 0.897735, -0.43093, 0.086063, 0.020498, 0.430955, 0.90214, -0.0, 0.0, 0.0, 0.0, 1.0],
                [0.995671, -0.090541, 0.021028, -0.0, 0.090743, 0.897811, -0.43093, 0.086063, 0.020138, 0.430973, 0.90214, -0.0, 0.0, 0.0, 0.0, 1.0],
                [0.99575, -0.089663, 0.021028, -0.0, 0.089952, 0.897891, -0.43093, 0.086063, 0.019758, 0.43099, 0.90214, -0.0, 0.0, 0.0, 0.0, 1.0],
                [0.995833, -0.088742, 0.021028, -0.0, 0.089121, 0.897974, -0.43093, 0.086063, 0.019359, 0.431008, 0.90214, -0.0, 0.0, 0.0, 0.0, 1.0],
                [0.995918, -0.08778, 0.021028, -0.0, 0.088253, 0.898059, -0.43093, 0.086063, 0.018943, 0.431027, 0.90214, -0.0, 0.0, 0.0, 0.0, 1.0],
                [0.996006, -0.086776, 0.021028, -0.0, 0.087348, 0.898148, -0.43093, 0.086063, 0.018508, 0.431046, 0.90214, -0.0, 0.0, 0.0, 0.0, 1.0],
                [0.996096, -0.085734, 0.021028, -0.0, 0.086408, 0.898239, -0.43093, 0.086063, 0.018057, 0.431065, 0.90214, -0.0, 0.0, 0.0, 0.0, 1.0],
                [0.996188, -0.084654, 0.021028, -0.0, 0.085435, 0.898332, -0.43093, 0.086063, 0.01759, 0.431084, 0.90214, -0.0, 0.0, 0.0, 0.0, 1.0],
                [0.996283, -0.083539, 0.021028, -0.0, 0.084429, 0.898427, -0.43093, 0.086063, 0.017107, 0.431103, 0.90214, -0.0, 0.0, 0.0, 0.0, 1.0],
                [0.996378, -0.082389, 0.021028, -0.0, 0.083392, 0.898524, -0.43093, 0.086063, 0.01661, 0.431123, 0.90214, -0.0, 0.0, 0.0, 0.0, 1.0],
                [0.996475, -0.081207, 0.021028, -0.0, 0.082326, 0.898622, -0.43093, 0.086063, 0.016099, 0.431142, 0.90214, -0.0, 0.0, 0.0, 0.0, 1.0],
                [0.996573, -0.079994, 0.021028, -0.0, 0.081232, 0.898722, -0.43093, 0.086063, 0.015574, 0.431161, 0.90214, -0.0, 0.0, 0.0, 0.0, 1.0],
                [0.996672, -0.078751, 0.021028, -0.0, 0.080111, 0.898822, -0.43093, 0.086063, 0.015036, 0.431181, 0.90214, -0.0, 0.0, 0.0, 0.0, 1.0],
                [0.996772, -0.077481, 0.021028, -0.0, 0.078966, 0.898924, -0.43093, 0.086063, 0.014486, 0.431199, 0.90214, -0.0, 0.0, 0.0, 0.0, 1.0],
                [0.996872, -0.076184, 0.021028, -0.0, 0.077796, 0.899026, -0.43093, 0.086063, 0.013925, 0.431218, 0.90214, -0.0, 0.0, 0.0, 0.0, 1.0],
                [0.996972, -0.074862, 0.021028, -0.0, 0.076604, 0.899128, -0.43093, 0.086063, 0.013354, 0.431236, 0.90214, -0.0, 0.0, 0.0, 0.0, 1.0],
