{
    "animation": [
        {
            "name": "Root",
            "time": [0.0, 0.0417, 0.0833, 0.125, 0.1667, 0.2083, 0.25, 0.2917, 0.3333, 0.375, 0.4167, 0.4583, 0.5, 0.5417, 0.5833, 0.625, 0.6667, 0.7083, 0.75, 0.7917, 0.8333, 0.875, 0.9167, 0.9583, 1.0, 1.0417, 1.0833, 1.125, 1.1667, 1.2083, 1.25, 1.2917, 1.3333, 1.375, 1.4167, 1.4583, 1.5, 1.5417, 1.5833, 1.625, 1.6667, 1.7083, 1.75, 1.7917, 1.8333, 1.875, 1.9167, 1.9583, 2.0, 2.0417, 2.0833, 2.125, 2.1667, 2.2083, 2.25, 2.2917, 2.3333, 2.375, 2.4167, 2.4583, 2.5, 2.5417, 2.5833, 2.625, 2.6667, 2.7083, 2.75, 2.7917, 2.8333, 2.875, 2.9167, 2.9583, 3.0, 3.0417, 3.0833, 3.125, 3.1667, 3.2083, 3.25, 3.2917, 3.3333, 3.375, 3.4167, 3.4583, 3.5, 3.5417, 3.5833, 3.625, 3.6667, 3.7083, 3.75, 3.7917, 3.8333, 3.875, 3.9167, 3.9583, 4.0, 4.0417, 4.0833, 4.125, 4.1667, 4.2083, 4.25, 4.2917, 4.3333, 4.375, 4.4167, 4.4583, 4.5, 4.5417, 4.5833, 4.625, 4.6667, 4.7083, 4.75, 4.7917, 4.8333, 4.875, 4.9167, 4.9583, 5.0, 5.0417, 5.0833, 5.125, 5.1667, 5.2083, 5.25, 5.2917, 5.3333, 5.375, 5.4167, 5.4583, 5.5, 5.5417, 5.5833, 5.625, 5.6667, 5.7083, 5.75, 5.7917, 5.8333, 5.875, 5.9167, 5.9583, 6.0, 6.0417, 6.0833, 6.125, 6.1667, 6.2083, 6.25, 6.2917, 6.3333, 6.375, 6.4167, 6.4583, 6.5, 6.5417, 6.5833, 6.625, 6.6667, 6.7083, 6.75, 6.7917, 6.8333, 6.875, 6.9167, 6.9583, 7.0, 7.0417, 7.0833, 7.125, 7.1667, 7.2083, 7.25, 7.2917, 7.3333, 7.375, 7.4167, 7.4583, 7.5, 7.5417],
            "transform": [
                [0.999725, 0.012652, 0.019753, -0.0, 0.009613, 0.547111, -0.837005, -0.297546, -0.021397, 0.836965, 0.546839, 0.105437, 0.0, 0.0, 0.0, 1.0],
                [0.999725, 0.012652, 0.019753, -0.0, 0.009613, 0.547111, -0.837005, -0.297546, -0.021397, 0.836965, 0.546839, 0.105437, 0.0, 0.0, 0.0, 1.0],
                [0.999725, 0.012652, 0.019753, -0.0, 0.009613, 0.547111, -0.837005, -0.297546, -0.021397, 0.836965, 0.546839, 0.105437, 0.0, 0.0, 0.0, 1.0],
                [0.999725, 0.012652, 0.019753, -0.0, 0.009613, 0.547111, -0.837005, -0.297546, -0.021397, 0.836965, 0.546839, 0.105437, 0.0, 0.0, 0.0, 1.0],
                [0.999725, 0.012652, 0.019753, -0.0, 0.009613, 0.547111, -0.837005, -0.297546, -0.021397, 0.836965, 0.546839, 0.105437, 0.0, 0.0, 0.0, 1.0],
                [0.999725, 0.012652, 0.019753, -0.0, 0.009613, 0.547111, -0.837005, -0.297546, -0.021397, 0.836965, 0.546839, 0.105437, 0.0, 0.0, 0.0, 1.0],
                [0.999725, 0.012652, 0.019753, -0.0, 0.009613, 0.547111, -0.837005, -0.297546, -0.021397, 0.836965, 0.546839, 0.105437, 0.0, 0.0, 0.0, 1.0],
                [0.999725, 0.012652, 0.019753, -0.0, 0.009613, 0.547111, -0.837005, -0.297546, -0.021397, 0.836965, 0.546839, 0.105437, 0.0, 0.0, 0.0, 1.0],
                [0.999725, 0.012652, 0.019753, -0.0, 0.009613, 0.547111, -0.837005, -0.297546, -0.021397, 0.836965, 0.546839, 0.105437, 0.0, 0.0, 0.0, 1.0],
                [0.999725, 0.012652, 0.019753, -0.0, 0.009613, 0.547111, -0.837005, -0.297546, -0.021397, 0.836965, 0.546839, 0.105437, 0.0, 0.0, 0.0, 1.0],
                [0.999725, 0.012652, 0.019753, -0.0, 0.009613, 0.547111, -0.837005, -0.297546, -0.021397, 0.836965, 0.546839, 0.105437, 0.0, 0.0, 0.0, 1.0],
                [0.999725, 0.012652, 0.019753, -0.0, 0.009613, 0.547111, -0.837005, -0.297546, -0.021397, 0.836965, 0.546839, 0.105437, 0.0, 0.0, 0.0, 1.0],
                [0.999725, 0.012652, 0.019753, -0.0, 0.009613, 0.547111, -0.837005, -0.297546, -0.021397, 0.836965, 0.546839, 0.105437, 0.0, 0.0, 0.0, 1.0],
                [0.999725, 0.012652, 0.019753, -0.0, 0.009613, 0.547111, -0.837005, -0.297546, -0.021397, 0.836965, 0.546839, 0.105437, 0.0, 0.0, 0.0, 1.0],
                [0.999725, 0.012652, 0.019753, -0.0, 0.009613, 0.547111, -0.837005, -0.297546, -0.021397, 0.836965, 0.546839, 0.105437, 0.0, 0.0, 0.0, 1.0],
                [0.999725, 0.012652, 0.019753, -0.0, 0.009613, 0.547111, -0.837005, -0.297546, -0.021397, 0.836965, 0.546839, 0.105437, 0.0, 0.0, 0.0, 1.0],
                [0.999725, 0.012652, 0.019753, -0.0, 0.009613, 0.547111, -0.837005, -0.297546, -0.021397, 0.836965, 0.546839, 0.105437, 0.0, 0.0, 0.0, 1.0],
                [0.999725, 0.012652, 0.019753, -0.0, 0.009613, 0.547111, -0.837005, -0.297546, -0.021397, 0.836965, 0.546839, 0.105437, 0.0, 0.0, 0.0, 1.0],
                [0.999725, 0.012652, 0.019753, -0.0, 0.009613, 0.547111, -0.837005, -0.297546, -0.021397, 0.836965, 0.546839, 0.105437, 0.0, 0.0, 0.0, 1.0],
                [0.999725, 0.012652, 0.019753, -0.0, 0.009613, 0.547111, -0.837005, -0.297546, -0.021397, 0.836965, 0.546839, 0.105437, 0.0, 0.0, 0.0, 1.0],
                [0.999725, 0.012652, 0.019753, -0.0, 0.009613, 0.547111, -0.837005, -0.297546, -0.021397, 0.836965, 0.546839, 0.105437, 0.0, 0.0, 0.0, 1.0],
                [0.999725, 0.012652, 0.019753, -0.0, 0.009613, 0.547111, -0.837005, -0.297546, -0.021397, 0.836965, 0.546839, 0.105437, 0.0, 0.0, 0.0, 1.0],
                [0.999725, 0.012652, 0.019753, -0.0, 0.009613, 0.547111, -0.837005, -0.297546, -0.021397, 0.836965, 0.546839, 0.105437, 0.0, 0.0, 0.0, 1.0],
                [0.999725, 0.012652, 0.019753, -0.0, 0.009613, 0.547111, -0.837005, -0.297546, -0.021397, 0.836965, 0.546839, 0.105437, 0.0, 0.0, 0.0, 1.0],
                [0.999725, 0.012652, 0.019753, -0.0, 0.009613, 0.547111, -0.837005, -0.297546, -0.021397, 0.836965, 0.546839, 0.105437, 0.0, 0.0, 0.0, 1.0],
                [0.999725, 0.012652, 0.019753, -0.0, 0.009613, 0.547111, -0.837005, -0.297546, -0.021397, 0.836965, 0.546839, 0.105437, 0.0, 0.0, 0.0, 1.0],
                [0.999725, 0.012652, 0.019753, -0.0, 0.009613, 0.547111, -0.837005, -0.297546, -0.021397, 0.836965, 0.546839, 0.105437, 0.0, 0.0, 0.0, 1.0],
                [0.999725, 0.012652, 0.019753, -0.0, 0.009613, 0.547111, -0.837005, -0.297546, -0.021397, 0.836965, 0.546839, 0.105437, 0.0, 0.0, 0.0, 1.0],
                [0.999725, 0.012652, 0.019753, -0.0, 0.009613, 0.547111, -0.837005, -0.297546, -0.021397, 0.836965, 0.546839, 0.105437, 0.0, 0.0, 0.0, 1.0],
                [0.999725, 0.012652, 0.019753, -0.0, 0.009613, 0.547111, -0.837005, -0.297546, -0.021397, 0.836965, 0.546839, 0.105437, 0.0, 0.0, 0.0, 1.0],
                [0.999725, 0.012652, 0.019753, -0.0, 0.009613, 0.547111, -0.837005, -0.297546, -0.021397, 0.836965, 0.546839, 0.105437, 0.0, 0.0, 0.0, 1.0],
                [0.999725, 0.012652, 0.019753, -0.0, 0.009613, 0.547111, -0.837005, -0.297546, -0.021397, 0.836965, 0.546839, 0.105437, 0.0, 0.0, 0.0, 1.0],
                [0.999725, 0.012652, 0.019753, -0.0, 0.009613, 0.547111, -0.837005, -0.297546, -0.021397, 0.836965, 0.546839, 0.105437, 0.0, 0.0, 0.0, 1.0],
                [0.999725, 0.012652, 0.019753, -0.0, 0.009613, 0.547111, -0.837005, -0.297546, -0.021397, 0.836965, 0.546839, 0.105437, 0.0, 0.0, 0.0, 1.0],
                [0.999725, 0.012652, 0.019753, -0.0, 0.009613, 0.547111, -0.837005, -0.297546, -0.021397, 0.836965, 0.546839, 0.105437, 0.0, 0.0, 0.0, 1.0],
                [0.999725, 0.012652, 0.019753, -0.0, 0.009613, 0.547111, -0.837005, -0.297546, -0.021397, 0.836965, 0.546839, 0.105437, 0.0, 0.0, 0.0, 1.0],
                [0.999725, 0.012652, 0.019753, -0.0, 0.009613, 0.547111, -0.837005, -0.297546, -0.021397, 0.836965, 0.546839, 0.105437, 0.0, 0.0, 0.0, 1.0],
                [0.999725, 0.012652, 0.019753, -0.0, 0.009613, 0.547111, -0.837005, -0.297546, -0.021397, 0.836965, 0.546839, 0.105437, 0.0, 0.0, 0.0, 1.0],
                [0.999725, 0.012652, 0.019753, -0.0, 0.009613, 0.547111, -0.837005, -0.297546, -0.021397, 0.836965, 0.546839, 0.105437, 0.0, 0.0, 0.0, 1.0],
                [0.999725, 0.012652, 0.019753, -0.0, 0.009613, 0.547111, -0.837005, -0.297546, -0.021397, 0.836965, 0.546839, 0.105437, 0.0, 0.0, 0.0, 1.0],
                [0.999725, 0.012652, 0.019753, -0.0, 0.009613, 0.547111, -0.837005, -0.297546, -0.021397, 0.836965, 0.546839, 0.105437, 0.0, 0.0, 0.0, 1.0],
                [0.999725, 0.012652, 0.019753, -0.0, 0.009613, 0.547111, -0.837005, -0.297546, -0.021397, 0.836965, 0.546839, 0.105437, 0.0, 0.0, 0.0, 1.0],
                [0.999725, 0.012652, 0.019753, -0.0, 0.009613, 0.547111, -0.837005, -0.297546, -0.021397, 0.836965, 0.546839, 0.105437, 0.0, 0.0, 0.0, 1.0],
                [0.999725, 0.012652, 0.019753, -0.0, 0.009613, 0.547111, -0.837005, -0.297546, -0.021397, 0.836965, 0.546839, 0.105437, 0.0, 0.0, 0.0, 1.0],
                [0.999725, 0.012652, 0.019753, -0.0, 0.009613, 0.547111, -0.837005, -0.297546, -0.021397, 0.836965, 0.546839, 0.105437, 0.0, 0.0, 0.0, 1.0],
                [0.999725, 0.012652, 0.019753, -0.0, 0.009613, 0.547111, -0.837005, -0.297546, -0.021397, 0.836965, 0.546839, 0.105437, 0.0, 0.0, 0.0, 1.0],
                [0.999725, 0.012652, 0.019753, -0.0, 0.009613, 0.547111, -0.837005, -0.297546, -0.021397, 0.836965, 0.546839, 0.105437, 0.0, 0.0, 0.0, 1.0],
                [0.999725, 0.012652, 0.019753, -0.0, 0.009613, 0.547111, -0.837005, -0.297546, -0.021397, 0.836965, 0.546839, 0.105437, 0.0, 0.0, 0.0, 1.0],
                [0.999725, 0.012652, 0.019753, -0.0, 0.009613, 0.547111, -0.837005, -0.297546, -0.021397, 0.836965, 0.546839, 0.105437, 0.0, 0.0, 0.0, 1.0],
                [0.999725, 0.012652, 0.019753, -0.0, 0.009613, 0.547111, -0.837005, -0.297546, -0.021397, 0.836965, 0.546839, 0.105437, 0.0, 0.0, 0.0, 1.0],
                [0.999725, 0.012652, 0.019753, -0.0, 0.009613, 0.547111, -0.837005, -0.297546, -0.021397, 0.836965, 0.546839, 0.105437, 0.0, 0.0, 0.0, 1.0],
                [0.999725, 0.012652, 0.019753, -0.0, 0.009613, 0.547111, -0.837005, -0.297546, -0.021397, 0.836965, 0.546839, 0.105437, 0.0, 0.0, 0.0, 1.0],
                [0.999725, 0.012652, 0.019753, -0.0, 0.009613, 0.547111, -0.837005, -0.297546, -0.021397, 0.836965, 0.546839, 0.105437, 0.0, 0.0, 0.0, 1.0],
                [0.999725, 0.012652, 0.019753, -0.0, 0.009613, 0.547111, -0.837005, -0.297546, -0.021397, 0.836965, 0.546839, 0.105437, 0.0, 0.0, 0.0, 1.0],
                [0.999725, 0.012652, 0.019753, -0.0, 0.009613, 0.547111, -0.837005, -0.297546, -0.021397, 0.836965, 0.546839, 0.105437, 0.0, 0.0, 0.0, 1.0],
                [0.999725, 0.012652, 0.019753, -0.0, 0.009613, 0.547111, -0.837005, -0.297546, -0.021397, 0.836965, 0.546839, 0.105437, 0.0, 0.0, 0.0, 1.0],
                [0.999725, 0.012652, 0.019753, -0.0, 0.009613, 0.547111, -0.837005, -0.297546, -0.021397, 0.836965, 0.546839, 0.105437, 0.0, 0.0, 0.0, 1.0],
                [0.999725, 0.012652, 0.019753, -0.0, 0.009613, 0.547111, -0.837005, -0.297546, -0.021397, 0.836965, 0.546839, 0.105437, 0.0, 0.0, 0.0, 1.0],
                [0.999725, 0.012652, 0.019753, -0.0, 0.009613, 0.547111, -0.837005, -0.297546, -0.021397, 0.836965, 0.546839, 0.105437, 0.0, 0.0, 0.0, 1.0],
                [0.999725, 0.012652, 0.019753, -0.0, 0.009613, 0.547111, -0.837005, -0.297546, -0.021397, 0.836965, 0.546839, 0.105437, 0.0, 0.0, 0.0, 1.0],
                [0.999725, 0.012652, 0.019753, -0.0, 0.009613, 0.547111, -0.837005, -0.297546, -0.021397, 0.836965, 0.546839, 0.105437, 0.0, 0.0, 0.0, 1.0],
                [0.999725, 0.012652, 0.019753, -0.0, 0.009613, 0.547111, -0.837005, -0.297546, -0.021397, 0.836965, 0.546839, 0.105437, 0.0, 0.0, 0.0, 1.0],
                [0.999725, 0.012652, 0.019753, -0.0, 0.009613, 0.547111, -0.837005, -0.297546, -0.021397, 0.836965, 0.546839, 0.105437, 0.0, 0.0, 0.0, 1.0],
                [0.999725, 0.012652, 0.019753, -0.0, 0.009613, 0.547111, -0.837005, -0.297546, -0.021397, 0.836965, 0.546839, 0.105437, 0.0, 0.0, 0.0, 1.0],
                [0.999725, 0.012652, 0.019753, -0.0, 0.009613, 0.547111, -0.837005, -0.297546, -0.021397, 0.836965, 0.546839, 0.105437, 0.0, 0.0, 0.0, 1.0],
                [0.999725, 0.012652, 0.019753, -0.0, 0.009613, 0.547111, -0.837005, -0.297546, -0.021397, 0.836965, 0.546839, 0.105437, 0.0, 0.0, 0.0, 1.0],
                [0.999725, 0.012652, 0.019753, -0.0, 0.009613, 0.547111, -0.837005, -0.297546, -0.021397, 0.836965, 0.546839, 0.105437, 0.0, 0.0, 0.0, 1.0],
                [0.999725, 0.012652, 0.019753, -0.0, 0.009613, 0.547111, -0.837005, -0.297546, -0.021397, 0.836965, 0.546839, 0.105437, 0.0, 0.0, 0.0, 1.0],
                [0.999725, 0.012652, 0.019753, -0.0, 0.009613, 0.547111, -0.837005, -0.297546, -0.021397, 0.836965, 0.546839, 0.105437, 0.0, 0.0, 0.0, 1.0],
                [0.999725, 0.012652, 0.019753, -0.0, 0.009613, 0.547111, -0.837005, -0.297546, -0.021397, 0.836965, 0.546839, 0.105437, 0.0, 0.0, 0.0, 1.0],
                [0.999725, 0.012652, 0.019753, -0.0, 0.009613, 0.547111, -0.837005, -0.297546, -0.021397, 0.836965, 0.546839, 0.105437, 0.0, 0.0, 0.0, 1.0],
                [0.999725, 0.012652, 0.019753, -0.0, 0.009613, 0.547111, -0.837005, -0.297546, -0.021397, 0.836965, 0.546839, 0.105437, 0.0, 0.0, 0.0, 1.0],
                [0.999725, 0.012652, 0.019753, -0.0, 0.009613, 0.547111, -0.837005, -0.297546, -0.021397, 0.836965, 0.546839, 0.105437, 0.0, 0.0, 0.0, 1.0],
                [0.999725, 0.012652, 0.019753, -0.0, 0.009613, 0.547111, -0.837005, -0.297546, -0.021397, 0.836965, 0.546839, 0.105437, 0.0, 0.0, 0.0, 1.0],
                [0.999725, 0.012652, 0.019753, -0.0, 0.009613, 0.547111, -0.837005, -0.297546, -0.021397, 0.836965, 0.546839, 0.105437, 0.0, 0.0, 0.0, 1.0],
                [0.999725, 0.012652, 0.019753, -0.0, 0.009613, 0.547111, -0.837005, -0.297546, -0.021397, 0.836965, 0.546839, 0.105437, 0.0, 0.0, 0.0, 1.0],
                [0.999725, 0.012652, 0.019753, -0.0, 0.009613, 0.547111, -0.837005, -0.297546, -0.021397, 0.836965, 0.546839, 0.105437, 0.0, 0.0, 0.0, 1.0],
                [0.999725, 0.012652, 0.019753, -0.0, 0.009613, 0.547111, -0.837005, -0.297546, -0.021397, 0.836965, 0.546839, 0.105437, 0.0, 0.0, 0.0, 1.0],
                [0.999725, 0.012652, 0.019753, -0.0, 0.009613, 0.547111, -0.837005, -0.297546, -0.021397, 0.836965, 0.546839, 0.105437, 0.0, 0.0, 0.0, 1.0],
                [0.999725, 0.012652, 0.019753, -0.0, 0.009613, 0.547111, -0.837005, -0.297546, -0.021397, 0.836965, 0.546839, 0.105437, 0.0, 0.0, 0.0, 1.0],
                [0.999725, 0.012652, 0.019753, -0.0, 0.009613, 0.547111, -0.837005, -0.297546, -0.021397, 0.836965, 0.546839, 0.105437, 0.0, 0.0, 0.0, 1.0],
                [0.999725, 0.012652, 0.019753, -0.0, 0.009613, 0.547111, -0.837005, -0.297546, -0.021397, 0.836965, 0.546839, 0.105437, 0.0, 0.0, 0.0, 1.0],
                [0.999725, 0.012652, 0.019753, -0.0, 0.009613, 0.547111, -0.837005, -0.297546, -0.021397, 0.836965, 0.546839, 0.105437, 0.0, 0.0, 0.0, 1.0],
                [0.999725, 0.012652, 0.019753, -0.0, 0.009613, 0.547111, -0.837005, -0.297546, -0.021397, 0.836965, 0.546839, 0.105437, 0.0, 0.0, 0.0, 1.0],
                [0.999725, 0.012652, 0.019753, -0.0, 0.009613, 0.547111, -0.837005, -0.297546, -0.021397, 0.836965, 0.546839, 0.105437, 0.0, 0.0, 0.0, 1.0],
                [0.999725, 0.012652, 0.019753, -0.0, 0.009613, 0.547111, -0.837005, -0.297546, -0.021397, 0.836965, 0.546839, 0.105437, 0.0, 0.0, 0.0, 1.0],
                [0.999725, 0.012652, 0.019753, -0.0, 0.009613, 0.547111, -0.837005, -0.297546, -0.021397, 0.836965, 0.546839, 0.105437, 0.0, 0.0, 0.0, 1.0],
                [0.999725, 0.012652, 0.019753, -0.0, 0.009613, 0.547111, -0.837005, -0.297546, -0.021397, 0.836965, 0.546839, 0.105437, 0.0, 0.0, 0.0, 1.0],
                [0.999725, 0.012652, 0.019753, -0.0, 0.009613, 0.547111, -0.837005, -0.297546, -0.021397, 0.836965, 0.546839, 0.105437, 0.0, 0.0, 0.0, 1.0],
                [0.999725, 0.012652, 0.019753, -0.0, 0.009613, 0.547111, -0.837005, -0.297546, -0.021397, 0.836965, 0.546839, 0.105437, 0.0, 0.0, 0.0, 1.0],
                [0.999725, 0.012652, 0.019753, -0.0, 0.009613, 0.547111, -0.837005, -0.297546, -0.021397, 0.836965, 0.546839, 0.105437, 0.0, 0.0, 0.0, 1.0],
                [0.999725, 0.012652, 0.019753, -0.0, 0.009613, 0.547111, -0.837005, -0.297546, -0.021397, 0.836965, 0.546839, 0.105437, 0.0, 0.0, 0.0, 1.0],
                [0.999725, 0.012652, 0.019753, -0.0, 0.009613, 0.547111, -0.837005, -0.297546, -0.021397, 0.836965, 0.546839, 0.105437, 0.0, 0.0, 0.0, 1.0],
                [0.999725, 0.012652, 0.019753, -0.0, 0.009613, 0.547111, -0.837005, -0.297546, -0.021397, 0.836965, 0.546839, 0.105437, 0.0, 0.0, 0.0, 1.0],
                [0.999725, 0.012652, 0.019753, -0.0, 0.009613, 0.547111, -0.837005, -0.297546, -0.021397, 0.836965, 0.546839, 0.105437, 0.0, 0.0, 0.0, 1.0],
                [0.999725, 0.012652, 0.019753, -0.0, 0.009613, 0.547111, -0.837005, -0.297546, -0.021397, 0.836965, 0.546839, 0.105437, 0.0, 0.0, 0.0, 1.0],
                [0.999725, 0.012652, 0.019753, -0.0, 0.009613, 0.547111, -0.837005, -0.297546, -0.021397, 0.836965, 0.546839, 0.105437, 0.0, 0.0, 0.0, 1.0],
                [0.999725, 0.012652, 0.019753, -0.0, 0.009613, 0.547111, -0.837005, -0.297546, -0.021397, 0.836965, 0.546839, 0.105437, 0.0, 0.0, 0.0, 1.0],
                [0.999725, 0.012652, 0.019753, -0.0, 0.009613, 0.547111, -0.837005, -0.297546, -0.021397, 0.836965, 0.546839, 0.105437, 0.0, 0.0, 0.0, 1.0],
                [0.999725, 0.012652, 0.019753, -0.0, 0.009613, 0.547111, -0.837005, -0.297546, -0.021397, 0.836965, 0.546839, 0.105437, 0.0, 0.0, 0.0, 1.0],
                [0.999725, 0.012652, 0.019753, -0.0, 0.009613, 0.547111, -0.837005, -0.297546, -0.021397, 0.836965, 0.546839, 0.105437, 0.0, 0.0, 0.0, 1.0],
                [0.999725, 0.012652, 0.019753, -0.0, 0.009613, 0.547111, -0.837005, -0.297546, -0.021397, 0.836965, 0.546839, 0.105437, 0.0, 0.0, 0.0, 1.0],
                [0.999725, 0.012652, 0.019753, -0.0, 0.009613, 0.547111, -0.837005, -0.297546, -0.021397, 0.836965, 0.546839, 0.105437, 0.0, 0.0, 0.0, 1.0],
                [0.999725, 0.012652, 0.019753, -0.0, 0.009613, 0.547111, -0.837005, -0.297546, -0.021397, 0.836965, 0.546839, 0.105437, 0.0, 0.0, 0.0, 1.0],
                [0.999725, 0.012652, 0.019753, -0.0, 0.009613, 0.547111, -0.837005, -0.297546, -0.021397, 0.836965, 0.546839, 0.105437, 0.0, 0.0, 0.0, 1.0],
                [0.999725, 0.012652, 0.019753, -0.0, 0.009613, 0.547111, -0.837005, -0.297546, -0.021397, 0.836965, 0.546839, 0.105437, 0.0, 0.0, 0.0, 1.0],
                [0.999725, 0.012652, 0.019753, -0.0, 0.009613, 0.547111, -0.837005, -0.297546, -0.021397, 0.836965, 0.546839, 0.105437, 0.0, 0.0, 0.0, 1.0],
                [0.999725, 0.012652, 0.019753, -0.0, 0.009613, 0.547111, -0.837005, -0.297546, -0.021397, 0.836965, 0.546839, 0.105437, 0.0, 0.0, 0.0, 1.0],
                [0.999725, 0.012652, 0.019753, -0.0, 0.009613, 0.547111, -0.837005, -0.297546, -0.021397, 0.836965, 0.546839, 0.105437, 0.0, 0.0, 0.0, 1.0],
                [0.999725, 0.012652, 0.019753, -0.0, 0.009613, 0.547111, -0.837005, -0.297546, -0.021397, 0.836965, 0.546839, 0.105437, 0.0, 0.0, 0.0, 1.0],
                [0.999725, 0.012652, 0.019753, -0.0, 0.009613, 0.547111, -0.837005, -0.297546, -0.021397, 0.836965, 0.546839, 0.105437, 0.0, 0.0, 0.0, 1.0],
                [0.999725, 0.012652, 0.019753, -0.0, 0.009613, 0.547111, -0.837005, -0.297546, -0.021397, 0.836965, 0.546839, 0.105437, 0.0, 0.0, 0.0, 1.0],
                [0.999725, 0.012652, 0.019753, -0.0, 0.009613, 0.547111, -0.837005, -0.297546, -0.021397, 0.836965, 0.546839, 0.105437, 0.0, 0.0, 0.0, 1.0],
                [0.999725, 0.012652, 0.019753, -0.0, 0.009613, 0.547111, -0.837005, -0.297546, -0.021397, 0.836965, 0.546839, 0.105437, 0.0, 0.0, 0.0, 1.0],
                [0.999725, 0.012652, 0.019753, -0.0, 0.009613, 0.547111, -0.837005, -0.297546, -0.021397, 0.836965, 0.546839, 0.105437, 0.0, 0.0, 0.0, 1.0],
                [0.999725, 0.012652, 0.019753, -0.0, 0.009613, 0.547111, -0.837005, -0.297546, -0.021397, 0.836965, 0.546839, 0.105437, 0.0, 0.0, 0.0, 1.0],
                [0.999725, 0.012652, 0.019753, -0.0, 0.009613, 0.547111, -0.837005, -0.297546, -0.021397, 0.836965, 0.546839, 0.105437, 0.0, 0.0, 0.0, 1.0],
                [0.999725, 0.012652, 0.019753, -0.0, 0.009613, 0.547111, -0.837005, -0.297546, -0.021397, 0.836965, 0.546839, 0.105437, 0.0, 0.0, 0.0, 1.0],
                [0.999725, 0.012652, 0.019753, -0.0, 0.009613, 0.547111, -0.837005, -0.297546, -0.021397, 0.836965, 0.546839, 0.105437, 0.0, 0.0, 0.0, 1.0],
                [0.999725, 0.012652, 0.019753, -0.0, 0.009613, 0.547111, -0.837005, -0.297546, -0.021397, 0.836965, 0.546839, 0.105437, 0.0, 0.0, 0.0, 1.0],
                [0.999725, 0.012652, 0.019753, -0.0, 0.009613, 0.547111, -0.837005, -0.297546, -0.021397, 0.836965, 0.546839, 0.105437, 0.0, 0.0, 0.0, 1.0],
                [0.999725, 0.012652, 0.019753, -0.0, 0.009613, 0.547111, -0.837005, -0.297546, -0.021397, 0.836965, 0.546839, 0.105437, 0.0, 0.0, 0.0, 1.0],
                [0.999725, 0.012652, 0.019753, -0.0, 0.009613, 0.547111, -0.837005, -0.297546, -0.021397, 0.836965, 0.546839, 0.105437, 0.0, 0.0, 0.0, 1.0],
                [0.999725, 0.012652, 0.019753, -0.0, 0.009613, 0.547111, -0.837005, -0.297546, -0.021397, 0.836965, 0.546839, 0.105437, 0.0, 0.0, 0.0, 1.0],
                [0.999725, 0.012652, 0.019753, -0.0, 0.009613, 0.547111, -0.837005, -0.297546, -0.021397, 0.836965, 0.546839, 0.105437, 0.0, 0.0, 0.0, 1.0],
                [0.999725, 0.012652, 0.019753, -0.0, 0.009613, 0.547111, -0.837005, -0.297546, -0.021397, 0.836965, 0.546839, 0.105437, 0.0, 0.0, 0.0, 1.0],
                [0.999725, 0.012652, 0.019753, -0.0, 0.009613, 0.547111, -0.837005, -0.297546, -0.021397, 0.836965, 0.546839, 0.105437, 0.0, 0.0, 0.0, 1.0],
                [0.999725, 0.012652, 0.019753, -0.0, 0.009613, 0.547111, -0.837005, -0.297546, -0.021397, 0.836965, 0.546839, 0.105437, 0.0, 0.0, 0.0, 1.0],
                [0.999725, 0.012652, 0.019753, -0.0, 0.009613, 0.547111, -0.837005, -0.297546, -0.021397, 0.836965, 0.546839, 0.105437, 0.0, 0.0, 0.0, 1.0],
                [0.999725, 0.012652, 0.019753, -0.0, 0.009613, 0.547111, -0.837005, -0.297546, -0.021397, 0.836965, 0.546839, 0.105437, 0.0, 0.0, 0.0, 1.0],
                [0.999725, 0.012652, 0.019753, -0.0, 0.009613, 0.547111, -0.837005, -0.297546, -0.021397, 0.836965, 0.546839, 0.105437, 0.0, 0.0, 0.0, 1.0],
                [0.999725, 0.012652, 0.019753, -0.0, 0.009613, 0.547111, -0.837005, -0.297546, -0.021397, 0.836965, 0.546839, 0.105437, 0.0, 0.0, 0.0, 1.0],
                [0.999725, 0.012652, 0.019753, -0.0, 0.009613, 0.547111, -0.837005, -0.297546, -0.021397, 0.836965, 0.546839, 0.105437, 0.0, 0.0, 0.0, 1.0],
                [0.999725, 0.012652, 0.019753, -0.0, 0.009613, 0.547111, -0.837005, -0.297546, -0.021397, 0.836965, 0.546839, 0.105437, 0.0, 0.0, 0.0, 1.0],
                [0.999725, 0.012652, 0.019753, -0.0, 0.009613, 0.547111, -0.837005, -0.297546, -0.021397, 0.836965, 0.546839, 0.105437, 0.0, 0.0, 0.0, 1.0],
                [0.999725, 0.012652, 0.019753, -0.0, 0.009613, 0.547111, -0.837005, -0.297546, -0.021397, 0.836965, 0.546839, 0.105437, 0.0, 0.0, 0.0, 1.0],
                [0.999725, 0.012652, 0.019753, -0.0, 0.009613, 0.547111, -0.837005, -0.297546, -0.021397, 0.836965, 0.546839, 0.105437, 0.0, 0.0, 0.0, 1.0],
                [0.999725, 0.012652, 0.019753, -0.0, 0.009613, 0.547111, -0.837005, -0.297546, -0.021397, 0.836965, 0.546839, 0.105437, 0.0, 0.0, 0.0, 1.0],
                [0.999725, 0.012652, 0.019753, -0.0, 0.009613, 0.547111, -0.837005, -0.297546, -0.021397, 0.836965, 0.546839, 0.105437, 0.0, 0.0, 0.0, 1.0],
                [0.999725, 0.012652, 0.019753, -0.0, 0.009613, 0.547111, -0.837005, -0.297546, -0.021397, 0.836965, 0.546839, 0.105437, 0.0, 0.0, 0.0, 1.0],
                [0.999725, 0.012652, 0.019753, -0.0, 0.009613, 0.547111, -0.837005, -0.297546, -0.021397, 0.836965, 0.546839, 0.105437, 0.0, 0.0, 0.0, 1.0],
                [0.999725, 0.012652, 0.019753, -0.0, 0.009613, 0.547111, -0.837005, -0.297546, -0.021397, 0.836965, 0.546839, 0.105437, 0.0, 0.0, 0.0, 1.0],
                [0.999725, 0.012652, 0.019753, -0.0, 0.009613, 0.547111, -0.837005, -0.297546, -0.021397, 0.836965, 0.546839, 0.105437, 0.0, 0.0, 0.0, 1.0],
                [0.999725, 0.012652, 0.019753, -0.0, 0.009613, 0.547111, -0.837005, -0.297546, -0.021397, 0.836965, 0.546839, 0.105437, 0.0, 0.0, 0.0, 1.0],
                [0.999725, 0.012652, 0.019753, -0.0, 0.009613, 0.547111, -0.837005, -0.297546, -0.021397, 0.836965, 0.546839, 0.105437, 0.0, 0.0, 0.0, 1.0],
                [0.999725, 0.012652, 0.019753, -0.0, 0.009613, 0.547111, -0.837005, -0.297546, -0.021397, 0.836965, 0.546839, 0.105437, 0.0, 0.0, 0.0, 1.0],
                [0.999725, 0.012652, 0.019753, -0.0, 0.009613, 0.547111, -0.837005, -0.297546, -0.021397, 0.836965, 0.546839, 0.105437, 0.0, 0.0, 0.0, 1.0],
                [0.999725, 0.012652, 0.019753, -0.0, 0.009613, 0.547111, -0.837005, -0.297546, -0.021397, 0.836965, 0.546839, 0.105437, 0.0, 0.0, 0.0, 1.0],
                [0.999725, 0.012652, 0.019753, -0.0, 0.009613, 0.547111, -0.837005, -0.297546, -0.021397, 0.836965, 0.546839, 0.105437, 0.0, 0.0, 0.0, 1.0],
                [0.999725, 0.012652, 0.019753, -0.0, 0.009613, 0.547111, -0.837005, -0.297546, -0.021397, 0.836965, 0.546839, 0.105437, 0.0, 0.0, 0.0, 1.0],
                [0.999725, 0.012652, 0.019753, -0.0, 0.009613, 0.547111, -0.837005, -0.297546, -0.021397, 0.836965, 0.546839, 0.105437, 0.0, 0.0, 0.0, 1.0],
                [0.999725, 0.012652, 0.019753, -0.0, 0.009613, 0.547111, -0.837005, -0.297546, -0.021397, 0.836965, 0.546839, 0.105437, 0.0, 0.0, 0.0, 1.0],
                [0.999725, 0.012652, 0.019753, -0.0, 0.009613, 0.547111, -0.837005, -0.297546, -0.021397, 0.836965, 0.546839, 0.105437, 0.0, 0.0, 0.0, 1.0],
                [0.999725, 0.012652, 0.019753, -0.0, 0.009613, 0.547111, -0.837005, -0.297546, -0.021397, 0.836965, 0.546839, 0.105437, 0.0, 0.0, 0.0, 1.0],
                [0.999725, 0.012652, 0.019753, -0.0, 0.009613, 0.547111, -0.837005, -0.297546, -0.021397, 0.836965, 0.546839, 0.105437, 0.0, 0.0, 0.0, 1.0],
                [0.999725, 0.012652, 0.019753, -0.0, 0.009613, 0.547111, -0.837005, -0.297546, -0.021397, 0.836965, 0.546839, 0.105437, 0.0, 0.0, 0.0, 1.0],
                [0.999725, 0.012652, 0.019753, -0.0, 0.009613, 0.547111, -0.837005, -0.297546, -0.021397, 0.836965, 0.546839, 0.105437, 0.0, 0.0, 0.0, 1.0],
                [0.999725, 0.012652, 0.019753, -0.0, 0.009613, 0.547111, -0.837005, -0.297546, -0.021397, 0.836965, 0.546839, 0.105437, 0.0, 0.0, 0.0, 1.0],
                [0.999725, 0.012652, 0.019753, -0.0, 0.009613, 0.547111, -0.837005, -0.297546, -0.021397, 0.836965, 0.546839, 0.105437, 0.0, 0.0, 0.0, 1.0],
                [0.999725, 0.012652, 0.019753, -0.0, 0.009613, 0.547111, -0.837005, -0.297546, -0.021397, 0.836965, 0.546839, 0.105437, 0.0, 0.0, 0.0, 1.0],
                [0.999725, 0.012652, 0.019753, -0.0, 0.009613, 0.547111, -0.837005, -0.297546, -0.021397, 0.836965, 0.546839, 0.105437, 0.0, 0.0, 0.0, 1.0],
                [0.999725, 0.012652, 0.019753, -0.0, 0.009613, 0.547111, -0.837005, -0.297546, -0.021397, 0.836965, 0.546839, 0.105437, 0.0, 0.0, 0.0, 1.0],
                [0.999725, 0.012652, 0.019753, -0.0, 0.009613, 0.547111, -0.837005, -0.297546, -0.021397, 0.836965, 0.546839, 0.105437, 0.0, 0.0, 0.0, 1.0],
                [0.999725, 0.012652, 0.019753, -0.0, 0.009613, 0.547111, -0.837005, -0.297546, -0.021397, 0.836965, 0.546839, 0.105437, 0.0, 0.0, 0.0, 1.0],
                [0.999725, 0.012652, 0.019753, -0.0, 0.009613, 0.547111, -0.837005, -0.297546, -0.021397, 0.836965, 0.546839, 0.105437, 0.0, 0.0, 0.0, 1.0],
                [0.999725, 0.012652, 0.019753, -0.0, 0.009613, 0.547111, -0.837005, -0.297546, -0.021397, 0.836965, 0.546839, 0.105437, 0.0, 0.0, 0.0, 1.0],
                [0.999725, 0.012652, 0.019753, -0.0, 0.009613, 0.547111, -0.837005, -0.297546, -0.021397, 0.836965, 0.546839, 0.105437, 0.0, 0.0, 0.0, 1.0],
                [0.999725, 0.012652, 0.019753, -0.0, 0.009613, 0.547111, -0.837005, -0.297546, -0.021397, 0.836965, 0.546839, 0.105437, 0.0, 0.0, 0.0, 1.0],
                [0.999725, 0.012652, 0.019753, -0.0, 0.009613, 0.547111, -0.837005, -0.297546, -0.021397, 0.836965, 0.546839, 0.105437, 0.0, 0.0, 0.0, 1.0],
                [0.999725, 0.012652, 0.019753, -0.0, 0.009613, 0.547111, -0.837005, -0.297546, -0.021397, 0.836965, 0.546839, 0.105437, 0.0, 0.0, 0.0, 1.0],
                [0.999725, 0.012652, 0.019753, -0.0, 0.009613, 0.547111, -0.837005, -0.297546, -0.021397, 0.836965, 0.546839, 0.105437, 0.0, 0.0, 0.0, 1.0],
                [0.999725, 0.012652, 0.019753, -0.0, 0.009613, 0.547111, -0.837005, -0.297546, -0.021397, 0.836965, 0.546839, 0.105437, 0.0, 0.0, 0.0, 1.0],
                [0.999725, 0.012652, 0.019753, -0.0, 0.009613, 0.547111, -0.837005, -0.297546, -0.021397, 0.836965, 0.546839, 0.105437, 0.0, 0.0, 0.0, 1.0],
                [0.999725, 0.012652, 0.019753, -0.0, 0.009613, 0.547111, -0.837005, -0.297546, -0.021397, 0.836965, 0.546839, 0.105437, 0.0, 0.0, 0.0, 1.0],
                [0.999725, 0.012652, 0.019753, -0.0, 0.009613, 0.547111, -0.837005, -0.297546, -0.021397, 0.836965, 0.546839, 0.105437, 0.0, 0.0, 0.0, 1.0],
                [0.999725, 0.012652, 0.019753, -0.0, 0.009613, 0.547111, -0.837005, -0.297546, -0.021397, 0.836965, 0.546839, 0.105437, 0.0, 0.0, 0.0, 1.0],
                [0.999725, 0.012652, 0.019753, -0.0, 0.009613, 0.547111, -0.837005, -0.297546, -0.021397, 0.836965, 0.546839, 0.105437, 0.0, 0.0, 0.0, 1.0],
                [0.999725, 0.012652, 0.019753, -0.0, 0.009613, 0.547111, -0.837005, -0.297546, -0.021397, 0.836965, 0.546839, 0.105437, 0.0, 0.0, 0.0, 1.0],
                [0.999725, 0.012652, 0.019753, -0.0, 0.009613, 0.547111, -0.837005, -0.297546, -0.021397, 0.836965, 0.546839, 0.105437, 0.0, 0.0, 0.0, 1.0],
                [0.999725, 0.012652, 0.019753, -0.0, 0.009613, 0.547111, -0.837005, -0.297546, -0.021397, 0.836965, 0.546839, 0.105437, 0.0, 0.0, 0.0, 1.0],
                [0.999725, 0.012652, 0.019753, -0.0, 0.009613, 0.547111, -0.837005, -0.297546, -0.021397, 0.836965, 0.546839, 0.105437, 0.0, 0.0, 0.0, 1.0],
                [0.999725, 0.012652, 0.019753, -0.0, 0.009613, 0.547111, -0.837005, -0.297546, -0.021397, 0.836965, 0.546839, 0.105437, 0.0, 0.0, 0.0, 1.0]
            ]
        },
        {
            "name": "Torso",
            "time": [0.0, 0.0417, 0.0833, 0.125, 0.1667, 0.2083, 0.25, 0.2917, 0.3333, 0.375, 0.4167, 0.4583, 0.5, 0.5417, 0.5833, 0.625, 0.6667, 0.7083, 0.75, 0.7917, 0.8333, 0.875, 0.9167, 0.9583, 1.0, 1.0417, 1.0833, 1.125, 1.1667, 1.2083, 1.25, 1.2917, 1.3333, 1.375, 1.4167, 1.4583, 1.5, 1.5417, 1.5833, 1.625, 1.6667, 1.7083, 1.75, 1.7917, 1.8333, 1.875, 1.9167, 1.9583, 2.0, 2.0417, 2.0833, 2.125, 2.1667, 2.2083, 2.25, 2.2917, 2.3333, 2.375, 2.4167, 2.4583, 2.5, 2.5417, 2.5833, 2.625, 2.6667, 2.7083, 2.75, 2.7917, 2.8333, 2.875, 2.9167, 2.9583, 3.0, 3.0417, 3.0833, 3.125, 3.1667, 3.2083, 3.25, 3.2917, 3.3333, 3.375, 3.4167, 3.4583, 3.5, 3.5417, 3.5833, 3.625, 3.6667, 3.7083, 3.75, 3.7917, 3.8333, 3.875, 3.9167, 3.9583, 4.0, 4.0417, 4.0833, 4.125, 4.1667, 4.2083, 4.25, 4.2917, 4.3333, 4.375, 4.4167, 4.4583, 4.5, 4.5417, 4.5833, 4.625, 4.6667, 4.7083, 4.75, 4.7917, 4.8333, 4.875, 4.9167, 4.9583, 5.0, 5.0417, 5.0833, 5.125, 5.1667, 5.2083, 5.25, 5.2917, 5.3333, 5.375, 5.4167, 5.4583, 5.5, 5.5417, 5.5833, 5.625, 5.6667, 5.7083, 5.75, 5.7917, 5.8333, 5.875, 5.9167, 5.9583, 6.0, 6.0417, 6.0833, 6.125, 6.1667, 6.2083, 6.25, 6.2917, 6.3333, 6.375, 6.4167, 6.4583, 6.5, 6.5417, 6.5833, 6.625, 6.6667, 6.7083, 6.75, 6.7917, 6.8333, 6.875, 6.9167, 6.9583, 7.0, 7.0417, 7.0833, 7.125, 7.1667, 7.2083, 7.25, 7.2917, 7.3333, 7.375, 7.4167, 7.4583, 7.5, 7.5417],
            "transform": [
                [0.999967, 0.007217, -0.00378, 0.0, -0.005993, 0.965928, 0.25874, 0.086063, 0.005518, -0.258708, 0.96594, -0.0, 0.0, 0.0, 0.0, 1.0],
                [0.999967, 0.007217, -0.00378, 0.0, -0.005993, 0.96593, 0.258732, 0.086063, 0.005518, -0.258701, 0.965942, -0.0, 0.0, 0.0, 0.0, 1.0],
                [0.999967, 0.007216, -0.00378, 0.0, -0.005993, 0.965936, 0.25871, 0.086063, 0.005518, -0.258679, 0.965948, -0.0, 0.0, 0.0, 0.0, 1.0],
                [0.999967, 0.007216, -0.00378, 0.0, -0.005993, 0.965946, 0.258674, 0.086063, 0.005518, -0.258642, 0.965957, -0.0, 0.0, 0.0, 0.0, 1.0],
                [0.999967, 0.007216, -0.003781, 0.0, -0.005993, 0.965959, 0.258625, 0.086063, 0.005518, -0.258593, 0.96597, -0.0, 0.0, 0.0, 0.0, 1.0],
                [0.999967, 0.007216, -0.003781, 0.0, -0.005993, 0.965976, 0.258564, 0.086063, 0.005518, -0.258532, 0.965987, -0.0, 0.0, 0.0, 0.0, 1.0],
                [0.999967, 0.007216, -0.003782, 0.0, -0.005993, 0.965995, 0.258491, 0.086063, 0.005518, -0.25846, 0.966006, -0.0, 0.0, 0.0, 0.0, 1.0],
                [0.999967, 0.007215, -0.003782, 0.0, -0.005993, 0.966017, 0.258409, 0.086063, 0.005518, -0.258377, 0.966028, -0.0, 0.0, 0.0, 0.0, 1.0],
                [0.999967, 0.007215, -0.003783, 0.0, -0.005993, 0.966042, 0.258316, 0.086063, 0.005518, -0.258285, 0.966053, -0.0, 0.0, 0.0, 0.0, 1.0],
                [0.999967, 0.007215, -0.003784, 0.0, -0.005993, 0.966069, 0.258215, 0.086063, 0.005518, -0.258184, 0.96608, -0.0, 0.0, 0.0, 0.0, 1.0],
                [0.999967, 0.007214, -0.003785, 0.0, -0.005993, 0.966098, 0.258107, 0.086063, 0.005518, -0.258076, 0.966109, -0.0, 0.0, 0.0, 0.0, 1.0],
                [0.999967, 0.007214, -0.003785, 0.0, -0.005993, 0.966129, 0.257991, 0.086063, 0.005518, -0.25796, 0.96614, -0.0, 0.0, 0.0, 0.0, 1.0],
                [0.999967, 0.007213, -0.003786, 0.0, -0.005993, 0.966161, 0.25787, 0.086063, 0.005518, -0.257839, 0.966172, -0.0, 0.0, 0.0, 0.0, 1.0],
                [0.999967, 0.007213, -0.003787, 0.0, -0.005993, 0.966195, 0.257743, 0.086063, 0.005518, -0.257712, 0.966206, -0.0, 0.0, 0.0, 0.0, 1.0],
                [0.999967, 0.007212, -0.003788, 0.0, -0.005993, 0.96623, 0.257612, 0.086063, 0.005518, -0.257581, 0.966241, -0.0, 0.0, 0.0, 0.0, 1.0],
                [0.999967, 0.007212, -0.003789, 0.0, -0.005993, 0.966266, 0.257478, 0.086063, 0.005518, -0.257446, 0.966277, -0.0, 0.0, 0.0, 0.0, 1.0],
                [0.999967, 0.007211, -0.00379, 0.0, -0.005993, 0.966302, 0.25734, 0.086063, 0.005518, -0.257309, 0.966313, -0.0, 0.0, 0.0, 0.0, 1.0],
                [0.999967, 0.007211, -0.003791, 0.0, -0.005993, 0.966339, 0.257201, 0.086063, 0.005518, -0.25717, 0.96635, -0.0, 0.0, 0.0, 0.0, 1.0],
                [0.999967, 0.00721, -0.003792, 0.0, -0.005993, 0.966376, 0.257062, 0.086063, 0.005518, -0.257031, 0.966388, -0.0, 0.0, 0.0, 0.0, 1.0],
                [0.999967, 0.007209, -0.003793, 0.0, -0.005993, 0.966414, 0.256922, 0.086063, 0.005518, -0.256891, 0.966425, -0.0, 0.0, 0.0, 0.0, 1.0],
                [0.999967, 0.007209, -0.003794, 0.0, -0.005993, 0.96645, 0.256783, 0.086063, 0.005518, -0.256752, 0.966462, -0.0, 0.0, 0.0, 0.0, 1.0],
                [0.999967, 0.007208, -0.003795, 0.0, -0.005993, 0.966487, 0.256646, 0.086063, 0.005518, -0.256615, 0.966498, -0.0, 0.0, 0.0, 0.0, 1.0],
                [0.999967, 0.007208, -0.003796, 0.0, -0.005993, 0.966523, 0.256511, 0.086063, 0.005518, -0.25648, 0.966534, -0.0, 0.0, 0.0, 0.0, 1.0],
                [0.999967, 0.007207, -0.003797, 0.0, -0.005993, 0.966557, 0.25638, 0.086063, 0.005518, -0.256349, 0.966569, -0.0, 0.0, 0.0, 0.0, 1.0],
                [0.999967, 0.007207, -0.003798, 0.0, -0.005993, 0.966591, 0.256254, 0.086063, 0.005518, -0.256222, 0.966602, -0.0, 0.0, 0.0, 0.0, 1.0],
                [0.999967, 0.007206, -0.003799, 0.0, -0.005993, 0.966623, 0.256132, 0.086063, 0.005518, -0.256101, 0.966634, -0.0, 0.0, 0.0, 0.0, 1.0],
                [0.999967, 0.007206, -0.0038, 0.0, -0.005993, 0.966654, 0.256016, 0.086063, 0.005518, -0.255985, 0.966665, -0.0, 0.0, 0.0, 0.0, 1.0],
                [0.999967, 0.007205, -0.003801, 0.0, -0.005993, 0.966683, 0.255908, 0.086063, 0.005518, -0.255877, 0.966694, -0.0, 0.0, 0.0, 0.0, 1.0],
                [0.999967, 0.007205, -0.003802, 0.0, -0.005993, 0.966709, 0.255807, 0.086063, 0.005518, -0.255776, 0.96672, -0.0, 0.0, 0.0, 0.0, 1.0],
                [0.999967, 0.007205, -0.003802, 0.0, -0.005993, 0.966734, 0.255715, 0.086063, 0.005518, -0.255683, 0.966745, -0.0, 0.0, 0.0, 0.0, 1.0],
                [0.999967, 0.007204, -0.003803, 0.0, -0.005993, 0.966756, 0.255632, 0.086063, 0.005518, -0.255601, 0.966767, -0.0, 0.0, 0.0, 0.0, 1.0],
                [0.999967, 0.007204, -0.003804, 0.0, -0.005993, 0.966775, 0.255559, 0.086063, 0.005518, -0.255528, 0.966786, -0.0, 0.0, 0.0, 0.0, 1.0],
                [0.999967, 0.007204, -0.003804, 0.0, -0.005993, 0.966791, 0.255498, 0.086063, 0.005518, -0.255467, 0.966802, -0.0, 0.0, 0.0, 0.0, 1.0],
                [0.999967, 0.007204, -0.003804, 0.0, -0.005993, 0.966804, 0.255449, 0.086063, 0.005518, -0.255418, 0.966815, -0.0, 0.0, 0.0, 0.0, 1.0],
                [0.999967, 0.007204, -0.003805, 0.0, -0.005993, 0.966813, 0.255413, 0.086063, 0.005518, -0.255382, 0.966825, -0.0, 0.0, 0.0, 0.0, 1.0],
                [0.999967, 0.007203, -0.003805, 0.0, -0.005993, 0.966819, 0.255391, 0.086063, 0.005518, -0.255359, 0.96683, -0.0, 0.0, 0.0, 0.0, 1.0],
                [0.999967, 0.007203, -0.003805, 0.0, -0.005993, 0.966821, 0.255383, 0.086063, 0.005518, -0.255352, 0.966832, -0.0, 0.0, 0.0, 0.0, 1.0],
                [0.999967, 0.007203, -0.003805, 0.0, -0.005993, 0.966821, 0.255385, 0.086063, 0.005518, -0.255354, 0.966832, -0.0, 0.0, 0.0, 0.0, 1.0],
                [0.999967, 0.007203, -0.003805, 0.0, -0.005993, 0.966819, 0.255391, 0.086063, 0.005518, -0.25536, 0.96683, -0.0, 0.0, 0.0, 0.0, 1.0],
                [0.999967, 0.007204, -0.003805, 0.0, -0.005993, 0.966817, 0.255401, 0.086063, 0.005518, -0.255369, 0.966828, -0.0, 0.0, 0.0, 0.0, 1.0],
                [0.999967, 0.007204, -0.003805, 0.0, -0.005993, 0.966813, 0.255414, 0.086063, 0.005518, -0.255383, 0.966824, -0.0, 0.0, 0.0, 0.0, 1.0],
                [0.999967, 0.007204, -0.003804, 0.0, -0.005993, 0.966809, 0.255431, 0.086063, 0.005518, -0.255399, 0.96682, -0.0, 0.0, 0.0, 0.0, 1.0],
                [0.999967, 0.007204, -0.003804, 0.0, -0.005993, 0.966803, 0.255451, 0.086063, 0.005518, -0.25542, 0.966815, -0.0, 0.0, 0.0, 0.0, 1.0],
                [0.999967, 0.007204, -0.003804, 0.0, -0.005993, 0.966797, 0.255474, 0.086063, 0.005518, -0.255443, 0.966808, -0.0, 0.0, 0.0, 0.0, 1.0],
                [0.999967, 0.007204, -0.003804, 0.0, -0.005993, 0.96679, 0.255501, 0.086063, 0.005518, -0.25547, 0.966801, -0.0, 0.0, 0.0, 0.0, 1.0],
                [0.999967, 0.007204, -0.003804, 0.0, -0.005993, 0.966782, 0.255531, 0.086063, 0.005518, -0.2555, 0.966793, -0.0, 0.0, 0.0, 0.0, 1.0],
                [0.999967, 0.007204, -0.003803, 0.0, -0.005993, 0.966774, 0.255564, 0.086063, 0.005518, -0.255533, 0.966785, -0.0, 0.0, 0.0, 0.0, 1.0],
                [0.999967, 0.007204, -0.003803, 0.0, -0.005993, 0.966764, 0.2556, 0.086063, 0.005518, -0.255569, 0.966775, -0.0, 0.0, 0.0, 0.0, 1.0],
                [0.999967, 0.007204, -0.003803, 0.0, -0.005993, 0.966754, 0.255638, 0.086063, 0.005518, -0.255607, 0.966765, -0.0, 0.0, 0.0, 0.0, 1.0],
                [0.999967, 0.007205, -0.003803, 0.0, -0.005993, 0.966743, 0.25568, 0.086063, 0.005518, -0.255648, 0.966754, -0.0, 0.0, 0.0, 0.0, 1.0],
                [0.999967, 0.007205, -0.003802, 0.0, -0.005993, 0.966731, 0.255723, 0.086063, 0.005518, -0.255692, 0.966743, -0.0, 0.0, 0.0, 0.0, 1.0],
                [0.999967, 0.007205, -0.003802, 0.0, -0.005993, 0.966719, 0.255769, 0.086063, 0.005518, -0.255738, 0.96673, -0.0, 0.0, 0.0, 0.0, 1.0],
                [0.999967, 0.007205, -0.003802, 0.0, -0.005993, 0.966706, 0.255818, 0.086063, 0.005518, -0.255787, 0.966717, -0.0, 0.0, 0.0, 0.0, 1.0],
                [0.999967, 0.007205, -0.003801, 0.0, -0.005993, 0.966693, 0.255868, 0.086063, 0.005518, -0.255837, 0.966704, -0.0, 0.0, 0.0, 0.0, 1.0],
                [0.999967, 0.007206, -0.003801, 0.0, -0.005993, 0.966679, 0.255921, 0.086063, 0.005518, -0.25589, 0.96669, -0.0, 0.0, 0.0, 0.0, 1.0],
                [0.999967, 0.007206, -0.0038, 0.0, -0.005993, 0.966665, 0.255976, 0.086063, 0.005518, -0.255945, 0.966676, -0.0, 0.0, 0.0, 0.0, 1.0],
