{
    "animation": [
        {
            "name": "Root",
            "time": [0.0, 0.0417, 0.0833, 0.125, 0.1667, 0.2083, 0.25, 0.2917, 0.3333, 0.375, 0.4167, 0.4583, 0.5, 0.5417, 0.5833, 0.625, 0.6667, 0.7083, 0.75, 0.7917, 0.8333, 0.875, 0.9167, 0.9583, 2.25],
            "transform": [
                [1.0, 0.0, 0.0, 0.0, 0.0, 1.0, 0.0, -0.309147, -0.0, 0.0, 1.0, 0.419691, 0.0, 0.0, 0.0, 1.0],
                [0.999998, 0.000985, 0.001899, 0.000927, -0.000966, 0.999947, -0.010255, -0.309195, -0.001909, 0.010253, 0.999946, 0.420802, 0.0, 0.0, 0.0, 1.0],
                [0.999972, 0.003419, 0.006607, 0.003413, -0.003187, 0.999392, -0.034727, -0.309321, -0.006721, 0.034705, 0.999375, 0.423667, 0.0, 0.0, 0.0, 1.0],
                [0.999899, 0.006492, 0.012657, 0.007012, -0.00567, 0.997937, -0.063947, -0.309492, -0.013046, 0.063869, 0.997873, 0.427585, 0.0, 0.0, 0.0, 1.0],
                [0.999783, 0.009248, 0.018663, 0.011278, -0.007563, 0.996054, -0.088427, -0.309679, -0.019407, 0.088266, 0.995908, 0.431854, 0.0, 0.0, 0.0, 1.0],
                [0.999672, 0.010559, 0.023332, 0.015768, -0.008206, 0.995081, -0.098722, -0.309851, -0.02426, 0.098498, 0.994842, 0.435772, 0.0, 0.0, 0.0, 1.0],
                [0.999602, 0.009607, 0.02653, 0.020036, -0.007223, 0.996045, -0.088556, -0.309976, -0.027276, 0.088329, 0.995718, 0.438637, 0.0, 0.0, 0.0, 1.0],
                [0.999441, 0.007154, 0.032644, 0.023638, -0.005046, 0.997924, -0.064208, -0.310025, -0.033036, 0.064007, 0.997402, 0.439748, 0.0, 0.0, 0.0, 1.0],
                [0.998873, 0.004154, 0.047277, 0.02718, -0.002498, 0.999383, -0.035037, -0.309797, -0.047393, 0.034879, 0.998267, 0.436027, 0.0, 0.0, 0.0, 1.0],
                [0.997084, 0.001386, 0.076294, 0.035481, -0.000592, 0.999945, -0.010428, -0.309374, -0.076304, 0.010352, 0.997031, 0.429115, 0.0, 0.0, 0.0, 1.0],
                [0.992033, 0.0, 0.125977, 0.054415, 0.0, 1.0, 0.0, -0.309147, -0.125977, 0.0, 0.992033, 0.425394, 0.0, 0.0, 0.0, 1.0],
                [0.979348, 0.0, 0.202182, 0.088253, 0.0, 1.0, 0.0, -0.309147, -0.202182, 0.0, 0.979348, 0.442651, 0.0, 0.0, 0.0, 1.0],
                [0.953057, 0.0, 0.302791, 0.134879, 0.0, 1.0, 0.0, -0.309147, -0.302791, 0.0, 0.953057, 0.483803, 0.0, 0.0, 0.0, 1.0],
                [0.907135, 0.0, 0.42084, 0.190577, 0.0, 1.0, 0.0, -0.309147, -0.42084, 0.0, 0.907135, 0.53292, 0.0, 0.0, 0.0, 1.0],
                [0.83717, 0.0, 0.546942, 0.251632, 0.0, 1.0, 0.0, -0.309147, -0.546942, 0.0, 0.83717, 0.574073, 0.0, 0.0, 0.0, 1.0],
                [0.742346, 0.0, 0.670017, 0.314328, 0.0, 1.0, 0.0, -0.309147, -0.670017, 0.0, 0.742346, 0.59133, 0.0, 0.0, 0.0, 1.0],
                [0.626654, 0.0, 0.779297, 0.375332, 0.0, 1.0, 0.0, -0.309147, -0.779297, 0.0, 0.626654, 0.570218, 0.0, 0.0, 0.0, 1.0],
                [0.498517, 0.0, 0.86688, 0.432834, 0.0, 1.0, 0.0, -0.309147, -0.86688, 0.0, 0.498517, 0.51456, 0.0, 0.0, 0.0, 1.0],
                [0.368799, 0.0, 0.929509, 0.485407, 0.0, 1.0, 0.0, -0.309147, -0.929509, 0.0, 0.368799, 0.43587, 0.0, 0.0, 0.0, 1.0],
                [0.248247, 0.0, 0.968697, 0.531623, 0.0, 1.0, 0.0, -0.309147, -0.968697, 0.0, 0.248247, 0.345665, 0.0, 0.0, 0.0, 1.0],
                [0.145639, 0.0, 0.989338, 0.570053, 0.0, 1.0, 0.0, -0.309147, -0.989338, 0.0, 0.145639, 0.25546, 0.0, 0.0, 0.0, 1.0],
                [0.067252, 0.0, 0.997736, 0.599272, 0.0, 1.0, 0.0, -0.309147, -0.997736, 0.0, 0.067252, 0.17677, 0.0, 0.0, 0.0, 1.0],
                [0.017474, 0.0, 0.999847, 0.61785, 0.0, 1.0, 0.0, -0.309147, -0.999847, 0.0, 0.017474, 0.121112, 0.0, 0.0, 0.0, 1.0],
                [-0.0, 0.0, 1.0, 0.624359, 0.0, 1.0, 0.0, -0.309147, -1.0, 0.0, -0.0, 0.1, 0.0, 0.0, 0.0, 1.0],
                [-0.0, 0.0, 1.0, 0.624359, 0.0, 1.0, 0.0, -0.309147, -1.0, 0.0, -0.0, 0.1, 0.0, 0.0, 0.0, 1.0]
            ]
        },
        {
            "name": "Torso",
            "time": [0.0, 0.0417, 0.0833, 0.125, 0.1667, 0.2083, 0.25, 0.2917, 0.3333, 0.375, 0.4167, 0.4583, 0.5, 0.5417, 0.5833, 0.625, 0.6667, 0.7083, 0.75, 0.7917, 0.8333, 0.875, 2.25],
            "transform": [
                [1.0, -0.0, 0.0, 0.0, 0.0, 0.996195, -0.087155, 0.086063, 0.0, 0.087155, 0.996195, 0.0, 0.0, 0.0, 0.0, 1.0],
                [0.996195, 0.087124, 0.002162, 0.0, -0.086176, 0.988448, -0.12468, 0.086063, -0.013, 0.124019, 0.992195, -0.0, 0.0, 0.0, 0.0, 1.0],
                [0.984808, 0.173648, 0.0, 0.0, -0.17101, 0.969846, -0.173648, 0.086063, -0.030154, 0.17101, 0.984808, -0.0, 0.0, 0.0, 0.0, 1.0],
                [0.986213, 0.165468, -0.002126, 0.0, -0.162715, 0.967302, -0.194553, 0.086063, -0.030136, 0.192216, 0.98089, -0.0, 0.0, 0.0, 0.0, 1.0],
                [0.989672, 0.143293, -0.00411, 0.0, -0.14091, 0.967146, -0.211595, 0.086063, -0.026345, 0.209989, 0.977349, 0.0, 0.0, 0.0, 0.0, 1.0],
                [0.993904, 0.110101, -0.005681, -0.0, -0.108545, 0.968236, -0.225248, 0.086063, -0.019299, 0.224491, 0.974285, -0.0, 0.0, 0.0, 0.0, 1.0],
                [0.9976, 0.068916, -0.006758, -0.0, -0.068563, 0.969349, -0.235926, 0.086063, -0.009708, 0.235823, 0.971747, -0.0, 0.0, 0.0, 0.0, 1.0],
                [0.999711, 0.022879, -0.007379, -0.0, -0.023989, 0.969476, -0.244009, 0.086063, 0.001571, 0.244116, 0.969745, 0.0, 0.0, 0.0, 0.0, 1.0],
                [0.999664, -0.024759, -0.00765, -0.0, 0.022064, 0.968032, -0.249856, 0.086063, 0.013591, 0.249603, 0.968253, 0.0, 0.0, 0.0, 0.0, 1.0],
                [0.997467, -0.070708, -0.007701, 0.0, 0.066445, 0.964965, -0.253824, 0.086063, 0.025378, 0.252669, 0.96722, -0.0, 0.0, 0.0, 0.0, 1.0],
                [0.993709, -0.11173, -0.00765, 0.0, 0.106053, 0.960769, -0.256274, 0.086063, 0.035984, 0.253851, 0.966574, 0.0, 0.0, 0.0, 0.0, 1.0],
                [0.989446, -0.144704, -0.007585, -0.0, 0.137892, 0.956369, -0.257573, 0.086063, 0.044526, 0.253809, 0.966229, 0.0, 0.0, 0.0, 0.0, 1.0],
                [0.985988, -0.166644, -0.007547, 0.0, 0.159082, 0.952935, -0.258087, 0.086063, 0.0502, 0.25327, 0.966092, -0.0, 0.0, 0.0, 0.0, 1.0],
                [0.984608, -0.174616, -0.007539, -0.0, 0.166784, 0.951592, -0.258178, 0.086063, 0.052256, 0.252947, 0.966068, 0.0, 0.0, 0.0, 0.0, 1.0],
                [0.984608, -0.174616, -0.007539, 0.0, 0.166784, 0.951592, -0.258178, 0.086063, 0.052256, 0.252947, 0.966068, 0.0, 0.0, 0.0, 0.0, 1.0],
                [0.984608, -0.174616, -0.007539, 0.0, 0.166784, 0.951592, -0.258178, 0.086063, 0.052256, 0.252947, 0.966068, -0.0, 0.0, 0.0, 0.0, 1.0],
                [0.984608, -0.174616, -0.007539, -0.0, 0.166784, 0.951592, -0.258178, 0.086063, 0.052256, 0.252947, 0.966068, 0.0, 0.0, 0.0, 0.0, 1.0],
                [0.984608, -0.174616, -0.007539, 0.0, 0.166784, 0.951592, -0.258178, 0.086063, 0.052256, 0.252947, 0.966068, -0.0, 0.0, 0.0, 0.0, 1.0],
                [0.984608, -0.174616, -0.007539, -0.0, 0.166784, 0.951592, -0.258178, 0.086063, 0.052256, 0.252947, 0.966068, 0.0, 0.0, 0.0, 0.0, 1.0],
                [0.991496, -0.12992, -0.007539, 0.0, 0.123588, 0.95816, -0.258178, 0.086063, 0.040766, 0.255051, 0.966068, 0.0, 0.0, 0.0, 0.0, 1.0],
                [0.998904, -0.046198, -0.007539, 0.0, 0.042689, 0.965154, -0.258178, 0.086063, 0.019204, 0.257573, 0.966068, -0.0, 0.0, 0.0, 0.0, 1.0],
                [0.999971, -0.000987, -0.007539, -0.0, -0.000992, 0.966097, -0.258178, 0.086063, 0.007538, 0.258178, 0.966068, 0.0, 0.0, 0.0, 0.0, 1.0],
                [0.999971, -0.000987, -0.007539, 0.0, -0.000992, 0.966097, -0.258178, 0.086063, 0.007538, 0.258178, 0.966068, 0.0, 0.0, 0.0, 0.0, 1.0]
            ]
        },
        {
            "name": "Chest",
            "time": [0.0, 0.0417, 0.0833, 0.125, 0.1667, 0.2083, 0.25, 0.2917, 0.3333, 0.375, 0.4167, 0.4583, 0.5, 0.5417, 0.5833, 0.625, 0.6667, 0.7083, 0.75, 0.7917, 0.8333, 0.875, 0.9167, 0.9583, 1.0, 2.25],
            "transform": [
                [1.0, 0.0, 0.0, -0.0, -0.0, 0.996195, 0.087155, 0.183738, 0.0, -0.087155, 0.996195, -0.0, 0.0, 0.0, 0.0, 1.0],
                [0.999714, 0.023887, 0.000853, -0.0, -0.023879, 0.996532, 0.079708, 0.183738, 0.001054, -0.079706, 0.996818, 0.0, 0.0, 0.0, 0.0, 1.0],
                [0.99707, 0.076466, 0.001951, -0.0, -0.076445, 0.995269, 0.059967, 0.183738, 0.002643, -0.05994, 0.998198, -0.0, 0.0, 0.0, 0.0, 1.0],
                [0.991657, 0.128896, 0.001418, 0.0, -0.128875, 0.991144, 0.032002, 0.183738, 0.002719, -0.031918, 0.999487, -0.0, 0.0, 0.0, 0.0, 1.0],
                [0.988287, 0.152605, -0.000932, 0.0, -0.152605, 0.988287, 3.1e-05, 0.183738, 0.000925, 0.000111, 1.0, 0.0, 0.0, 0.0, 0.0, 1.0],
                [0.991535, 0.129803, -0.003244, 0.0, -0.12984, 0.99102, -0.031942, 0.183738, -0.000932, 0.032093, 0.999484, -0.0, 0.0, 0.0, 0.0, 1.0],
                [0.997422, 0.071663, -0.003693, 0.0, -0.071755, 0.99562, -0.059936, 0.183738, -0.000618, 0.060047, 0.998195, -0.0, 0.0, 0.0, 0.0, 1.0],
                [0.999979, -0.006111, -0.002093, -0.0, 0.005925, 0.996799, -0.079732, 0.183738, 0.002573, 0.079718, 0.996814, 0.0, 0.0, 0.0, 0.0, 1.0],
                [0.996195, -0.087156, 0.0, -0.0, 0.086824, 0.992404, -0.087156, 0.183738, 0.007596, 0.086824, 0.996195, -0.0, 0.0, 0.0, 0.0, 1.0],
                [0.987537, -0.157387, 0.000831, 0.0, 0.156861, 0.983773, -0.08709, 0.183738, 0.012889, 0.086135, 0.9962, -0.0, 0.0, 0.0, 0.0, 1.0],
                [0.977371, -0.211531, 0.000737, 0.0, 0.21079, 0.973645, -0.087077, 0.183738, 0.017702, 0.085262, 0.996201, 0.0, 0.0, 0.0, 0.0, 1.0],
                [0.969162, -0.246425, 0.000276, 0.0, 0.245511, 0.965471, -0.087122, 0.183738, 0.021202, 0.084503, 0.996198, 0.0, 0.0, 0.0, 0.0, 1.0],
                [0.965926, -0.258819, 0.0, -0.0, 0.257834, 0.96225, -0.087156, 0.183738, 0.022558, 0.084186, 0.996195, -0.0, 0.0, 0.0, 0.0, 1.0],
                [0.967243, -0.253853, 0.0, 0.0, 0.252887, 0.963562, -0.087156, 0.183738, 0.022125, 0.084301, 0.996195, -0.0, 0.0, 0.0, 0.0, 1.0],
                [0.970753, -0.240082, 0.0, -0.0, 0.239169, 0.967058, -0.087156, 0.183738, 0.020925, 0.084607, 0.996195, -0.0, 0.0, 0.0, 0.0, 1.0],
                [0.975687, -0.219167, 0.0, -0.0, 0.218333, 0.971974, -0.087156, 0.183738, 0.019102, 0.085037, 0.996195, -0.0, 0.0, 0.0, 0.0, 1.0],
                [0.981242, -0.19278, 0.0, 0.0, 0.192047, 0.977508, -0.087156, 0.183738, 0.016802, 0.085521, 0.996195, -0.0, 0.0, 0.0, 0.0, 1.0],
                [0.986686, -0.162639, 0.0, 0.0, 0.162021, 0.982931, -0.087156, 0.183738, 0.014175, 0.085996, 0.996195, 0.0, 0.0, 0.0, 0.0, 1.0],
                [0.991445, -0.130526, -0.0, -0.0, 0.130029, 0.987672, -0.087156, 0.183738, 0.011376, 0.08641, 0.996195, 0.0, 0.0, 0.0, 0.0, 1.0],
                [0.995159, -0.098275, -0.0, -0.0, 0.097901, 0.991372, -0.087156, 0.183738, 0.008565, 0.086734, 0.996195, -0.0, 0.0, 0.0, 0.0, 1.0],
                [0.997702, -0.067753, 0.0, -0.0, 0.067495, 0.993906, -0.087156, 0.183738, 0.005905, 0.086956, 0.996195, -0.0, 0.0, 0.0, 0.0, 1.0],
                [0.999166, -0.040827, 0.0, -0.0, 0.040672, 0.995364, -0.087156, 0.183738, 0.003558, 0.087083, 0.996195, -0.0, 0.0, 0.0, 0.0, 1.0],
                [0.999813, -0.019348, 0.0, 0.0, 0.019274, 0.996008, -0.087156, 0.183738, 0.001686, 0.08714, 0.996195, -0.0, 0.0, 0.0, 0.0, 1.0],
                [0.999987, -0.005137, 0.0, -0.0, 0.005118, 0.996181, -0.087156, 0.183738, 0.000448, 0.087155, 0.996195, 0.0, 0.0, 0.0, 0.0, 1.0],
                [1.0, 0.0, 0.0, -0.0, -0.0, 0.996195, -0.087156, 0.183738, -0.0, 0.087156, 0.996195, 0.0, 0.0, 0.0, 0.0, 1.0],
                [1.0, 0.0, 0.0, -0.0, -0.0, 0.996195, -0.087156, 0.183738, -0.0, 0.087156, 0.996195, 0.0, 0.0, 0.0, 0.0, 1.0]
            ]
        },
        {
            "name": "Chest_Upper",
            "time": [0.0, 0.0417, 0.0833, 0.125, 0.1667, 0.2083, 0.25, 0.2917, 0.3333, 0.375, 0.4167, 0.4583, 0.5, 0.5417, 0.5833, 0.625, 0.6667, 0.7083, 0.75, 0.7917, 0.8333, 0.875, 0.9167, 2.25],
            "transform": [
                [1.0, -0.0, 0.0, -0.0, 0.0, 0.999483, -0.032164, 0.222961, 0.0, 0.032164, 0.999483, 0.0, 0.0, 0.0, 0.0, 1.0],
                [0.999957, 0.009272, 0.000126, -0.0, -0.009264, 0.999435, -0.032296, 0.222961, -0.000426, 0.032294, 0.999478, -0.0, 0.0, 0.0, 0.0, 1.0],
                [0.999431, 0.033713, 0.000443, 0.0, -0.03368, 0.99888, -0.033227, 0.222961, -0.001563, 0.033193, 0.999448, -0.0, 0.0, 0.0, 0.0, 1.0],
                [0.997669, 0.068233, 0.000812, -0.0, -0.06816, 0.997033, -0.035757, 0.222961, -0.003249, 0.035618, 0.99936, 0.0, 0.0, 0.0, 0.0, 1.0],
                [0.994182, 0.107707, 0.001018, -0.0, -0.107577, 0.993364, -0.040674, 0.222961, -0.005392, 0.040328, 0.999172, 0.0, 0.0, 0.0, 0.0, 1.0],
                [0.989131, 0.147038, 0.000795, 0.0, -0.146825, 0.987961, -0.048752, 0.222961, -0.007954, 0.048105, 0.998811, 0.0, 0.0, 0.0, 0.0, 1.0],
                [0.983439, 0.181241, -0.000115, 0.0, -0.180914, 0.981621, -0.060751, 0.222961, -0.010898, 0.059766, 0.998153, -0.0, 0.0, 0.0, 0.0, 1.0],
                [0.978658, 0.205489, -0.00187, 0.0, -0.205014, 0.97569, -0.077455, 0.222961, -0.014092, 0.076186, 0.996994, -0.0, 0.0, 0.0, 0.0, 1.0],
                [0.976601, 0.215015, -0.00439, -0.0, -0.214373, 0.971649, -0.099714, 0.222961, -0.017174, 0.098322, 0.995006, -0.0, 0.0, 0.0, 0.0, 1.0],
                [0.998706, 0.048337, -0.015777, -0.0, -0.050241, 0.985857, -0.159878, 0.222961, 0.007826, 0.160464, 0.987011, 0.0, 0.0, 0.0, 0.0, 1.0],
                [0.963975, -0.265691, -0.012678, -0.0, 0.254453, 0.93499, -0.247079, 0.222961, 0.0775, 0.234952, 0.968912, 0.0, 0.0, 0.0, 0.0, 1.0],
                [0.906308, -0.422618, -0.0, 0.0, 0.404489, 0.867429, -0.289753, 0.222961, 0.122455, 0.262605, 0.957102, 0.0, 0.0, 0.0, 0.0, 1.0],
                [0.909247, -0.416257, 0.000398, -0.0, 0.398285, 0.869711, -0.291501, 0.222961, 0.120993, 0.265205, 0.956571, -0.0, 0.0, 0.0, 0.0, 1.0],
                [0.917305, -0.398186, 0.00055, -0.0, 0.380945, 0.877183, -0.292286, 0.222961, 0.115902, 0.268324, 0.956331, -0.0, 0.0, 0.0, 0.0, 1.0],
                [0.929189, -0.369603, 0.000517, -0.0, 0.353598, 0.888543, -0.292336, 0.222961, 0.107589, 0.271819, 0.956316, 0.0, 0.0, 0.0, 0.0, 1.0],
                [0.943405, -0.331644, 0.000379, -0.0, 0.317307, 0.902288, -0.291879, 0.222961, 0.096458, 0.275481, 0.956455, 0.0, 0.0, 0.0, 0.0, 1.0],
                [0.958387, -0.285471, 0.000212, -0.0, 0.273164, 0.916852, -0.291141, 0.222961, 0.082919, 0.279084, 0.95668, -0.0, 0.0, 0.0, 0.0, 1.0],
                [0.972633, -0.232345, 7.4e-05, -0.0, 0.222357, 0.930727, -0.290354, 0.222961, 0.067394, 0.282424, 0.956919, 0.0, 0.0, 0.0, 0.0, 1.0],
                [0.984808, -0.173648, -0.0, -0.0, 0.166199, 0.942561, -0.289753, 0.222961, 0.050315, 0.285351, 0.957102, -0.0, 0.0, 0.0, 0.0, 1.0],
                [0.993686, -0.112196, -1.4e-05, -0.0, 0.107387, 0.951131, -0.289511, 0.222961, 0.032496, 0.287682, 0.957175, 0.0, 0.0, 0.0, 0.0, 1.0],
                [0.998415, -0.056277, -6e-06, -0.0, 0.053865, 0.95565, -0.289538, 0.222961, 0.0163, 0.289079, 0.957167, 0.0, 0.0, 0.0, 0.0, 1.0],
                [0.999877, -0.01566, -1e-06, -0.0, 0.014989, 0.957008, -0.289672, 0.222961, 0.004537, 0.289637, 0.957126, 0.0, 0.0, 0.0, 0.0, 1.0],
                [1.0, -0.0, -0.0, -0.0, 0.0, 0.957101, -0.289753, 0.222961, 0.0, 0.289753, 0.957102, 0.0, 0.0, 0.0, 0.0, 1.0],
                [1.0, -0.0, -0.0, -0.0, 0.0, 0.957102, -0.289753, 0.222961, 0.0, 0.289753, 0.957102, -0.0, 0.0, 0.0, 0.0, 1.0]
            ]
        },
        {
            "name": "Shoulder_FR",
            "time": [0.0, 0.0417, 0.0833, 0.125, 0.1667, 0.2083, 0.25, 0.2917, 0.3333, 0.375, 0.4167, 0.4583, 0.5, 0.5417, 0.5833, 0.625, 0.6667, 0.7083, 0.75, 0.7917, 0.8333, 0.875, 0.9167, 0.9583, 1.0, 1.0417, 1.0833, 1.125, 1.1667, 2.25],
            "transform": [
                [0.817589, 0.274825, 0.505984, 0.0, -0.33102, -0.494685, 0.803562, 0.222961, 0.471142, -0.824474, -0.313477, -0.0, 0.0, 0.0, 0.0, 1.0],
                [0.817953, 0.27374, 0.505984, -0.0, -0.331676, -0.494246, 0.803562, 0.222961, 0.470047, -0.825099, -0.313477, -0.0, 0.0, 0.0, 0.0, 1.0],
                [0.819002, 0.270584, 0.505984, -0.0, -0.333579, -0.492963, 0.803563, 0.222961, 0.466863, -0.826905, -0.313477, 0.0, 0.0, 0.0, 0.0, 1.0],
                [0.820663, 0.265503, 0.505984, -0.0, -0.336628, -0.490886, 0.803562, 0.222961, 0.461729, -0.829782, -0.313477, 0.0, 0.0, 0.0, 0.0, 1.0],
                [0.822852, 0.25864, 0.505984, 0.0, -0.340716, -0.488058, 0.803562, 0.222961, 0.454783, -0.83361, -0.313477, -0.0, 0.0, 0.0, 0.0, 1.0],
                [0.825477, 0.250135, 0.505984, -0.0, -0.345734, -0.484516, 0.803562, 0.222961, 0.446156, -0.838258, -0.313477, -0.0, 0.0, 0.0, 0.0, 1.0],
                [0.828443, 0.240128, 0.505984, 0.0, -0.351571, -0.480297, 0.803562, 0.222961, 0.435981, -0.843595, -0.313477, 0.0, 0.0, 0.0, 0.0, 1.0],
                [0.831654, 0.228762, 0.505984, 0.0, -0.358115, -0.475438, 0.803562, 0.222961, 0.424388, -0.849486, -0.313477, 0.0, 0.0, 0.0, 0.0, 1.0],
                [0.835014, 0.216178, 0.505984, -0.0, -0.365253, -0.469976, 0.803563, 0.222961, 0.411513, -0.855798, -0.313477, 0.0, 0.0, 0.0, 0.0, 1.0],
                [0.83843, 0.202522, 0.505984, 0.0, -0.372875, -0.463953, 0.803563, 0.222961, 0.397491, -0.8624, -0.313477, 0.0, 0.0, 0.0, 0.0, 1.0],
                [0.841794, 0.18805, 0.505984, -0.0, -0.38081, -0.457461, 0.803562, 0.222961, 0.382578, -0.869118, -0.313477, 0.0, 0.0, 0.0, 0.0, 1.0],
                [0.844918, 0.173474, 0.505984, 0.0, -0.38866, -0.450811, 0.803562, 0.222961, 0.3675, -0.8756, -0.313477, -0.0, 0.0, 0.0, 0.0, 1.0],
                [0.847643, 0.159631, 0.505984, 0.0, -0.395981, -0.444394, 0.803562, 0.222961, 0.35313, -0.881494, -0.313477, 0.0, 0.0, 0.0, 0.0, 1.0],
                [0.84986, 0.147373, 0.505984, -0.0, -0.402358, -0.438629, 0.803562, 0.222961, 0.340363, -0.886502, -0.313477, 0.0, 0.0, 0.0, 0.0, 1.0],
                [0.851504, 0.137556, 0.505984, -0.0, -0.407393, -0.433957, 0.803563, 0.222961, 0.33011, -0.890371, -0.313477, 0.0, 0.0, 0.0, 0.0, 1.0],
                [0.852531, 0.131038, 0.505984, 0.0, -0.4107, -0.430828, 0.803562, 0.222961, 0.32329, -0.89287, -0.313477, -0.0, 0.0, 0.0, 0.0, 1.0],
                [0.852891, 0.128677, 0.505984, -0.0, -0.411892, -0.429689, 0.803562, 0.222961, 0.320816, -0.893761, -0.313477, 0.0, 0.0, 0.0, 0.0, 1.0],
                [0.852444, 0.131602, 0.505984, 0.0, -0.410416, -0.431099, 0.803562, 0.222961, 0.323879, -0.892656, -0.313477, 0.0, 0.0, 0.0, 0.0, 1.0],
                [0.851158, 0.139681, 0.505984, 0.0, -0.406308, -0.434973, 0.803563, 0.222961, 0.332332, -0.889544, -0.313477, 0.0, 0.0, 0.0, 0.0, 1.0],
                [0.849068, 0.151868, 0.505984, -0.0, -0.400031, -0.440752, 0.803562, 0.222961, 0.345049, -0.884688, -0.313477, -0.0, 0.0, 0.0, 0.0, 1.0],
                [0.846201, 0.167107, 0.505984, 0.0, -0.392043, -0.447873, 0.803563, 0.222961, 0.360898, -0.878342, -0.313477, 0.0, 0.0, 0.0, 0.0, 1.0],
                [0.842614, 0.184343, 0.505984, 0.0, -0.382821, -0.45578, 0.803562, 0.222961, 0.378748, -0.870794, -0.313477, -0.0, 0.0, 0.0, 0.0, 1.0],
                [0.83843, 0.202522, 0.505984, -0.0, -0.372875, -0.463953, 0.803562, 0.222961, 0.397491, -0.862399, -0.313477, -0.0, 0.0, 0.0, 0.0, 1.0],
                [0.833854, 0.220606, 0.505984, -0.0, -0.362754, -0.471908, 0.803562, 0.222961, 0.416048, -0.853602, -0.313477, -0.0, 0.0, 0.0, 0.0, 1.0],
                [0.829179, 0.237578, 0.505984, -0.0, -0.353047, -0.479213, 0.803562, 0.222961, 0.433383, -0.844933, -0.313477, -0.0, 0.0, 0.0, 0.0, 1.0],
                [0.824774, 0.252446, 0.505984, -0.0, -0.344375, -0.485482, 0.803562, 0.222961, 0.448502, -0.837005, -0.313477, -0.0, 0.0, 0.0, 0.0, 1.0],
                [0.82107, 0.264243, 0.505984, -0.0, -0.337381, -0.490369, 0.803562, 0.222961, 0.460454, -0.83049, -0.313477, -0.0, 0.0, 0.0, 0.0, 1.0],
                [0.818527, 0.272019, 0.505984, -0.0, -0.332714, -0.493547, 0.803562, 0.222961, 0.468311, -0.826085, -0.313477, -0.0, 0.0, 0.0, 0.0, 1.0],
                [0.817589, 0.274825, 0.505984, -0.0, -0.331019, -0.494685, 0.803562, 0.222961, 0.471142, -0.824474, -0.313477, -0.0, 0.0, 0.0, 0.0, 1.0],
                [0.817589, 0.274825, 0.505984, -0.0, -0.331019, -0.494685, 0.803562, 0.222961, 0.471142, -0.824474, -0.313477, -0.0, 0.0, 0.0, 0.0, 1.0]
            ]
        },
        {
            "name": "Thigh_FR",
            "time": [0.0, 0.0417, 0.0833, 0.125, 0.1667, 0.2083, 0.25, 0.2917, 0.3333, 0.375, 0.4167, 0.4583, 2.25],
            "transform": [
                [0.858919, -0.498199, 0.118556, -0.0, 0.503244, 0.778222, -0.375654, 0.238613, 0.094887, 0.382319, 0.919145, 0.0, 0.0, 0.0, 0.0, 1.0],
                [0.865608, -0.486484, 0.118556, 0.0, 0.492625, 0.784987, -0.375654, 0.238613, 0.089685, 0.383573, 0.919146, 0.0, 0.0, 0.0, 0.0, 1.0],
                [0.882782, -0.454578, 0.118556, 0.0, 0.463656, 0.802438, -0.375654, 0.238613, 0.07563, 0.38659, 0.919146, 0.0, 0.0, 0.0, 0.0, 1.0],
                [0.905626, -0.407168, 0.118556, -0.0, 0.42049, 0.825877, -0.375654, 0.238613, 0.055041, 0.390054, 0.919145, 0.0, 0.0, 0.0, 0.0, 1.0],
                [0.92947, -0.349327, 0.118556, -0.0, 0.367645, 0.850718, -0.375654, 0.238613, 0.030368, 0.392746, 0.919146, 0.0, 0.0, 0.0, 0.0, 1.0],
                [0.950594, -0.286905, 0.118556, -0.0, 0.310406, 0.873231, -0.375654, 0.238613, 0.00425, 0.393895, 0.919145, -0.0, 0.0, 0.0, 0.0, 1.0],
                [0.966778, -0.226462, 0.118556, 0.0, 0.254789, 0.891048, -0.375654, 0.238613, -0.020568, 0.393381, 0.919145, -0.0, 0.0, 0.0, 0.0, 1.0],
                [0.977421, -0.174907, 0.118556, 0.0, 0.207208, 0.903299, -0.375654, 0.238613, -0.041387, 0.391738, 0.919145, -0.0, 0.0, 0.0, 0.0, 1.0],
                [0.983154, -0.139114, 0.118556, 0.0, 0.174099, 0.91026, -0.375654, 0.238613, -0.055658, 0.389966, 0.919146, 0.0, 0.0, 0.0, 0.0, 1.0],
                [0.984954, -0.125739, 0.118556, -0.0, 0.161711, 0.912542, -0.375654, 0.238613, -0.060953, 0.389174, 0.919146, 0.0, 0.0, 0.0, 0.0, 1.0],
                [0.925769, -0.35902, 0.118556, 0.0, 0.376514, 0.84683, -0.375654, 0.238613, 0.03447, 0.392407, 0.919145, -0.0, 0.0, 0.0, 0.0, 1.0],
                [0.81223, -0.571163, 0.118556, 0.0, 0.569155, 0.7314, -0.375654, 0.238613, 0.127848, 0.372594, 0.919146, -0.0, 0.0, 0.0, 0.0, 1.0],
                [0.81223, -0.571163, 0.118556, -0.0, 0.569155, 0.7314, -0.375654, 0.238613, 0.127848, 0.372594, 0.919146, 0.0, 0.0, 0.0, 0.0, 1.0]
            ]
        },
        {
            "name": "Leg_FR",
            "time": [0.0, 0.0417, 0.0833, 0.125, 0.1667, 0.2083, 0.25, 0.2917, 0.3333, 0.375, 0.4167, 0.4583, 0.5, 0.5417, 0.5833, 0.625, 0.6667, 0.7083, 0.75, 0.7917, 0.8333, 0.875, 0.9167, 0.9583, 1.0, 1.0417, 1.0833, 1.125, 1.1667, 2.25],
            "transform": [
                [0.996803, 0.079664, 0.006193, -0.0, -0.079664, 0.984808, 0.154297, 0.131153, 0.006193, -0.154297, 0.988005, 0.0, 0.0, 0.0, 0.0, 1.0],
                [0.996729, 0.080552, 0.006575, 0.0, -0.080599, 0.984707, 0.154454, 0.131153, 0.005967, -0.154479, 0.987978, -0.0, 0.0, 0.0, 0.0, 1.0],
                [0.996509, 0.083129, 0.007685, 0.0, -0.083314, 0.98441, 0.154906, 0.131153, 0.005312, -0.155006, 0.987899, 0.0, 0.0, 0.0, 0.0, 1.0],
                [0.99614, 0.087263, 0.00947, 0.0, -0.087672, 0.983918, 0.155626, 0.131153, 0.004263, -0.155855, 0.987771, 0.0, 0.0, 0.0, 0.0, 1.0],
                [0.995612, 0.092823, 0.011876, -0.0, -0.093536, 0.983226, 0.156581, 0.131153, 0.002857, -0.157005, 0.987594, -0.0, 0.0, 0.0, 0.0, 1.0],
                [0.994909, 0.099675, 0.014853, -0.0, -0.10077, 0.982325, 0.157741, 0.131153, 0.001132, -0.158435, 0.987369, -0.0, 0.0, 0.0, 0.0, 1.0],
                [0.994016, 0.107687, 0.018349, 0.0, -0.109235, 0.981205, 0.159071, 0.131153, -0.000874, -0.160124, 0.987097, 0.0, 0.0, 0.0, 0.0, 1.0],
                [0.992914, 0.116723, 0.022312, 0.0, -0.118795, 0.979855, 0.160538, 0.131153, -0.003124, -0.162051, 0.986778, -0.0, 0.0, 0.0, 0.0, 1.0],
                [0.991589, 0.126648, 0.026689, 0.0, -0.129309, 0.978264, 0.162107, 0.131153, -0.005578, -0.164194, 0.986412, -0.0, 0.0, 0.0, 0.0, 1.0],
                [0.990027, 0.137327, 0.031427, 0.0, -0.140638, 0.976426, 0.163747, 0.131153, -0.008199, -0.166534, 0.986002, -0.0, 0.0, 0.0, 0.0, 1.0],
                [0.988221, 0.148624, 0.036472, 0.0, -0.152642, 0.974338, 0.165426, 0.131153, -0.01095, -0.169045, 0.985547, -0.0, 0.0, 0.0, 0.0, 1.0],
                [0.986167, 0.160404, 0.041769, -0.0, -0.165178, 0.972002, 0.167116, 0.131153, -0.013793, -0.171704, 0.985052, -0.0, 0.0, 0.0, 0.0, 1.0],
                [0.98387, 0.172531, 0.04726, 0.0, -0.178106, 0.969427, 0.16879, 0.131153, -0.016694, -0.174485, 0.984518, 0.0, 0.0, 0.0, 0.0, 1.0],
                [0.981339, 0.18487, 0.052889, 0.0, -0.191283, 0.966626, 0.170424, 0.131153, -0.019617, -0.17736, 0.98395, -0.0, 0.0, 0.0, 0.0, 1.0],
                [0.978593, 0.197288, 0.058596, 0.0, -0.204569, 0.963623, 0.171997, 0.131153, -0.022531, -0.180302, 0.983353, 0.0, 0.0, 0.0, 0.0, 1.0],
                [0.975658, 0.209655, 0.064321, -0.0, -0.217823, 0.960444, 0.173492, 0.131153, -0.025404, -0.183279, 0.982733, 0.0, 0.0, 0.0, 0.0, 1.0],
                [0.972567, 0.22184, 0.070005, 0.0, -0.230908, 0.957128, 0.174893, 0.131153, -0.028205, -0.18626, 0.982096, 0.0, 0.0, 0.0, 0.0, 1.0],
                [0.969362, 0.233718, 0.075586, 0.0, -0.243684, 0.953717, 0.17619, 0.131153, -0.030909, -0.18921, 0.98145, 0.0, 0.0, 0.0, 0.0, 1.0],
                [0.966092, 0.245163, 0.081002, -0.0, -0.256018, 0.95026, 0.177374, 0.131153, -0.033487, -0.192097, 0.980804, -0.0, 0.0, 0.0, 0.0, 1.0],
                [0.962812, 0.256056, 0.086192, -0.0, -0.267775, 0.946813, 0.178441, 0.131153, -0.035917, -0.194885, 0.980168, 0.0, 0.0, 0.0, 0.0, 1.0],
                [0.959582, 0.266277, 0.091095, 0.0, -0.278827, 0.943438, 0.179387, 0.131153, -0.038175, -0.197537, 0.979552, -0.0, 0.0, 0.0, 0.0, 1.0],
                [0.95647, 0.275712, 0.095647, 0.0, -0.289043, 0.9402, 0.180214, 0.131153, -0.040241, -0.200015, 0.978966, 0.0, 0.0, 0.0, 0.0, 1.0],
                [0.953544, 0.284246, 0.09979, 0.0, -0.298299, 0.937169, 0.180922, 0.131153, -0.042093, -0.202284, 0.978422, -0.0, 0.0, 0.0, 0.0, 1.0],
                [0.950876, 0.291771, 0.10346, -0.0, -0.306469, 0.934414, 0.181515, 0.131153, -0.043714, -0.204305, 0.977931, 0.0, 0.0, 0.0, 0.0, 1.0],
                [0.94854, 0.298175, 0.106597, -0.0, -0.313431, 0.932008, 0.181996, 0.131153, -0.045083, -0.206041, 0.977504, -0.0, 0.0, 0.0, 0.0, 1.0],
                [0.946608, 0.303349, 0.109142, 0.0, -0.319061, 0.930023, 0.182368, 0.131153, -0.046183, -0.207454, 0.977154, 0.0, 0.0, 0.0, 0.0, 1.0],
                [0.94515, 0.307184, 0.111034, -0.0, -0.323237, 0.928527, 0.182635, 0.131153, -0.046995, -0.208508, 0.976891, -0.0, 0.0, 0.0, 0.0, 1.0],
                [0.944233, 0.309569, 0.112213, -0.0, -0.325835, 0.927586, 0.182797, 0.131153, -0.047498, -0.209166, 0.976726, -0.0, 0.0, 0.0, 0.0, 1.0],
                [0.943915, 0.31039, 0.112619, -0.0, -0.32673, 0.927261, 0.182852, 0.131153, -0.047671, -0.209393, 0.976669, -0.0, 0.0, 0.0, 0.0, 1.0],
                [0.943915, 0.31039, 0.112619, -0.0, -0.32673, 0.927261, 0.182852, 0.131153, -0.047671, -0.209393, 0.976669, -0.0, 0.0, 0.0, 0.0, 1.0]
            ]
        },
        {
            "name": "Shoulder_FL",
            "time": [0.0, 0.0417, 0.0833, 0.125, 0.1667, 0.2083, 0.25, 0.2917, 0.3333, 0.375, 0.4167, 0.4583, 0.5, 0.5417, 0.5833, 0.625, 0.6667, 0.7083, 0.75, 2.25],
            "transform": [
                [0.817589, -0.274825, -0.505984, 0.0, 0.331019, -0.494685, 0.803563, 0.222961, -0.471141, -0.824474, -0.313477, -0.0, 0.0, 0.0, 0.0, 1.0],
                [0.819218, -0.269932, -0.505984, -0.0, 0.333971, -0.492697, 0.803563, 0.222961, -0.466204, -0.827276, -0.313477, -0.0, 0.0, 0.0, 0.0, 1.0],
                [0.823439, -0.256766, -0.505984, -0.0, 0.341825, -0.487281, 0.803563, 0.222961, -0.452884, -0.834643, -0.313477, 0.0, 0.0, 0.0, 0.0, 1.0],
                [0.829179, -0.237578, -0.505983, -0.0, 0.353047, -0.479213, 0.803563, 0.222961, -0.433382, -0.844933, -0.313477, 0.0, 0.0, 0.0, 0.0, 1.0],
                [0.835407, -0.214651, -0.505983, 0.0, 0.366111, -0.469308, 0.803563, 0.222961, -0.409948, -0.856548, -0.313477, -0.0, 0.0, 0.0, 0.0, 1.0],
                [0.841278, -0.190349, -0.505984, -0.0, 0.379559, -0.4585, 0.803563, 0.222961, -0.38495, -0.86807, -0.313477, -0.0, 0.0, 0.0, 0.0, 1.0],
                [0.846201, -0.167107, -0.505983, 0.0, 0.392043, -0.447873, 0.803563, 0.222961, -0.360897, -0.878342, -0.313477, 0.0, 0.0, 0.0, 0.0, 1.0],
                [0.849853, -0.147414, -0.505984, 0.0, 0.402336, -0.438649, 0.803563, 0.222961, -0.340406, -0.886485, -0.313477, 0.0, 0.0, 0.0, 0.0, 1.0],
                [0.852106, -0.133773, -0.505984, -0.0, 0.409315, -0.432144, 0.803563, 0.222961, -0.326153, -0.891828, -0.313477, 0.0, 0.0, 0.0, 0.0, 1.0],
                [0.852891, -0.128677, -0.505983, 0.0, 0.411891, -0.429689, 0.803563, 0.222961, -0.320815, -0.893762, -0.313477, 0.0, 0.0, 0.0, 0.0, 1.0],
                [0.852106, -0.133773, -0.505984, -0.0, 0.409315, -0.432144, 0.803563, 0.222961, -0.326153, -0.891827, -0.313477, 0.0, 0.0, 0.0, 0.0, 1.0],
                [0.849853, -0.147414, -0.505983, 0.0, 0.402336, -0.438649, 0.803563, 0.222961, -0.340406, -0.886485, -0.313477, -0.0, 0.0, 0.0, 0.0, 1.0],
                [0.846201, -0.167107, -0.505984, 0.0, 0.392043, -0.447873, 0.803563, 0.222961, -0.360897, -0.878342, -0.313477, 0.0, 0.0, 0.0, 0.0, 1.0],
                [0.841277, -0.190349, -0.505984, -0.0, 0.379559, -0.4585, 0.803563, 0.222961, -0.38495, -0.86807, -0.313477, 0.0, 0.0, 0.0, 0.0, 1.0],
                [0.835407, -0.214651, -0.505984, -0.0, 0.366111, -0.469308, 0.803563, 0.222961, -0.409948, -0.856548, -0.313477, 0.0, 0.0, 0.0, 0.0, 1.0],
                [0.829179, -0.237578, -0.505983, 0.0, 0.353047, -0.479213, 0.803563, 0.222961, -0.433382, -0.844933, -0.313477, -0.0, 0.0, 0.0, 0.0, 1.0],
                [0.823439, -0.256766, -0.505983, -0.0, 0.341825, -0.487281, 0.803563, 0.222961, -0.452884, -0.834643, -0.313477, 0.0, 0.0, 0.0, 0.0, 1.0],
                [0.819218, -0.269932, -0.505983, 0.0, 0.333971, -0.492697, 0.803563, 0.222961, -0.466204, -0.827276, -0.313477, 0.0, 0.0, 0.0, 0.0, 1.0],
                [0.817589, -0.274825, -0.505984, 0.0, 0.331019, -0.494685, 0.803563, 0.222961, -0.471141, -0.824474, -0.313477, 0.0, 0.0, 0.0, 0.0, 1.0],
                [0.817589, -0.274825, -0.505984, -0.0, 0.331019, -0.494685, 0.803563, 0.222961, -0.471141, -0.824474, -0.313477, -0.0, 0.0, 0.0, 0.0, 1.0]
            ]
        },
        {
            "name": "Thigh_FL",
            "time": [0.0, 0.0417, 0.0833, 0.125, 0.1667, 0.2083, 0.25, 0.2917, 0.3333, 0.375, 0.4167, 0.4583, 0.5, 0.5417, 0.5833, 0.625, 0.6667, 0.7083, 0.75, 0.7917, 0.8333, 0.875, 0.9167, 0.9583, 1.0, 1.0417, 1.0833, 1.125, 1.1667, 2.25],
            "transform": [
                [0.817219, 0.540762, -0.199324, -0.0, -0.561304, 0.668347, -0.488109, 0.238613, -0.130733, 0.510773, 0.849718, 0.0, 0.0, 0.0, 0.0, 1.0],
                [0.815681, 0.543084, -0.199309, -0.0, -0.563197, 0.66676, -0.488099, 0.238613, -0.132187, 0.510383, 0.849727, 0.0, 0.0, 0.0, 0.0, 1.0],
                [0.811523, 0.549291, -0.199271, 0.0, -0.568253, 0.662474, -0.488075, 0.238613, -0.136083, 0.50932, 0.849749, -0.0, 0.0, 0.0, 0.0, 1.0],
                [0.805407, 0.558239, -0.199221, 0.0, -0.575531, 0.656184, -0.488044, 0.238613, -0.141719, 0.507732, 0.849779, -0.0, 0.0, 0.0, 0.0, 1.0],
                [0.798002, 0.568792, -0.199171, 0.0, -0.584099, 0.648592, -0.488014, 0.238613, -0.148397, 0.505772, 0.849808, -0.0, 0.0, 0.0, 0.0, 1.0],
                [0.790013, 0.579851, -0.199132, 0.0, -0.593061, 0.640425, -0.487991, 0.238613, -0.155433, 0.503616, 0.84983, 0.0, 0.0, 0.0, 0.0, 1.0],
                [0.782194, 0.59036, -0.199115, -0.0, -0.601563, 0.632451, -0.487983, 0.238613, -0.162155, 0.501478, 0.849839, 0.0, 0.0, 0.0, 0.0, 1.0],
                [0.775355, 0.599308, -0.199133, 0.0, -0.608796, 0.625483, -0.487995, 0.238613, -0.167905, 0.499601, 0.849827, 0.0, 0.0, 0.0, 0.0, 1.0],
                [0.77035, 0.605707, -0.199199, 0.0, -0.613976, 0.620367, -0.488035, 0.238613, -0.17203, 0.498261, 0.849789, 0.0, 0.0, 0.0, 0.0, 1.0],
                [0.768062, 0.608565, -0.199324, -0.0, -0.616321, 0.61798, -0.488109, 0.238613, -0.173867, 0.497745, 0.849717, 0.0, 0.0, 0.0, 0.0, 1.0],
                [0.93026, 0.307698, -0.199846, 0.0, -0.366822, 0.791322, -0.489134, 0.238613, 0.007637, 0.52833, 0.849005, 0.0, 0.0, 0.0, 0.0, 1.0],
                [0.979595, -0.025771, -0.199324, 0.0, -0.076445, 0.869429, -0.488109, 0.238613, 0.185877, 0.493386, 0.849718, -0.0, 0.0, 0.0, 0.0, 1.0],
                [0.980002, -0.018367, -0.198141, -0.0, -0.081544, 0.87122, -0.484073, 0.238613, 0.181515, 0.49055, 0.852299, 0.0, 0.0, 0.0, 0.0, 1.0],
                [0.980458, 0.001198, -0.196724, 0.0, -0.097454, 0.871621, -0.480395, 0.238613, 0.170893, 0.490178, 0.854705, 0.0, 0.0, 0.0, 0.0, 1.0],
                [0.980293, 0.031404, -0.195038, 0.0, -0.122799, 0.870235, -0.477086, 0.238613, 0.154747, 0.491634, 0.856941, 0.0, 0.0, 0.0, 0.0, 1.0],
                [0.978633, 0.0707, -0.193075, 0.0, -0.156146, 0.866479, -0.474166, 0.238613, 0.133772, 0.494182, 0.859004, 0.0, 0.0, 0.0, 0.0, 1.0],
                [0.974569, 0.117437, -0.190851, 0.0, -0.195964, 0.859733, -0.471653, 0.238613, 0.108692, 0.497059, 0.860883, 0.0, 0.0, 0.0, 0.0, 1.0],
                [0.967295, 0.169835, -0.188405, 0.0, -0.240609, 0.84948, -0.469565, 0.238613, 0.080298, 0.499539, 0.862562, 0.0, 0.0, 0.0, 0.0, 1.0],
                [0.956249, 0.225981, -0.185796, -0.0, -0.288339, 0.835418, -0.467908, 0.238613, 0.04948, 0.501009, 0.864027, 0.0, 0.0, 0.0, 0.0, 1.0],
                [0.941215, 0.283881, -0.1831, 0.0, -0.337369, 0.817554, -0.466678, 0.238613, 0.017214, 0.501017, 0.865266, 0.0, 0.0, 0.0, 0.0, 1.0],
                [0.922392, 0.341537, -0.180402, 0.0, -0.385945, 0.796259, -0.465853, 0.238613, -0.015459, 0.499324, 0.866277, -0.0, 0.0, 0.0, 0.0, 1.0],
                [0.900414, 0.397045, -0.17779, 0.0, -0.432435, 0.772275, -0.465394, 0.238613, -0.04748, 0.49593, 0.867064, 0.0, 0.0, 0.0, 0.0, 1.0],
                [0.876317, 0.448689, -0.175348, 0.0, -0.475408, 0.746683, -0.465244, 0.238613, -0.07782, 0.491063, 0.867641, 0.0, 0.0, 0.0, 0.0, 1.0],
                [0.851466, 0.494999, -0.173152, -0.0, -0.513683, 0.720829, -0.465334, 0.238613, -0.105527, 0.485161, 0.868034, 0.0, 0.0, 0.0, 0.0, 1.0],
                [0.82745, 0.534785, -0.171264, 0.0, -0.546344, 0.696232, -0.465585, 0.238613, -0.129748, 0.478818, 0.868273, -0.0, 0.0, 0.0, 0.0, 1.0],
                [0.805973, 0.567095, -0.169736, 0.0, -0.572702, 0.67449, -0.465915, 0.238613, -0.149733, 0.472723, 0.868397, -0.0, 0.0, 0.0, 0.0, 1.0],
                [0.788742, 0.59115, -0.168605, 0.0, -0.592218, 0.657189, -0.46624, 0.238613, -0.164812, 0.467594, 0.868443, -0.0, 0.0, 0.0, 0.0, 1.0],
                [0.777375, 0.606215, -0.167904, 0.0, -0.604392, 0.645835, -0.466484, 0.238613, -0.174351, 0.464112, 0.868448, -0.0, 0.0, 0.0, 0.0, 1.0],
                [0.773308, 0.61146, -0.167663, 0.0, -0.608622, 0.641782, -0.466578, 0.238613, -0.177691, 0.462852, 0.868443, -0.0, 0.0, 0.0, 0.0, 1.0],
                [0.773308, 0.61146, -0.167663, 0.0, -0.608622, 0.641782, -0.466578, 0.238613, -0.177691, 0.462852, 0.868443, -0.0, 0.0, 0.0, 0.0, 1.0]
            ]
        },
        {
            "name": "Leg_FL",
            "time": [0.0, 0.0417, 0.0833, 0.125, 0.1667, 0.2083, 0.25, 0.2917, 0.3333, 0.375, 0.4167, 0.4583, 0.5, 0.5417, 0.5833, 0.625, 0.6667, 0.7083, 0.75, 0.7917, 0.8333, 0.875, 0.9167, 0.9583, 1.0, 1.0417, 1.0833, 1.125, 1.1667, 2.25],
            "transform": [
                [0.992829, -0.118737, -0.01389, -0.0, 0.118737, 0.965926, 0.229977, 0.131153, -0.01389, -0.229977, 0.973097, 0.0, 0.0, 0.0, 0.0, 1.0],
                [0.992934, -0.11793, -0.013199, 0.0, 0.117799, 0.966141, 0.229552, 0.131153, -0.014319, -0.229485, 0.973207, -0.0, 0.0, 0.0, 0.0, 1.0],
                [0.993235, -0.115584, -0.011195, 0.0, 0.115077, 0.966763, 0.228314, 0.131153, -0.015566, -0.228057, 0.973523, -0.0, 0.0, 0.0, 0.0, 1.0],
                [0.993698, -0.11181, -0.007985, 0.0, 0.110708, 0.967743, 0.226314, 0.131153, -0.017577, -0.225771, 0.974022, -0.0, 0.0, 0.0, 0.0, 1.0],
                [0.994283, -0.106714, -0.003675, -0.0, 0.10483, 0.969028, 0.223597, 0.131153, -0.0203, -0.222704, 0.974675, 0.0, 0.0, 0.0, 0.0, 1.0],
                [0.994946, -0.100402, 0.001625, 0.0, 0.097581, 0.97056, 0.220207, 0.131153, -0.023686, -0.218936, 0.975452, 0.0, 0.0, 0.0, 0.0, 1.0],
                [0.995638, -0.092978, 0.007803, 0.0, 0.089102, 0.972278, 0.216184, 0.131153, -0.027687, -0.214546, 0.976321, -0.0, 0.0, 0.0, 0.0, 1.0],
                [0.99631, -0.084547, 0.014747, 0.0, 0.079533, 0.974122, 0.211569, 0.131153, -0.032253, -0.209616, 0.977252, 0.0, 0.0, 0.0, 0.0, 1.0],
                [0.996917, -0.075217, 0.022345, 0.0, 0.069014, 0.97603, 0.206405, 0.131153, -0.037334, -0.204227, 0.978211, -0.0, 0.0, 0.0, 0.0, 1.0],
                [0.997413, -0.065096, 0.030484, -0.0, 0.05769, 0.977945, 0.200739, 0.131153, -0.042879, -0.198461, 0.97917, -0.0, 0.0, 0.0, 0.0, 1.0],
                [0.997761, -0.054298, 0.039054, 0.0, 0.045704, 0.979814, 0.194618, 0.131153, -0.048833, -0.192398, 0.980101, 0.0, 0.0, 0.0, 0.0, 1.0],
                [0.997927, -0.042939, 0.047943, -0.0, 0.033199, 0.981589, 0.188098, 0.131153, -0.055137, -0.186116, 0.980979, -0.0, 0.0, 0.0, 0.0, 1.0],
                [0.997886, -0.031138, 0.057043, 0.0, 0.020321, 0.983229, 0.181238, 0.131153, -0.061729, -0.179696, 0.981784, -0.0, 0.0, 0.0, 0.0, 1.0],
                [0.997622, -0.01902, 0.066247, 0.0, 0.007212, 0.984701, 0.174102, 0.131153, -0.068545, -0.17321, 0.982497, -0.0, 0.0, 0.0, 0.0, 1.0],
                [0.997127, -0.00671, 0.075454, -0.0, -0.005984, 0.985979, 0.166761, 0.131153, -0.075515, -0.166733, 0.983106, -0.0, 0.0, 0.0, 0.0, 1.0],
                [0.996402, 0.00566, 0.084562, 0.0, -0.019126, 0.987047, 0.159291, 0.131153, -0.082565, -0.160335, 0.983603, -0.0, 0.0, 0.0, 0.0, 1.0],
                [0.995459, 0.01796, 0.093478, -0.0, -0.032075, 0.987895, 0.151773, 0.131153, -0.089621, -0.154083, 0.983985, -0.0, 0.0, 0.0, 0.0, 1.0],
                [0.994319, 0.030053, 0.10211, -0.0, -0.044696, 0.988525, 0.144295, 0.131153, -0.096602, -0.148039, 0.984252, -0.0, 0.0, 0.0, 0.0, 1.0],
                [0.993011, 0.041805, 0.110372, 0.0, -0.056855, 0.988946, 0.136945, 0.131153, -0.103427, -0.142263, 0.98441, 0.0, 0.0, 0.0, 0.0, 1.0],
                [0.991572, 0.053078, 0.118182, 0.0, -0.068423, 0.989174, 0.12982, 0.131153, -0.110012, -0.136813, 0.984469, -0.0, 0.0, 0.0, 0.0, 1.0],
                [0.990049, 0.063737, 0.125463, -0.0, -0.079273, 0.989233, 0.123018, 0.131153, -0.116271, -0.131739, 0.984442, -0.0, 0.0, 0.0, 0.0, 1.0],
                [0.988492, 0.073643, 0.13214, 0.0, -0.089284, 0.989153, 0.116637, 0.131153, -0.122118, -0.127093, 0.984345, -0.0, 0.0, 0.0, 0.0, 1.0],
                [0.986956, 0.082661, 0.138145, -0.0, -0.098336, 0.988968, 0.11078, 0.131153, -0.127464, -0.12292, 0.984197, -0.0, 0.0, 0.0, 0.0, 1.0],
                [0.985502, 0.090657, 0.14341, 0.0, -0.106312, 0.988715, 0.10555, 0.131153, -0.132223, -0.119266, 0.984019, -0.0, 0.0, 0.0, 0.0, 1.0],
                [0.98419, 0.097495, 0.14787, 0.0, -0.113097, 0.988432, 0.101049, 0.131153, -0.136307, -0.116175, 0.983831, -0.0, 0.0, 0.0, 0.0, 1.0],
                [0.983078, 0.103042, 0.151458, -0.0, -0.118577, 0.988158, 0.097378, 0.131153, -0.13963, -0.113689, 0.983655, -0.0, 0.0, 0.0, 0.0, 1.0],
